0.27972,0.34411,0.8935
0.28402,0.33648,0.90624
0.2888,0.3315,0.92807
0.28821,0.31792,0.91816
0.29783,0.32224,0.95516
0.30176,0.30771,0.96319
0.29675,0.29494,0.94681
0.29979,0.28282,0.95527
0.2952,0.26618,0.94133
0.29391,0.25766,0.94674
0.29421,0.24362,0.93413
0.29113,0.22977,0.93838
0.28155,0.21428,0.9046
0.29012,0.20525,0.92632
0.29012,0.19814,0.93629
0.28539,0.17986,0.91103
0.28374,0.17124,0.91884
0.28171,0.15424,0.90388
0.27588,0.14389,0.89344
0.2831,0.13434,0.90594
0.2844,0.12429,0.91045
0.29845,0.1179,0.95821
0.31816,0.11502,1.023
0.33074,0.10406,1.0511
0.28186,0.079482,0.89407
0.18593,0.0436,0.59172
0.16569,0.033747,0.53101
0.16073,0.02528,0.51378
0.15749,0.019563,0.50572
0.15602,0.01215,0.49825
0.1543,0.0069142,0.49108
0.15316,-0.00018997,0.4898
0.15211,-0.0052702,0.48971
0.15155,-0.012137,0.48782
0.15027,-0.017155,0.47932
0.14936,-0.023964,0.47832
0.14892,-0.028795,0.47824
0,0,-1
0,0,-1
0,0,-1
0,0,-1
0,0,-1
0,0,-1
0,0,-1
0,0,-1
0,0,-1
0,0,-1
0,0,-1
0,0,-1
0,0,-1
0,0,-1
0,0,-1
0,0,-1
0,0,-1
0,0,-1
0,0,-1
0,0,-1
0,0,-1
0.14413,-0.15304,0.45801
0.14471,-0.16075,0.46257
0.14512,-0.16526,0.46409
0.14619,-0.17379,0.4661
0.14611,-0.17842,0.46698
0.14824,-0.18776,0.47351
0.28407,0.35921,0.94487
0.28554,0.34912,0.949
0.28928,0.3419,0.95715
0.29186,0.3323,0.96398
0.29271,0.32494,0.97178
0.29385,0.31239,0.98395
0.29413,0.30344,0.98059
0.29521,0.29053,0.98419
0.29476,0.28015,0.98592
0.29105,0.26254,0.97005
0.29124,0.25308,0.96868
0.28454,0.23336,0.94915
0.2837,0.22267,0.94956
0.28202,0.20904,0.94509
0.28258,0.19879,0.94335
0.28436,0.18665,0.94929
0.28486,0.17628,0.94746
0.27768,0.15965,0.93046
0.27811,0.1503,0.9319
0.28232,0.13798,0.93817
0.28869,0.1328,0.964
0.30704,0.12668,1.034
0.31138,0.11678,1.0463
0.30721,0.1009,1.0279
0.19902,0.058674,0.66755
0.16725,0.0412,0.55849
0.15777,0.033196,0.52379
0.15324,0.025044,0.51067
0.15037,0.019416,0.50407
0.14875,0.012111,0.49729
0.14788,0.0068915,0.49173
0.14674,-0.00018106,0.48928
0.14616,-0.0052295,0.48818
0.14537,-0.01217,0.48328
0.14467,-0.017091,0.48022
0.14384,-0.023879,0.4796
0,0,-1
0,0,-1
0,0,-1
0,0,-1
0,0,-1
0,0,-1
0,0,-1
0,0,-1
0,0,-1
0,0,-1
0,0,-1
0,0,-1
0,0,-1
0,0,-1
0,0,-1
0,0,-1
0,0,-1
0,0,-1
0,0,-1
0,0,-1
0,0,-1
0,0,-1
0,0,-1
0,0,-1
0.13902,-0.16557,0.46259
0.1397,-0.17245,0.46351
0.14049,-0.17862,0.46603
0.1411,-0.18679,0.46882
0.27805,0.36672,0.95476
0.28312,0.36002,0.9852
0.2867,0.35536,0.99501
0.28815,0.34409,1.0016
0.29163,0.34052,1.025
0.29446,0.32775,1.0348
0.29826,0.32006,1.0319
0.29935,0.30644,1.0345
0.29333,0.29082,1.0166
0.28794,0.27152,0.99535
0.2872,0.26089,0.99535
0.28539,0.24264,0.99052
0.28063,0.2301,0.9768
0.28041,0.21547,0.96995
0.27952,0.20528,0.9662
0.28006,0.19077,0.96374
0.27836,0.18046,0.96469
0.279,0.16703,0.96692
0.28153,0.15781,0.98357
0.28411,0.14679,0.98831
0.29886,0.14346,1.0422
0.31197,0.13282,1.0839
0.30618,0.12124,1.08
0.28927,0.099077,1.0161
0.16753,0.051053,0.58427
0.15584,0.039959,0.54246
0.14848,0.032727,0.51567
0.14575,0.025019,0.50746
0.14417,0.019377,0.49962
0.14301,0.012071,0.49708
0.14161,0.0068477,0.49085
0.14029,-0.00017292,0.48772
0.14019,-0.0052322,0.48721
0.13937,-0.012122,0.48274
0.13868,-0.017061,0.48107
0,0,-1
0,0,-1
0,0,-1
0,0,-1
0,0,-1
0,0,-1
0,0,-1
0,0,-1
0,0,-1
0,0,-1
0,0,-1
0,0,-1
0,0,-1
0,0,-1
0,0,-1
0,0,-1
0,0,-1
0,0,-1
0,0,-1
0,0,-1
0,0,-1
0,0,-1
0,0,-1
0,0,-1
0,0,-1
0,0,-1
0.13323,-0.17247,0.46285
0.13437,-0.17828,0.46415
0.13486,-0.18555,0.46604
0.27214,0.37332,0.98909
0.27778,0.37061,1.0049
0.28272,0.36545,1.027
0.28745,0.35781,1.0422
0.29088,0.35227,1.0503
0.2921,0.33865,1.0561
0.29284,0.32856,1.059
0.29195,0.31421,1.0656
0.29176,0.29977,1.0541
0.28494,0.28013,1.0333
0.28387,0.26958,1.0334
0.28245,0.25116,1.0242
0.28107,0.24072,1.0215
0.27992,0.22604,1.0157
0.27828,0.21383,1.0103
0.27901,0.1999,1.0129
0.28039,0.19103,1.0209
0.2843,0.17762,1.0386
0.28614,0.1676,1.0422
0.29138,0.15504,1.0467
0.30382,0.15051,1.1046
0.30177,0.13414,1.0964
0.29415,0.12163,1.0834
0.23988,0.085473,0.87405
0.15441,0.048975,0.56362
0.14695,0.039299,0.53502
0.14129,0.032655,0.51272
0.14003,0.025018,0.50862
0.13807,0.019389,0.50104
0.13661,0.012079,0.49744
0.13517,0.0068607,0.49024
0.13446,-0.00016549,0.48881
0.13397,-0.0052072,0.48561
0.13382,-0.012148,0.48312
0,0,-1
0,0,-1
0,0,-1
0,0,-1
0,0,-1
0,0,-1
0,0,-1
0,0,-1
0,0,-1
0,0,-1
0,0,-1
0,0,-1
0,0,-1
0,0,-1
0,0,-1
0,0,-1
0,0,-1
0,0,-1
0,0,-1
0,0,-1
0,0,-1
0,0,-1
0,0,-1
0,0,-1
0,0,-1
0,0,-1
0,0,-1
0,0,-1
0.12824,-0.1774,0.46313
0.12885,-0.18505,0.46435
0.27095,0.39391,1.0348
0.27353,0.38156,1.0394
0.27756,0.37802,1.0569
0.28255,0.36565,1.0703
0.28338,0.35575,1.0698
0.2845,0.34336,1.0741
0.28301,0.33321,1.0718
0.28626,0.31977,1.0809
0.287,0.30939,1.0837
0.2872,0.29549,1.0901
0.28585,0.28352,1.0875
0.28376,0.26505,1.0749
0.28138,0.25269,1.0772
0.28136,0.23563,1.0669
0.28099,0.2241,1.0661
0.28058,0.20899,1.0658
0.27638,0.19644,1.0578
0.28175,0.18361,1.0702
0.2837,0.17449,1.0847
0.29513,0.16327,1.1066
0.29926,0.15625,1.1455
0.29879,0.13983,1.1306
0.27412,0.1163,1.0488
0.18762,0.069674,0.71235
0.14416,0.048225,0.54611
0.13902,0.038978,0.52658
0.13485,0.032469,0.51365
0.13365,0.02494,0.50874
0.13173,0.019393,0.49997
0.1306,0.012123,0.49629
0.12956,0.0068779,0.49104
0.12882,-0.00015806,0.48827
0.1284,-0.0052154,0.4866
0.12787,-0.012137,0.48319
0,0,-1
0,0,-1
0,0,-1
0,0,-1
0,0,-1
0,0,-1
0,0,-1
0,0,-1
0,0,-1
0,0,-1
0,0,-1
0,0,-1
0,0,-1
0,0,-1
0,0,-1
0,0,-1
0,0,-1
0,0,-1
0,0,-1
0,0,-1
0,0,-1
0,0,-1
0,0,-1
0,0,-1
0,0,-1
0,0,-1
0,0,-1
0,0,-1
0,0,-1
0.1235,-0.18512,0.46795
0.26789,0.41472,1.0706
0.27208,0.40166,1.0869
0.27474,0.39294,1.0904
0.27545,0.37893,1.0963
0.27671,0.36868,1.1001
0.27954,0.35442,1.1084
0.28163,0.34536,1.1126
0.28268,0.33069,1.1168
0.28322,0.31997,1.1244
0.28281,0.30337,1.1204
0.2835,0.29233,1.1187
0.27654,0.27193,1.1031
0.27611,0.25938,1.0995
0.27692,0.2444,1.1027
0.27574,0.23187,1.0991
0.27785,0.2178,1.1055
0.27698,0.20576,1.1075
0.27901,0.19136,1.1152
0.28288,0.18331,1.1361
0.29074,0.17147,1.1597
0.29114,0.15909,1.1524
0.28864,0.14178,1.1508
0.25425,0.11441,1.0141
0.16051,0.062438,0.63724
0.13682,0.047825,0.54418
0.13175,0.038922,0.51921
0.12863,0.032569,0.51446
0.12775,0.02486,0.50686
0.12577,0.019378,0.49874
0.12493,0.012114,0.49622
0.12334,0.0069028,0.49228
0.12289,-0.00015131,0.48922
0.12262,-0.0052205,0.48748
0.12182,-0.012159,0.48376
0,0,-1
0,0,-1
0,0,-1
0,0,-1
0,0,-1
0,0,-1
0,0,-1
0,0,-1
0,0,-1
0,0,-1
0,0,-1
0,0,-1
0,0,-1
0,0,-1
0,0,-1
0,0,-1
0,0,-1
0,0,-1
0,0,-1
0,0,-1
0,0,-1
0,0,-1
0,0,-1
0,0,-1
0,0,-1
0,0,-1
0,0,-1
0,0,-1
0,0,-1
0,0,-1
0.26631,0.4285,1.1109
0.2675,0.4126,1.1159
0.2658,0.39873,1.1189
0.26693,0.38452,1.1237
0.26914,0.37748,1.1295
0.27136,0.36535,1.1421
0.27548,0.35464,1.1556
0.27712,0.34279,1.1634
0.27784,0.33168,1.1616
0.27762,0.31378,1.1543
0.27263,0.29771,1.14
0.27318,0.27984,1.142
0.26515,0.26202,1.1164
0.26523,0.24689,1.1118
0.26986,0.2367,1.1292
0.27059,0.22312,1.1322
0.27237,0.21223,1.1343
0.27511,0.19753,1.1402
0.27982,0.19093,1.1771
0.28178,0.17445,1.179
0.2784,0.16012,1.1676
0.27458,0.14104,1.154
0.22047,0.10417,0.93514
0.14404,0.059181,0.60141
0.12946,0.047521,0.53839
0.12402,0.038584,0.52066
0.12272,0.032607,0.51173
0.12132,0.024935,0.5073
0.12002,0.01941,0.50014
0.11922,0.012169,0.49762
0.11802,0.0069369,0.49366
0.11727,-0.00014489,0.4906
0.11696,-0.0052035,0.48803
0,0,-1
0,0,-1
0,0,-1
0,0,-1
0,0,-1
0,0,-1
0,0,-1
0,0,-1
0,0,-1
0,0,-1
0,0,-1
0,0,-1
0,0,-1
0,0,-1
0,0,-1
0,0,-1
0,0,-1
0,0,-1
0,0,-1
0,0,-1
0,0,-1
0,0,-1
0,0,-1
0,0,-1
0,0,-1
0,0,-1
0,0,-1
0,0,-1
0,0,-1
0,0,-1
0,0,-1
0.26262,0.44444,1.1596
0.26665,0.42986,1.1648
0.26749,0.41757,1.1669
0.26574,0.40207,1.1643
0.26608,0.38994,1.1678
0.26761,0.37603,1.1752
0.26862,0.36639,1.1794
0.26963,0.35084,1.183
0.26774,0.33813,1.1823
0.2684,0.31987,1.1757
0.26513,0.30359,1.1666
0.26355,0.28455,1.158
0.26311,0.27292,1.1588
0.26186,0.25436,1.1514
0.26083,0.24299,1.1535
0.2631,0.22878,1.156
0.26465,0.21753,1.1587
0.26771,0.20516,1.1812
0.27484,0.19383,1.2011
0.27262,0.1771,1.1952
0.26953,0.16353,1.1838
0.26131,0.14111,1.1571
0.18326,0.091208,0.81505
0.13363,0.058068,0.59363
0.12208,0.047284,0.53853
0.11803,0.038484,0.52383
0.11672,0.032699,0.51264
0.11511,0.024965,0.50789
0.11422,0.019466,0.50167
0.11346,0.012193,0.49895
0.11202,0.0069616,0.49358
0.11144,-0.00013841,0.49191
0.11119,-0.0052106,0.48797
0,0,-1
0,0,-1
0,0,-1
0,0,-1
0,0,-1
0,0,-1
0,0,-1
0,0,-1
0,0,-1
0,0,-1
0,0,-1
0,0,-1
0,0,-1
0,0,-1
0,0,-1
0,0,-1
0,0,-1
0,0,-1
0,0,-1
0,0,-1
0,0,-1
0,0,-1
0,0,-1
0,0,-1
0,0,-1
0,0,-1
0,0,-1
0,0,-1
0,0,-1
0,0,-1
0,0,-1
0.26055,0.46422,1.211
0.26171,0.44899,1.2198
0.26236,0.4372,1.2237
0.26381,0.42164,1.2289
0.26316,0.41032,1.2347
0.26565,0.39441,1.2397
0.26496,0.38219,1.2388
0.26472,0.36321,1.239
0.2631,0.34914,1.2255
0.26208,0.3305,1.2227
0.25977,0.31484,1.2096
0.25666,0.29357,1.1969
0.25637,0.28106,1.199
0.25698,0.26468,1.2026
0.25504,0.25115,1.1926
0.25573,0.23408,1.1955
0.25651,0.2225,1.1977
0.26142,0.21045,1.221
0.26211,0.19813,1.223
0.26175,0.17818,1.2112
0.25744,0.16456,1.1876
0.24794,0.14031,1.1582
0.16196,0.084145,0.75299
0.12476,0.056907,0.57921
0.11542,0.047357,0.53578
0.11189,0.038794,0.52516
0.11045,0.032546,0.51387
0.10907,0.024942,0.50834
0.10799,0.019521,0.50295
0.10725,0.012227,0.49849
0.10658,0.0069891,0.49494
0.1057,-0.00013257,0.4932
0,0,-1
0,0,-1
0,0,-1
0,0,-1
0,0,-1
0,0,-1
0,0,-1
0,0,-1
0,0,-1
0,0,-1
0,0,-1
0,0,-1
0,0,-1
0,0,-1
0,0,-1
0,0,-1
0,0,-1
0,0,-1
0,0,-1
0,0,-1
0,0,-1
0,0,-1
0,0,-1
0,0,-1
0,0,-1
0,0,-1
0,0,-1
0,0,-1
0,0,-1
0,0,-1
0,0,-1
0,0,-1
0.25771,0.48637,1.2776
0.25855,0.46981,1.2789
0.25898,0.45805,1.2801
0.25881,0.44152,1.2856
0.25944,0.42896,1.2817
0.25977,0.41234,1.2747
0.25934,0.39373,1.2779
0.25692,0.37388,1.2651
0.25636,0.3596,1.2654
0.25362,0.33857,1.2584
0.25266,0.32489,1.2492
0.25182,0.30447,1.241
0.25111,0.29189,1.2394
0.25012,0.27505,1.2381
0.2505,0.26276,1.2389
0.25117,0.24448,1.2423
0.25158,0.23099,1.2367
0.2537,0.21382,1.2456
0.25114,0.20093,1.2417
0.24971,0.1821,1.2352
0.24328,0.16434,1.1956
0.23489,0.14065,1.166
0.14335,0.079973,0.70473
0.11667,0.056266,0.57356
0.10769,0.046755,0.53605
0.10582,0.038713,0.52425
0.1041,0.032618,0.51356
0.10303,0.025006,0.50692
0.10188,0.019573,0.50395
0.10136,0.012217,0.50093
0.10096,0.0069932,0.49699
0.099869,-0.0001269,0.49372
0,0,-1
0,0,-1
0,0,-1
0,0,-1
0,0,-1
0,0,-1
0,0,-1
0,0,-1
0,0,-1
0,0,-1
0,0,-1
0,0,-1
0,0,-1
0,0,-1
0,0,-1
0,0,-1
0,0,-1
0,0,-1
0,0,-1
0,0,-1
0,0,-1
0,0,-1
0,0,-1
0,0,-1
0,0,-1
0,0,-1
0,0,-1
0,0,-1
0,0,-1
0,0,-1
0,0,-1
0,0,-1
0.24756,0.49934,1.3029
0.24867,0.48298,1.3089
0.24994,0.47059,1.3111
0.25101,0.45503,1.3195
0.25109,0.44161,1.3208
0.25146,0.42172,1.3184
0.25077,0.40864,1.3209
0.25172,0.38777,1.3091
0.25027,0.3721,1.3113
0.2476,0.35394,1.3015
0.2472,0.34077,1.3044
0.24679,0.31732,1.2868
0.2444,0.30195,1.278
0.2437,0.28162,1.2724
0.24329,0.26797,1.2737
0.24225,0.25048,1.2722
0.24043,0.23422,1.2641
0.24044,0.21581,1.2553
0.23923,0.20138,1.2444
0.23401,0.18091,1.231
0.22694,0.1646,1.1931
0.2213,0.14097,1.1574
0.1316,0.077143,0.69581
0.10867,0.056306,0.57165
0.10131,0.046865,0.532
0.099679,0.038805,0.52417
0.097801,0.032642,0.51421
0.097028,0.025068,0.50808
0.095989,0.019606,0.50478
0.095496,0.01225,0.50143
0.095125,0.0070078,0.4987
0.094064,-0.0001219,0.49598
0,0,-1
0,0,-1
0,0,-1
0,0,-1
0,0,-1
0,0,-1
0,0,-1
0,0,-1
0,0,-1
0,0,-1
0,0,-1
0,0,-1
0,0,-1
0,0,-1
0,0,-1
0,0,-1
0,0,-1
0,0,-1
0,0,-1
0,0,-1
0,0,-1
0,0,-1
0,0,-1
0,0,-1
0,0,-1
0,0,-1
0,0,-1
0,0,-1
0,0,-1
0,0,-1
0,0,-1
0,0,-1
0.23645,0.5099,1.3202
0.23893,0.49363,1.3396
0.24058,0.48281,1.3512
0.24226,0.46895,1.3596
0.24529,0.45789,1.3734
0.24628,0.44017,1.3791
0.24461,0.4251,1.3737
0.24523,0.40709,1.3779
0.24492,0.39142,1.3775
0.24423,0.37146,1.3733
0.24311,0.3556,1.3623
0.23839,0.33176,1.3426
0.23573,0.31306,1.3304
0.23503,0.29236,1.3151
0.23407,0.27578,1.3071
0.22945,0.25382,1.286
0.2277,0.23832,1.2772
0.22558,0.21727,1.2646
0.22444,0.2011,1.2455
0.21766,0.1813,1.2187
0.21292,0.16446,1.1872
0.20368,0.14122,1.1447
0.11383,0.071902,0.63653
0.10185,0.056117,0.56912
0.09505,0.046919,0.53314
0.093368,0.038675,0.52657
0.091734,0.032577,0.51532
0.091034,0.025076,0.51021
0.089883,0.019652,0.50587
0.089597,0.012323,0.50252
0.088887,0.0070234,0.49978
0.088282,-0.00011731,0.49705
0,0,-1
0,0,-1
0,0,-1
0,0,-1
0,0,-1
0,0,-1
0,0,-1
0,0,-1
0,0,-1
0,0,-1
0,0,-1
0,0,-1
0,0,-1
0,0,-1
0,0,-1
0,0,-1
0,0,-1
0,0,-1
0,0,-1
0,0,-1
0,0,-1
0,0,-1
0,0,-1
0,0,-1
0,0,-1
0,0,-1
0,0,-1
0,0,-1
0,0,-1
0,0,-1
0,0,-1
0,0,-1
0.22371,0.51923,1.3544
0.22611,0.50318,1.3607
0.22913,0.49406,1.375
0.23248,0.48012,1.397
0.2332,0.46834,1.4034
0.23509,0.45111,1.4092
0.23481,0.43696,1.411
0.23477,0.41595,1.415
0.23216,0.39818,1.3951
0.23098,0.377,1.3932
0.2286,0.35886,1.3793
0.22882,0.33822,1.3742
0.22637,0.31918,1.3621
0.22381,0.29889,1.3513
0.22041,0.28114,1.3272
0.21915,0.25834,1.3132
0.21464,0.24142,1.291
0.20929,0.21829,1.2616
0.20834,0.20123,1.248
0.20324,0.18112,1.2211
0.19882,0.16479,1.1895
0.19019,0.14117,1.1462
0.10629,0.072048,0.6378
0.094215,0.055974,0.56875
0.088929,0.04737,0.5347
0.087326,0.038756,0.52635
0.085576,0.032646,0.51601
0.085004,0.025128,0.51168
0.084181,0.019689,0.50689
0.083842,0.012368,0.50327
0.083,0.0070464,0.50139
0.08261,-0.00011272,0.49835
0,0,-1
0,0,-1
0,0,-1
0,0,-1
0,0,-1
0,0,-1
0,0,-1
0,0,-1
0,0,-1
0,0,-1
0,0,-1
0,0,-1
0,0,-1
0,0,-1
0,0,-1
0,0,-1
0,0,-1
0,0,-1
0,0,-1
0,0,-1
0,0,-1
0,0,-1
0,0,-1
0,0,-1
0,0,-1
0,0,-1
0,0,-1
0,0,-1
0,0,-1
0,0,-1
0,0,-1
0,0,-1
0.21423,0.53267,1.388
0.2152,0.51525,1.3944
0.2192,0.5084,1.4198
0.22109,0.49126,1.4277
0.22176,0.4772,1.4321
0.22137,0.46046,1.438
0.22172,0.44523,1.4405
0.22228,0.42569,1.4389
0.21947,0.40598,1.429
0.21937,0.38706,1.4265
0.21792,0.3667,1.4062
0.21573,0.34536,1.4039
0.21297,0.32535,1.3798
0.20815,0.29961,1.354
0.20527,0.28314,1.3455
0.20505,0.25939,1.3291
0.19932,0.24185,1.2933
0.19373,0.21869,1.2574
0.19103,0.20018,1.2375
0.18768,0.17983,1.2209
0.18463,0.16494,1.1917
0.17662,0.14032,1.1483
0.10213,0.075495,0.67133
0.086059,0.054949,0.55944
0.082771,0.047798,0.53632
0.081809,0.039216,0.52979
0.07947,0.03271,0.5168
0.078879,0.02518,0.51276
0.078094,0.019652,0.50525
0.077872,0.012391,0.50422
0.077177,0.0070597,0.50086
0.076853,-0.00010843,0.49929
0,0,-1
0,0,-1
0,0,-1
0,0,-1
0,0,-1
0,0,-1
0,0,-1
0,0,-1
0,0,-1
0,0,-1
0,0,-1
0,0,-1
0,0,-1
0,0,-1
0,0,-1
0,0,-1
0,0,-1
0,0,-1
0,0,-1
0,0,-1
0,0,-1
0,0,-1
0,0,-1
0,0,-1
0,0,-1
0,0,-1
0,0,-1
0,0,-1
0,0,-1
0,0,-1
0,0,-1
0,0,-1
0.20207,0.54647,1.4327
0.20305,0.53156,1.4393
0.20648,0.52223,1.4551
0.20745,0.5048,1.4619
0.20829,0.49013,1.4664
0.20995,0.47255,1.4725
0.20973,0.45864,1.4787
0.21047,0.43923,1.4845
0.20688,0.41572,1.4674
0.20534,0.39159,1.4453
0.2055,0.37733,1.4402
0.20195,0.35111,1.4268
0.19758,0.32729,1.3922
0.19455,0.30169,1.3776
0.19083,0.28444,1.3434
0.18921,0.25982,1.3313
0.18087,0.23839,1.2758
0.17599,0.21297,1.2376
0.17281,0.19822,1.2204
0.1713,0.17742,1.2077
0.16282,0.15785,1.1483
0.14587,0.12586,1.026
0.10223,0.079984,0.71474
0.079412,0.055045,0.56041
0.076379,0.047882,0.53725
0.075574,0.039508,0.53098
0.073371,0.032941,0.5177
0.072787,0.025204,0.51366
0.072441,0.019768,0.50988
0.071858,0.012402,0.5051
0.071217,0.0071077,0.50322
0.071015,-0.0001048,0.4998
0,0,-1
0,0,-1
0,0,-1
0,0,-1
0,0,-1
0,0,-1
0,0,-1
0,0,-1
0,0,-1
0,0,-1
0,0,-1
0,0,-1
0,0,-1
0,0,-1
0,0,-1
0,0,-1
0,0,-1
0,0,-1
0,0,-1
0,0,-1
0,0,-1
0,0,-1
0,0,-1
0,0,-1
0,0,-1
0,0,-1
0,0,-1
0,0,-1
0,0,-1
0,0,-1
0,0,-1
0,0,-1
0.19316,0.57169,1.4835
0.19483,0.55438,1.5003
0.1965,0.54305,1.5133
0.19756,0.52503,1.5238
0.19862,0.5126,1.5324
0.19993,0.49278,1.5395
0.2,0.4779,1.5433
0.20006,0.4553,1.5424
0.19917,0.4392,1.5346
0.19776,0.41305,1.5195
0.19365,0.39046,1.5007
0.18916,0.36068,1.4686
0.1852,0.33766,1.4323
0.1815,0.3089,1.3946
0.17513,0.28715,1.3526
0.1733,0.26022,1.3334
0.16105,0.23136,1.2501
0.14724,0.19638,1.132
0.14551,0.17866,1.1165
0.14257,0.16088,1.0946
0.13956,0.14699,1.0668
0.1336,0.12606,1.0276
0.09948,0.08628,0.77363
0.075656,0.057128,0.58355
0.069969,0.047698,0.53842
0.069263,0.039574,0.53373
0.067326,0.033065,0.51854
0.06678,0.0253,0.51613
0.066259,0.019871,0.5114
0.065814,0.012425,0.5062
0.065302,0.0071147,0.50338
0.06506,-0.00010113,0.50058
0,0,-1
0,0,-1
0,0,-1
0,0,-1
0,0,-1
0,0,-1
0,0,-1
0,0,-1
0,0,-1
0,0,-1
0,0,-1
0,0,-1
0,0,-1
0,0,-1
0,0,-1
0,0,-1
0,0,-1
0,0,-1
0,0,-1
0,0,-1
0,0,-1
0,0,-1
0,0,-1
0,0,-1
0,0,-1
0,0,-1
0,0,-1
0,0,-1
0,0,-1
0,0,-1
0,0,-1
0,0,-1
0.18327,0.59594,1.552
0.18409,0.5773,1.5593
0.18476,0.56394,1.5712
0.18578,0.54504,1.5801
0.18611,0.5297,1.583
0.18704,0.50896,1.5902
0.18703,0.49304,1.5894
0.18675,0.4705,1.5931
0.18573,0.45164,1.5816
0.18443,0.4256,1.5723
0.18245,0.40382,1.5486
0.18046,0.37654,1.5314
0.17835,0.35682,1.5124
0.17328,0.32745,1.4816
0.16773,0.30126,1.4303
0.15909,0.26673,1.3511
0.14543,0.22959,1.2519
0.13335,0.19626,1.1322
0.12955,0.17892,1.1124
0.12839,0.15829,1.0792
0.12514,0.1459,1.0593
0.12128,0.12624,1.0291
0.10409,0.10158,0.89915
0.070523,0.059421,0.59945
0.063516,0.047769,0.53921
0.062833,0.039395,0.53452
0.061293,0.033304,0.5216
0.061027,0.025435,0.51788
0.06033,0.019902,0.51252
0.059927,0.012478,0.5086
0.059442,0.0071466,0.50522
0.05922,-9.7818e-05,0.50135
0,0,-1
0,0,-1
0,0,-1
0,0,-1
0,0,-1
0,0,-1
0,0,-1
0,0,-1
0,0,-1
0,0,-1
0,0,-1
0,0,-1
0,0,-1
0,0,-1
0,0,-1
0,0,-1
0,0,-1
0,0,-1
0,0,-1
0,0,-1
0,0,-1
0,0,-1
0,0,-1
0,0,-1
0,0,-1
0,0,-1
0,0,-1
0,0,-1
0,0,-1
0,0,-1
0,0,-1
0,0,-1
0.16575,0.60067,1.5656
0.16577,0.57937,1.5696
0.16629,0.56573,1.5751
0.16735,0.54651,1.5848
0.16755,0.53107,1.5872
0.16823,0.51079,1.5939
0.16845,0.49457,1.5968
0.16884,0.47313,1.5969
0.16816,0.45511,1.597
0.16725,0.42959,1.5852
0.16591,0.40988,1.572
0.16347,0.38346,1.5528
0.16191,0.36203,1.5369
0.1603,0.33668,1.519
0.15593,0.31323,1.4833
0.15104,0.28204,1.4361
0.13597,0.23918,1.282
0.12404,0.2029,1.1762
0.11963,0.18361,1.1342
0.11658,0.1637,1.1116
0.11546,0.14761,1.0821
0.11245,0.13113,1.0599
0.10487,0.113,1.0116
0.067355,0.063037,0.63986
0.059423,0.049565,0.56292
0.05646,0.039449,0.53608
0.055229,0.03335,0.52407
0.054827,0.025544,0.51931
0.054242,0.01994,0.51494
0.053817,0.01255,0.51135
0.053395,0.0071659,0.50653
0.05324,-9.478e-05,0.50485
0,0,-1
0,0,-1
0,0,-1
0,0,-1
0,0,-1
0,0,-1
0,0,-1
0,0,-1
0,0,-1
0,0,-1
0,0,-1
0,0,-1
0,0,-1
0,0,-1
0,0,-1
0,0,-1
0,0,-1
0,0,-1
0,0,-1
0,0,-1
0,0,-1
0,0,-1
0,0,-1
0,0,-1
0,0,-1
0,0,-1
0,0,-1
0,0,-1
0,0,-1
0,0,-1
0,0,-1
0,0,-1
0.14647,0.60161,1.5624
0.1472,0.58164,1.5745
0.14767,0.56643,1.5803
0.14864,0.54755,1.5876
0.14874,0.53165,1.5914
0.1492,0.51133,1.5965
0.1494,0.49527,1.5992
0.14961,0.47314,1.5986
0.14903,0.4556,1.5987
0.14832,0.43037,1.5892
0.1471,0.41047,1.573
0.14484,0.38387,1.5546
0.14346,0.36243,1.5386
0.14234,0.33705,1.521
0.13894,0.31381,1.4883
0.13457,0.28436,1.4457
0.12155,0.24236,1.303
0.11052,0.20342,1.1865
0.106,0.18524,1.1366
0.10399,0.16477,1.1129
0.1023,0.14915,1.0883
0.099744,0.13129,1.0639
0.095067,0.11557,1.0343
0.06869,0.072074,0.73529
0.053025,0.050124,0.56923
0.050711,0.040585,0.54195
0.049561,0.033655,0.52565
0.048782,0.025685,0.52333
0.048206,0.020077,0.51569
0.04768,0.012582,0.51196
0.047561,0.0072133,0.50828
0.047299,-9.207e-05,0.50635
0,0,-1
0,0,-1
0,0,-1
0,0,-1
0,0,-1
0,0,-1
0,0,-1
0,0,-1
0,0,-1
0,0,-1
0,0,-1
0,0,-1
0,0,-1
0,0,-1
0,0,-1
0,0,-1
0,0,-1
0,0,-1
0,0,-1
0,0,-1
0,0,-1
0,0,-1
0,0,-1
0,0,-1
0,0,-1
0,0,-1
0,0,-1
0,0,-1
0,0,-1
0,0,-1
0,0,-1
0,0,-1
0.1274,0.60048,1.5705
0.1281,0.5818,1.5762
0.12865,0.56706,1.5808
0.1293,0.54745,1.5888
0.12958,0.53213,1.5922
0.12981,0.5113,1.5971
0.13009,0.495,1.5984
0.13015,0.47328,1.5999
0.12982,0.45464,1.5972
0.1293,0.43077,1.59
0.12811,0.41086,1.5746
0.12577,0.38079,1.5493
0.12485,0.36322,1.5394
0.12397,0.33883,1.523
0.12124,0.31546,1.4905
0.11767,0.28579,1.4492
0.10787,0.24739,1.3253
0.09752,0.20676,1.1928
0.091563,0.18338,1.1378
0.090568,0.16494,1.1079
0.088379,0.1493,1.0857
0.086773,0.13149,1.0622
0.084033,0.1165,1.041
0.072561,0.08803,0.88799
0.047193,0.05093,0.58196
0.044714,0.041174,0.55316
0.043246,0.03369,0.53121
0.042502,0.025722,0.5253
0.042114,0.020134,0.52038
0.041691,0.012681,0.51519
0.041516,0.0072337,0.51064
0.04127,-9.0373e-05,0.50775
0.040963,-0.0053264,0.50613
0,0,-1
0,0,-1
0,0,-1
0,0,-1
0,0,-1
0,0,-1
0,0,-1
0,0,-1
0,0,-1
0,0,-1
0,0,-1
0,0,-1
0,0,-1
0,0,-1
0,0,-1
0,0,-1
0,0,-1
0,0,-1
0,0,-1
0,0,-1
0,0,-1
0,0,-1
0,0,-1
0,0,-1
0,0,-1
0,0,-1
0,0,-1
0,0,-1
0,0,-1
0,0,-1
0,0,-1
0.10848,0.60188,1.5701
0.10901,0.58224,1.5775
0.10946,0.56737,1.5796
0.1101,0.54788,1.5893
0.11024,0.53225,1.5916
0.11054,0.51098,1.5972
0.11057,0.49488,1.5996
0.11082,0.47284,1.597
0.11048,0.45501,1.5985
0.11015,0.43113,1.5913
0.10909,0.41124,1.5751
0.1071,0.38098,1.5462
0.10631,0.36351,1.5404
0.1056,0.33959,1.5285
0.10325,0.31591,1.4998
0.10049,0.28619,1.451
0.093154,0.24832,1.3485
0.083393,0.20776,1.1939
0.077774,0.18154,1.1285
0.07576,0.16222,1.0889
0.074444,0.14757,1.083
0.073202,0.12937,1.0541
0.071545,0.11689,1.042
0.069569,0.098977,1.0001
0.042063,0.053808,0.60752
0.038789,0.04156,0.56109
0.037094,0.034398,0.53685
0.036562,0.026039,0.53209
0.03588,0.020223,0.5212
0.03569,0.012698,0.51869
0.035405,0.0072531,0.51262
0.035215,-8.8609e-05,0.51112
0.035135,-0.0053684,0.5073
0.034831,-0.012533,0.50477
0,0,-1
0,0,-1
0,0,-1
0,0,-1
0,0,-1
0,0,-1
0,0,-1
0,0,-1
0,0,-1
0,0,-1
0,0,-1
0,0,-1
0,0,-1
0,0,-1
0,0,-1
0,0,-1
0,0,-1
0,0,-1
0,0,-1
0,0,-1
0,0,-1
0,0,-1
0,0,-1
0,0,-1
0,0,-1
0,0,-1
0,0,-1
0,0,-1
0,0,-1
0,0,-1
0.089493,0.60281,1.5725
0.089968,0.58206,1.5763
0.090266,0.56727,1.5805
0.090749,0.54756,1.5878
0.09084,0.53245,1.5925
0.091194,0.51048,1.5973
0.09122,0.4941,1.5971
0.091183,0.47158,1.5981
0.091181,0.45521,1.5997
0.090883,0.43147,1.5925
0.090041,0.41152,1.5758
0.088171,0.38048,1.5472
0.08798,0.3642,1.5418
0.087586,0.34017,1.5313
0.085811,0.3176,1.5047
0.083793,0.28905,1.4695
0.078665,0.25636,1.3828
0.071588,0.21585,1.2521
0.064174,0.18167,1.1293
0.06251,0.16101,1.0859
0.060923,0.14735,1.0681
0.059647,0.12908,1.0452
0.058915,0.11652,1.0328
0.057397,0.099049,1.0008
0.040835,0.06253,0.71256
0.033173,0.043106,0.5823
0.031226,0.034609,0.54928
0.030462,0.026439,0.53699
0.029997,0.02041,0.52743
0.029574,0.012709,0.52086
0.0294,0.0073233,0.51542
0.029052,-8.7011e-05,0.51151
0.029017,-0.0053909,0.50899
0.028799,-0.012588,0.50719
0,0,-1
0,0,-1
0,0,-1
0,0,-1
0,0,-1
0,0,-1
0,0,-1
0,0,-1
0,0,-1
0,0,-1
0,0,-1
0,0,-1
0,0,-1
0,0,-1
0,0,-1
0,0,-1
0,0,-1
0,0,-1
0,0,-1
0,0,-1
0,0,-1
0,0,-1
0,0,-1
0,0,-1
0,0,-1
0,0,-1
0,0,-1
0,0,-1
0,0,-1
0,0,-1
0.070622,0.60027,1.5698
0.070919,0.5819,1.5761
0.07111,0.56735,1.5813
0.071532,0.54745,1.5887
0.071587,0.53205,1.5931
0.07176,0.50988,1.5938
0.071783,0.49418,1.597
0.071816,0.47181,1.5979
0.071735,0.45544,1.5983
0.071507,0.43165,1.5945
0.070963,0.41174,1.5767
0.069373,0.38051,1.5458
0.069365,0.36452,1.5477
0.069046,0.34113,1.5377
0.068073,0.31981,1.5124
0.066331,0.29151,1.4836
0.063158,0.26226,1.4077
0.05841,0.22442,1.2957
0.051213,0.18513,1.1351
0.049373,0.16106,1.0947
0.047984,0.14538,1.0687
0.046977,0.12837,1.0458
0.045996,0.11639,1.0335
0.045304,0.09849,1.009
0.038278,0.074881,0.85598
0.02787,0.046171,0.62372
0.025107,0.035637,0.56007
0.024547,0.02678,0.54573
0.023838,0.020696,0.53208
0.023499,0.012818,0.52681
0.023189,0.0073375,0.51755
0.022934,-8.5724e-05,0.51295
0.022877,-0.005407,0.51147
0.022845,-0.012671,0.50787
0.022757,-0.017886,0.50637
0,0,-1
0,0,-1
0,0,-1
0,0,-1
0,0,-1
0,0,-1
0,0,-1
0,0,-1
0,0,-1
0,0,-1
0,0,-1
0,0,-1
0,0,-1
0,0,-1
0,0,-1
0,0,-1
0,0,-1
0,0,-1
0,0,-1
0,0,-1
0,0,-1
0,0,-1
0,0,-1
0,0,-1
0,0,-1
0,0,-1
0,0,-1
0,0,-1
0,0,-1
0.051678,0.60232,1.5691
0.051883,0.58194,1.5765
0.052001,0.56741,1.5818
0.052248,0.54731,1.589
0.05234,0.53137,1.5928
0.052396,0.50993,1.594
0.052424,0.49437,1.5969
0.052341,0.47146,1.5986
0.052411,0.45511,1.5978
0.052251,0.43139,1.5952
0.05185,0.4125,1.5796
0.05086,0.38105,1.549
0.050683,0.3653,1.5487
0.050686,0.34168,1.5463
0.049743,0.32171,1.5198
0.048766,0.29376,1.4955
0.047011,0.26663,1.4346
0.044403,0.23295,1.3485
0.038566,0.19004,1.1805
0.036064,0.16117,1.0991
0.035148,0.14693,1.073
0.034564,0.13043,1.0605
0.033682,0.11592,1.0305
0.033064,0.098533,1.0095
0.031623,0.08488,0.96557
0.024294,0.054775,0.74553
0.01887,0.036718,0.57853
0.018263,0.027466,0.56051
0.017603,0.02085,0.53646
0.01729,0.013029,0.53257
0.0171,0.0074002,0.52302
0.016924,-8.5339e-05,0.51663
0.016823,-0.0054113,0.51329
0.016617,-0.012628,0.50676
0.016606,-0.017892,0.50661
0.016498,-0.024997,0.50494
0,0,-1
0,0,-1
0,0,-1
0,0,-1
0,0,-1
0,0,-1
0,0,-1
0,0,-1
0,0,-1
0,0,-1
0,0,-1
0,0,-1
0,0,-1
0,0,-1
0,0,-1
0,0,-1
0,0,-1
0,0,-1
0,0,-1
0,0,-1
0,0,-1
0,0,-1
0,0,-1
0,0,-1
0,0,-1
0,0,-1
0,0,-1
0.016272,-0.19482,0.49221
0.03271,0.60063,1.5681
0.032826,0.5817,1.5749
0.032898,0.56732,1.5781
0.033026,0.54679,1.5882
0.033085,0.53106,1.59
0.033069,0.51006,1.5935
0.033111,0.49406,1.5946
0.033052,0.4714,1.595
0.033056,0.45522,1.5963
0.033016,0.43145,1.5938
0.032836,0.41275,1.5893
0.03209,0.38211,1.5517
0.032115,0.36587,1.5524
0.032014,0.34351,1.5531
0.031604,0.32241,1.5286
0.031008,0.29578,1.4982
0.029994,0.27075,1.4522
0.028682,0.23995,1.398
0.025379,0.19876,1.2426
0.023256,0.16508,1.119
0.022133,0.14764,1.0812
0.021831,0.13059,1.0631
0.021412,0.11647,1.0379
0.02116,0.099794,1.0158
0.020739,0.087834,1.0045
0.019172,0.068569,0.93569
0.012788,0.039438,0.62666
0.011801,0.028215,0.57594
0.011262,0.021226,0.54715
0.011025,0.013165,0.53486
0.010881,0.0075067,0.52867
0.010741,-8.5399e-05,0.52202
0.010652,-0.0054567,0.51799
0.010456,-0.01263,0.50672
0.010449,-0.017896,0.50656
0,0,-1
0,0,-1
0,0,-1
0,0,-1
0,0,-1
0,0,-1
0,0,-1
0,0,-1
0,0,-1
0,0,-1
0,0,-1
0,0,-1
0,0,-1
0,0,-1
0,0,-1
0,0,-1
0,0,-1
0,0,-1
0,0,-1
0,0,-1
0,0,-1
0,0,-1
0,0,-1
0,0,-1
0,0,-1
0,0,-1
0,0,-1
0.010322,-0.18806,0.49278
0.010347,-0.19561,0.49417
0.013733,0.60019,1.5652
0.01376,0.58111,1.5731
0.013778,0.56678,1.5782
0.013804,0.54625,1.5874
0.013801,0.5309,1.5883
0.013782,0.50994,1.5907
0.013795,0.49358,1.5927
0.013754,0.47097,1.5941
0.013737,0.45528,1.5954
0.013708,0.4315,1.5941
0.013634,0.41399,1.5903
0.013311,0.38281,1.5542
0.01331,0.36698,1.5557
0.013315,0.34485,1.5574
0.013138,0.3252,1.541
0.012921,0.29907,1.513
0.012514,0.27416,1.475
0.01212,0.2455,1.4228
0.010973,0.21195,1.2943
0.0099048,0.17289,1.1592
0.0091096,0.14766,1.0814
0.0089802,0.13023,1.0611
0.0088158,0.11597,1.0439
0.008704,0.10081,1.0232
0.0085389,0.08879,1.0047
0.0083553,0.073485,0.99231
0.0061177,0.045917,0.73039
0.0051748,0.030315,0.61264
0.0048248,0.022285,0.57212
0.0046122,0.013363,0.54715
0.0045092,0.0075473,0.53478
0.0044656,-8.6156e-05,0.52592
0.004408,-0.0055189,0.5233
0.0043815,-0.012874,0.51733
0.0043049,-0.018016,0.50778
0,0,-1
0,0,-1
0,0,-1
0,0,-1
0,0,-1
0,0,-1
0,0,-1
0,0,-1
0,0,-1
0,0,-1
0,0,-1
0,0,-1
0,0,-1
0,0,-1
0,0,-1
0,0,-1
0,0,-1
0,0,-1
0,0,-1
0,0,-1
0,0,-1
0,0,-1
0,0,-1
0,0,-1
0.0042993,-0.17041,0.49298
0,0,-1
0.0042998,-0.18222,0.49244
0.0043598,-0.18944,0.49658
0.0043678,-0.19796,0.4978
-0.0052268,0.60069,1.5653
-0.0052969,0.5811,1.5727
-0.0053429,0.56676,1.5775
-0.0054044,0.54669,1.5853
-0.0054394,0.53068,1.5894
-0.005479,0.50888,1.5889
-0.00551,0.49349,1.5912
-0.0055421,0.47073,1.5926
-0.0055744,0.4553,1.5955
-0.0056021,0.43168,1.5929
-0.0056099,0.41416,1.5896
-0.005531,0.38428,1.561
-0.0055443,0.36765,1.5594
-0.0055714,0.34637,1.5613
-0.0055619,0.32756,1.5505
-0.0055089,0.30093,1.5279
-0.0053536,0.27863,1.4918
-0.0052413,0.25074,1.4532
-0.0049219,0.21985,1.3631
-0.004545,0.18477,1.2559
-0.0039966,0.14991,1.1073
-0.0038824,0.13022,1.0656
-0.0038249,0.11704,1.0446
-0.0037726,0.10113,1.025
-0.003771,0.089056,1.017
-0.0036838,0.074054,0.99906
-0.0034566,0.059517,0.93625
-0.0024979,0.033452,0.68185
-0.0021977,0.02295,0.59366
-0.0020789,0.013796,0.56297
-0.0019877,0.0077428,0.54762
-0.0019695,-8.6551e-05,0.5323
-0.0019486,-0.0055852,0.5288
-0.0019263,-0.013044,0.5233
-0.0019171,-0.01828,0.51911
-0.0018974,-0.025555,0.51507
-0.0018726,-0.030475,0.50831
0,0,-1
0,0,-1
0,0,-1
0,0,-1
0,0,-1
0,0,-1
0,0,-1
0,0,-1
0,0,-1
0,0,-1
0,0,-1
0,0,-1
0,0,-1
0,0,-1
0,0,-1
0,0,-1
0,0,-1
0,0,-1
0,0,-1
0,0,-1
0,0,-1
-0.0017025,-0.16428,0.49658
-0.0016888,-0.17167,0.49618
-0.001675,-0.17632,0.49474
-0.0016814,-0.18494,0.4973
-0.001672,-0.19129,0.50025
-0.001675,-0.19895,0.504
-0.024135,0.59967,1.565
-0.0243,0.58097,1.5724
-0.024423,0.56661,1.5769
-0.024571,0.54661,1.5844
-0.024666,0.5304,1.5882
-0.024711,0.50844,1.5888
-0.024778,0.4929,1.591
-0.024798,0.47048,1.5924
-0.024823,0.45442,1.5934
-0.024858,0.43161,1.5893
-0.02483,0.41409,1.5916
-0.02451,0.38564,1.5652
-0.024508,0.36896,1.5645
-0.02461,0.34772,1.5693
-0.024394,0.32897,1.5542
-0.024238,0.30377,1.5387
-0.023632,0.28105,1.5068
-0.023245,0.25367,1.472
-0.022232,0.2283,1.4128
-0.020959,0.1966,1.3299
-0.01836,0.15927,1.1696
-0.017041,0.13135,1.0797
-0.016562,0.11785,1.0465
-0.016359,0.10126,1.0266
-0.016223,0.090279,1.0234
-0.015975,0.074271,1.0103
-0.015845,0.063307,0.99843
-0.014726,0.04595,0.93322
-0.0097573,0.023913,0.61985
-0.0092233,0.014243,0.58432
-0.0088685,0.0079497,0.56064
-0.0085217,-8.8497e-05,0.54599
-0.0084407,-0.0056441,0.53221
-0.0083499,-0.013178,0.52714
-0.0082981,-0.018486,0.52409
-0.008223,-0.025759,0.51934
-0.0081711,-0.030978,0.51645
-0.0081162,-0.038239,0.51355
0,0,-1
0,0,-1
0,0,-1
0,0,-1
0,0,-1
0,0,-1
0,0,-1
0,0,-1
0,0,-1
0,0,-1
0,0,-1
0,0,-1
0,0,-1
0,0,-1
0,0,-1
0,0,-1
0,0,-1
0,0,-1
0,0,-1
-0.0077458,-0.15997,0.49908
-0.0077364,-0.1653,0.49831
-0.0077607,-0.1729,0.49882
-0.007795,-0.17941,0.49956
-0.0077834,-0.18668,0.50222
-0.0078488,-0.19298,0.5072
-0.0078991,-0.20214,0.50768
-0.043057,0.59762,1.5614
-0.043284,0.57995,1.5701
-0.043476,0.56492,1.5758
-0.043733,0.54617,1.584
-0.04386,0.53025,1.5879
-0.043916,0.50821,1.5884
-0.043946,0.49208,1.5894
-0.044046,0.47028,1.592
-0.044071,0.45362,1.5891
-0.044085,0.43004,1.5884
-0.044043,0.41351,1.5879
-0.043569,0.3861,1.5673
-0.04358,0.37021,1.5691
-0.043742,0.34889,1.5739
-0.043329,0.32951,1.562
-0.042982,0.3055,1.5516
-0.042344,0.28422,1.5217
-0.041624,0.25814,1.4966
-0.040053,0.23437,1.4391
-0.038726,0.20571,1.3916
-0.03523,0.1739,1.2695
-0.031788,0.14142,1.1417
-0.029455,0.11984,1.0516
-0.028956,0.10231,1.0349
-0.028697,0.090566,1.0272
-0.02856,0.074937,1.0237
-0.028404,0.06368,1.0107
-0.027904,0.048801,0.99897
-0.023922,0.033118,0.85832
-0.017198,0.015087,0.61279
-0.016102,0.0081722,0.57824
-0.015666,-9.2139e-05,0.56055
-0.015257,-0.0057716,0.54787
-0.014923,-0.013349,0.5349
-0.014743,-0.018679,0.53093
-0.014699,-0.026114,0.5246
-0.014576,-0.031263,0.51975
-0.014493,-0.038541,0.519
-0.014403,-0.043672,0.51798
-0.014305,-0.050882,0.51232
0,0,-1
0,0,-1
0,0,-1
0,0,-1
0,0,-1
0,0,-1
0,0,-1
0,0,-1
0,0,-1
0,0,-1
0,0,-1
0,0,-1
0,0,-1
0,0,-1
0,0,-1
0,0,-1
-0.013934,-0.15411,0.50216
-0.013869,-0.16195,0.50099
-0.013884,-0.16701,0.50374
-0.013944,-0.17479,0.5041
-0.014029,-0.18063,0.50536
-0.014083,-0.18882,0.50888
-0.014278,-0.19634,0.51443
-0.014463,-0.20836,0.5231
-0.061924,0.5993,1.5623
-0.062258,0.57789,1.5682
-0.062339,0.56453,1.5741
-0.06282,0.54536,1.5823
-0.062883,0.52989,1.5861
-0.063076,0.50747,1.5879
-0.063105,0.49176,1.5888
-0.063144,0.46987,1.5884
-0.063287,0.45305,1.5885
-0.063232,0.42985,1.5876
-0.063204,0.41332,1.5867
-0.062615,0.38664,1.5684
-0.062701,0.37005,1.5704
-0.062924,0.34874,1.5753
-0.062575,0.33094,1.5687
-0.061969,0.30627,1.5572
-0.06121,0.28612,1.5343
-0.060219,0.25966,1.5062
-0.058676,0.23807,1.4714
-0.057184,0.20984,1.4321
-0.053907,0.18505,1.3491
-0.050383,0.15419,1.2562
-0.044675,0.12645,1.1145
-0.041963,0.10412,1.0528
-0.041558,0.090807,1.0355
-0.041116,0.075374,1.028
-0.040974,0.064441,1.027
-0.040784,0.049889,1.0173
-0.040348,0.038519,1.0083
-0.032661,0.020095,0.82244
-0.024678,0.0087132,0.61984
-0.022978,-9.5542e-05,0.57551
-0.022861,-0.0060334,0.57136
-0.021966,-0.013641,0.54661
-0.021589,-0.018906,0.53655
-0.02137,-0.026329,0.53236
-0.021174,-0.031555,0.52705
-0.021041,-0.038899,0.52359
-0.020854,-0.044147,0.51932
-0.020728,-0.051236,0.51831
-0.020679,-0.056278,0.51654
-0.020517,-0.063393,0.51229
0,0,-1
0,0,-1
0,0,-1
0,0,-1
0,0,-1
0,0,-1
0,0,-1
0,0,-1
0,0,-1
0,0,-1
-0.020194,-0.13038,0.50662
-0.02012,-0.13716,0.50452
-0.020156,-0.14282,0.50358
-0.020154,-0.15013,0.50381
-0.02014,-0.15532,0.50499
-0.020145,-0.16253,0.50545
-0.020274,-0.16922,0.5089
-0.020268,-0.17704,0.50732
-0.020407,-0.18312,0.51121
-0.02077,-0.1921,0.51705
-0.021233,-0.2035,0.53439
-0.024561,-0.24274,0.61457
-0.080443,0.59688,1.5558
-0.080921,0.5774,1.5659
-0.08122,0.56429,1.5735
-0.081912,0.54506,1.5816
-0.0819,0.52966,1.586
-0.082154,0.50719,1.5869
-0.082312,0.49148,1.588
-0.082407,0.46829,1.5876
-0.082456,0.45244,1.5879
-0.082354,0.42934,1.5845
-0.082254,0.41343,1.5849
-0.081647,0.38652,1.5715
-0.081704,0.37117,1.5716
-0.082137,0.34983,1.5801
-0.082007,0.33266,1.5775
-0.081449,0.30857,1.5663
-0.080723,0.28907,1.5462
-0.079621,0.26372,1.5322
-0.078025,0.24377,1.5003
-0.076526,0.21652,1.4647
-0.07367,0.19372,1.4157
-0.070261,0.16513,1.3501
-0.065505,0.14131,1.2526
-0.058268,0.11052,1.1156
-0.054695,0.093202,1.0539
-0.054178,0.076114,1.0426
-0.053856,0.065152,1.0413
-0.053659,0.050244,1.0325
-0.053621,0.039464,1.0287
-0.053324,0.024772,1.0177
-0.044675,0.012062,0.85805
-0.032131,-0.0001044,0.62082
-0.030049,-0.0060785,0.57771
-0.029754,-0.014225,0.5709
-0.028596,-0.019463,0.54934
-0.028343,-0.026833,0.54186
-0.028045,-0.032039,0.53626
-0.027835,-0.039372,0.52884
-0.027516,-0.044674,0.52583
-0.027284,-0.051836,0.52392
-0.027163,-0.056872,0.5207
-0.026932,-0.06409,0.51898
-0.026895,-0.069348,0.5183
-0.026839,-0.07648,0.51356
-0.02682,-0.081706,0.51454
-0.026755,-0.088578,0.51158
0,0,-1
0,0,-1
0,0,-1
0,0,-1
-0.026475,-0.11848,0.50926
-0.026477,-0.12613,0.50982
-0.026477,-0.13129,0.50894
-0.026418,-0.1383,0.50919
-0.026494,-0.14346,0.50843
-0.026502,-0.15193,0.51063
-0.026498,-0.15702,0.50917
-0.026599,-0.16556,0.51055
-0.026946,-0.17155,0.51568
-0.026939,-0.17933,0.51648
-0.027272,-0.18794,0.52286
-0.027995,-0.201,0.53833
-0.037481,-0.27431,0.71742
-0.073332,-0.56052,1.4115
-0.099082,0.59472,1.5506
-0.099644,0.57687,1.5628
-0.10012,0.56261,1.5711
-0.10089,0.54411,1.5795
-0.10095,0.52862,1.5833
-0.10135,0.50792,1.5872
-0.10149,0.49125,1.5891
-0.10155,0.46913,1.5866
-0.10164,0.45247,1.5876
-0.10148,0.42934,1.5857
-0.1013,0.41314,1.583
-0.1007,0.38678,1.5713
-0.10096,0.37141,1.5749
-0.10134,0.35043,1.5816
-0.10142,0.33429,1.5849
-0.10095,0.30972,1.5723
-0.1003,0.29184,1.565
-0.099188,0.26653,1.5479
-0.097993,0.24722,1.5287
-0.096317,0.22182,1.5007
-0.094095,0.20149,1.4658
-0.090683,0.17376,1.4126
-0.086644,0.15132,1.3508
-0.080804,0.12369,1.2536
-0.071975,0.099194,1.1348
-0.068535,0.07933,1.0713
-0.067121,0.067133,1.0478
-0.066831,0.051787,1.0459
-0.066992,0.040223,1.0491
-0.066893,0.025406,1.0327
-0.066911,0.014634,1.0321
-0.063557,-0.00016967,0.99313
-0.04189,-0.0068096,0.65168
-0.037496,-0.01446,0.58303
-0.03659,-0.02014,0.56868
-0.03608,-0.027731,0.56018
-0.035761,-0.033389,0.55462
-0.035652,-0.040878,0.55397
-0.034413,-0.045213,0.53707
-0.034046,-0.05267,0.52912
-0.033911,-0.057899,0.52614
-0.033666,-0.065072,0.52454
-0.033514,-0.070303,0.52212
-0.033405,-0.077153,0.52043
-0.033341,-0.082318,0.51962
-0.033159,-0.089348,0.51579
-0.033198,-0.094541,0.51794
-0.033046,-0.10196,0.51631
-0.033053,-0.1071,0.51553
-0.03295,-0.11415,0.51414
-0.032952,-0.11993,0.51492
-0.032899,-0.12711,0.51393
-0.032933,-0.13249,0.51316
-0.03292,-0.13999,0.51175
-0.03294,-0.14528,0.51563
-0.033198,-0.15271,0.51586
-0.033129,-0.15902,0.51743
-0.033647,-0.16798,0.52314
-0.033718,-0.17467,0.52858
-0.034138,-0.18396,0.53132
-0.037011,-0.20611,0.57868
-0.049718,-0.28825,0.77623
-0.10213,-0.60356,1.5842
-0.10384,-0.64243,1.6202
-0.11757,0.59285,1.5487
-0.11834,0.57484,1.5567
-0.11906,0.56211,1.5699
-0.1199,0.54349,1.5784
-0.12004,0.52819,1.5821
-0.12046,0.50774,1.587
-0.12065,0.49169,1.5894
-0.12066,0.46862,1.5882
-0.12089,0.45198,1.5864
-0.12071,0.42899,1.586
-0.12034,0.41289,1.5826
-0.1195,0.38682,1.5708
-0.1198,0.37145,1.5745
-0.12037,0.35082,1.5835
-0.12065,0.33452,1.5868
-0.12048,0.31126,1.5845
-0.12,0.29355,1.574
-0.11945,0.2696,1.5658
-0.11802,0.25074,1.5503
-0.11665,0.22571,1.5308
-0.11457,0.20711,1.5016
-0.11197,0.18157,1.469
-0.10811,0.1599,1.4178
-0.1034,0.13372,1.3651
-0.096655,0.11115,1.2661
-0.090873,0.086395,1.1836
-0.082999,0.068848,1.0964
-0.082854,0.052759,1.0844
-0.081206,0.041319,1.0585
-0.081117,0.025921,1.059
-0.080857,0.014999,1.0604
-0.080518,-0.00018501,1.0605
-0.078147,-0.010785,1.0332
-0.065372,-0.021134,0.85725
-0.046174,-0.021328,0.60699
-0.043423,-0.028302,0.56786
-0.043126,-0.033664,0.56257
-0.042537,-0.041347,0.55706
-0.042301,-0.04694,0.55317
-0.041203,-0.053784,0.54016
-0.040566,-0.058689,0.53955
-0.040485,-0.065884,0.53256
-0.040431,-0.071225,0.52933
-0.040133,-0.078247,0.52767
-0.040069,-0.083523,0.52591
-0.039858,-0.09084,0.52271
-0.03994,-0.095801,0.52178
-0.039831,-0.10302,0.52041
-0.039792,-0.10821,0.51971
-0.039724,-0.11573,0.52287
-0.039791,-0.12179,0.52236
-0.03972,-0.12899,0.52188
-0.039703,-0.13454,0.52115
-0.039792,-0.14157,0.52031
-0.040134,-0.14898,0.52345
-0.040226,-0.15625,0.52471
-0.04078,-0.16436,0.5355
-0.04142,-0.17451,0.54586
-0.042475,-0.18593,0.55641
-0.047915,-0.21773,0.62881
-0.10202,-0.47771,1.344
-0.12504,-0.60731,1.6417
-0.12748,-0.63727,1.6754
-0.12683,-0.66209,1.6673
-0.13582,0.59061,1.5431
-0.13686,0.57297,1.5547
-0.13791,0.56158,1.5659
-0.13875,0.54268,1.5758
-0.13906,0.52756,1.579
-0.13962,0.50725,1.5857
-0.13979,0.49139,1.5892
-0.13979,0.46828,1.5882
-0.14002,0.45259,1.5861
-0.13976,0.42904,1.5858
-0.13933,0.41248,1.5825
-0.13837,0.38643,1.5698
-0.13872,0.37108,1.5735
-0.13959,0.35083,1.5836
-0.13994,0.33518,1.587
-0.14008,0.31246,1.5875
-0.13975,0.29519,1.5828
-0.13928,0.27148,1.5772
-0.13853,0.25358,1.5687
-0.13749,0.23003,1.5607
-0.13584,0.21082,1.5346
-0.1339,0.18626,1.5135
-0.13073,0.16731,1.4816
-0.1275,0.14204,1.439
-0.12221,0.12151,1.3815
-0.11742,0.097432,1.3144
-0.10829,0.077602,1.2275
-0.10264,0.057307,1.1605
-0.097564,0.042565,1.1046
-0.096498,0.026587,1.0972
-0.096742,0.015342,1.0963
-0.096703,-0.00019645,1.0964
-0.096757,-0.011484,1.0964
-0.096683,-0.026802,1.0817
-0.087692,-0.034371,0.98792
-0.069898,-0.038751,0.79873
-0.053576,-0.036225,0.60385
-0.050211,-0.04259,0.57007
-0.04948,-0.047292,0.55739
-0.049129,-0.054764,0.55534
-0.048459,-0.059786,0.54957
-0.048156,-0.067014,0.54662
-0.047658,-0.072222,0.53947
-0.047289,-0.079592,0.5368
-0.047196,-0.0848,0.53327
-0.047085,-0.092106,0.53117
-0.047054,-0.097461,0.5311
-0.046928,-0.10481,0.5296
-0.047072,-0.11014,0.52924
-0.04693,-0.11811,0.5293
-0.046907,-0.12401,0.52845
-0.047279,-0.13165,0.53249
-0.047335,-0.13695,0.53609
-0.047495,-0.14563,0.53759
-0.048082,-0.15262,0.54268
-0.048782,-0.1639,0.54825
-0.049993,-0.17394,0.56175
-0.054642,-0.1978,0.61478
-0.093641,-0.35174,1.0624
-0.14046,-0.55117,1.5898
-0.15128,-0.61179,1.715
-0.15153,-0.63712,1.7216
-0.15099,-0.65277,1.7157
-0.14969,-0.67355,1.7024
-0.15429,0.58936,1.5415
-0.15509,0.57186,1.5488
-0.15667,0.56057,1.5601
-0.15747,0.54158,1.5717
-0.158,0.52696,1.5766
-0.15871,0.5066,1.5867
-0.15907,0.49116,1.5861
-0.15918,0.46816,1.5873
-0.15916,0.45254,1.5886
-0.15905,0.429,1.586
-0.15857,0.41232,1.5833
-0.15717,0.38593,1.5677
-0.15756,0.3706,1.5714
-0.15872,0.35064,1.5833
-0.15908,0.33499,1.5867
-0.15941,0.31244,1.5875
-0.15939,0.296,1.5872
-0.15949,0.27316,1.5878
-0.1587,0.25613,1.5801
-0.15819,0.23268,1.5757
-0.15736,0.21501,1.5691
-0.15648,0.19105,1.5532
-0.15385,0.17231,1.5311
-0.15149,0.14806,1.5115
-0.14739,0.12876,1.4704
-0.14426,0.10594,1.4335
-0.13827,0.086452,1.3713
-0.1332,0.064907,1.3219
-0.12344,0.047689,1.2306
-0.11984,0.028794,1.1833
-0.11463,0.016037,1.1491
-0.1144,-0.00020972,1.1377
-0.11465,-0.011915,1.1376
-0.11422,-0.028045,1.1314
-0.11419,-0.039557,1.1277
-0.11164,-0.055538,1.112
-0.10018,-0.060424,0.99625
-0.081064,-0.059696,0.80279
-0.06376,-0.053818,0.63363
-0.059871,-0.05888,0.59702
-0.056845,-0.061589,0.56579
-0.05617,-0.069397,0.56249
-0.055355,-0.073802,0.55157
-0.054963,-0.081469,0.5475
-0.054673,-0.086475,0.5442
-0.054545,-0.093941,0.54296
-0.054248,-0.09954,0.54266
-0.054104,-0.10715,0.54125
-0.054887,-0.11351,0.54016
-0.054969,-0.12103,0.54917
-0.055063,-0.12779,0.548
-0.055604,-0.13636,0.55043
-0.055699,-0.14401,0.55616
-0.056865,-0.15504,0.56894
-0.061753,-0.17353,0.61408
-0.071364,-0.21135,0.70976
-0.11756,-0.35931,1.1733
-0.15907,-0.50859,1.584
-0.17321,-0.57296,1.7288
-0.1746,-0.6021,1.7442
-0.17685,-0.62854,1.7592
-0.17601,-0.65089,1.7512
-0.17485,-0.66362,1.7393
-0.17246,-0.68357,1.7147
-0.17119,0.58723,1.5309
-0.17345,0.56943,1.5469
-0.17491,0.55958,1.5574
-0.17626,0.54051,1.5695
-0.17686,0.52612,1.5743
-0.17782,0.50578,1.5835
-0.17812,0.49025,1.5863
-0.17819,0.46869,1.5869
-0.17853,0.45227,1.5873
-0.17839,0.4289,1.5871
-0.17796,0.41194,1.5869
-0.17599,0.38492,1.5664
-0.17642,0.36962,1.57
-0.17768,0.35019,1.5814
-0.17808,0.33456,1.5847
-0.17861,0.31213,1.5865
-0.17871,0.29618,1.588
-0.17901,0.27422,1.5897
-0.17893,0.25749,1.5885
-0.17876,0.23472,1.5896
-0.17864,0.21799,1.5847
-0.17812,0.1945,1.5836
-0.17682,0.17697,1.5722
-0.17553,0.15358,1.5594
-0.17301,0.13503,1.5321
-0.17026,0.11156,1.5149
-0.16655,0.093446,1.4806
-0.16275,0.071022,1.4474
-0.15747,0.054205,1.3943
-0.15232,0.032942,1.354
-0.1459,0.018263,1.2831
-0.14088,-0.00023918,1.2467
-0.13671,-0.012825,1.2058
-0.13609,-0.029802,1.2027
-0.13494,-0.042203,1.1975
-0.13487,-0.05933,1.1968
-0.1353,-0.071647,1.1962
-0.13518,-0.087572,1.1794
-0.12837,-0.0963,1.1302
-0.11324,-0.098541,1.0138
-0.08994,-0.086768,0.78738
-0.079062,-0.086846,0.70612
-0.071198,-0.084886,0.63441
-0.069334,-0.091047,0.61398
-0.067586,-0.094926,0.59959
-0.066947,-0.1028,0.59509
-0.06681,-0.10856,0.59198
-0.066633,-0.11674,0.59043
-0.066914,-0.12392,0.59452
-0.068265,-0.13475,0.60579
-0.07101,-0.14658,0.63031
-0.076229,-0.16719,0.67453
-0.088868,-0.20323,0.78981
-0.10934,-0.26444,0.96826
-0.16327,-0.40915,1.4481
-0.18762,-0.49435,1.6658
-0.19453,-0.5302,1.7271
-0.19782,-0.56488,1.7506
-0.20008,-0.59068,1.7772
-0.19977,-0.6148,1.7798
-0.20016,-0.63479,1.7767
-0.19972,-0.65737,1.7712
-0.1974,-0.66764,1.756
-0.19549,-0.68882,1.7337
-0.18985,0.58358,1.5287
-0.1911,0.56648,1.5362
-0.19305,0.55786,1.5501
-0.19455,0.53933,1.5633
-0.19565,0.52487,1.5724
-0.19671,0.50519,1.5805
-0.19703,0.48939,1.5835
-0.19763,0.46828,1.5868
-0.19757,0.45229,1.5878
-0.19753,0.42857,1.5858
-0.19711,0.41259,1.5861
-0.1953,0.38505,1.5673
-0.19578,0.36975,1.5707
-0.19652,0.34969,1.5793
-0.19717,0.33447,1.5826
-0.19757,0.31232,1.587
-0.19796,0.29624,1.5874
-0.19848,0.27436,1.5924
-0.19851,0.25822,1.5922
-0.19909,0.23607,1.5971
-0.19896,0.21938,1.5979
-0.19934,0.19636,1.5994
-0.19899,0.17962,1.5958
-0.19822,0.15635,1.5908
-0.19749,0.13947,1.5835
-0.19572,0.11593,1.5731
-0.19296,0.098379,1.5504
-0.19181,0.075303,1.5318
-0.18833,0.058461,1.5036
-0.18596,0.036534,1.4847
-0.18103,0.020518,1.4554
-0.17858,-0.00028382,1.4359
-0.17471,-0.01478,1.3919
-0.1726,-0.034286,1.3781
-0.17087,-0.047789,1.3594
-0.16998,-0.066996,1.3584
-0.17068,-0.081174,1.3576
-0.17119,-0.10187,1.3734
-0.17238,-0.11702,1.384
-0.17614,-0.13875,1.4059
-0.17898,-0.15674,1.4357
-0.17869,-0.177,1.4334
-0.17576,-0.18912,1.4111
-0.17078,-0.20297,1.3636
-0.16278,-0.20728,1.3053
-0.15706,-0.21718,1.2573
-0.15179,-0.22359,1.219
-0.15139,-0.24045,1.2159
-0.16243,-0.27125,1.3019
-0.17354,-0.30888,1.3849
-0.19342,-0.36162,1.5497
-0.20264,-0.40116,1.6231
-0.21069,-0.43345,1.6856
-0.21311,-0.46416,1.709
-0.21737,-0.49395,1.7446
-0.21939,-0.52326,1.757
-0.22214,-0.54701,1.786
-0.22368,-0.57707,1.7923
-0.22315,-0.59515,1.7879
-0.22387,-0.62154,1.7916
-0.22374,-0.63817,1.7859
-0.22286,-0.66224,1.7863
-0.22039,-0.67657,1.7662
-0.21788,-0.69289,1.7506
-0.20685,0.58227,1.5165
-0.20904,0.56457,1.5332
-0.2108,0.55501,1.5457
-0.21268,0.53793,1.5581
-0.21408,0.52373,1.567
-0.21552,0.50553,1.5775
-0.21582,0.48856,1.5813
-0.21665,0.46784,1.5862
-0.21677,0.45224,1.5872
-0.21717,0.42971,1.5878
-0.21673,0.41251,1.5864
-0.21401,0.38502,1.5683
-0.21453,0.36972,1.5686
-0.21551,0.34955,1.5771
-0.21637,0.3345,1.5869
-0.21704,0.31268,1.5896
-0.21705,0.29674,1.5876
-0.21803,0.27478,1.5931
-0.21842,0.25857,1.5957
-0.21896,0.23627,1.6024
-0.21932,0.22004,1.6024
-0.21974,0.19758,1.6115
-0.21986,0.18121,1.6083
-0.21997,0.15844,1.6107
-0.21992,0.14146,1.6095
-0.21904,0.11822,1.6049
-0.21805,0.10114,1.5946
-0.21759,0.078181,1.5898
-0.21536,0.061047,1.5742
-0.21438,0.038248,1.5711
-0.21403,0.021933,1.5556
-0.21244,-0.00031977,1.5532
-0.21058,-0.016255,1.5399
-0.20945,-0.038169,1.5305
-0.20892,-0.05369,1.5272
-0.20881,-0.075454,1.5263
-0.20915,-0.091741,1.5259
-0.20907,-0.11401,1.5319
-0.21128,-0.13072,1.5434
-0.21324,-0.15407,1.5624
-0.21722,-0.17339,1.5814
-0.21889,-0.19764,1.5956
-0.22046,-0.21664,1.614
-0.22233,-0.24053,1.6221
-0.22536,-0.25976,1.643
-0.22585,-0.28549,1.656
-0.22837,-0.30543,1.6706
-0.22989,-0.33153,1.6758
-0.23206,-0.35253,1.6954
-0.23431,-0.37973,1.7069
-0.23577,-0.40174,1.7235
-0.23686,-0.42816,1.7336
-0.2403,-0.45188,1.7535
-0.24065,-0.47957,1.7631
-0.24329,-0.5025,1.779
-0.24423,-0.52974,1.7893
-0.24717,-0.55289,1.7979
-0.24796,-0.5824,1.8117
-0.24724,-0.59943,1.8063
-0.24747,-0.62486,1.8074
-0.24666,-0.64158,1.8016
-0.24563,-0.66748,1.7945
-0.24344,-0.6785,1.7812
-0.24094,-0.69893,1.7609
-0.22446,0.57885,1.508
-0.22607,0.5637,1.5243
-0.22899,0.55243,1.5417
-0.23078,0.53569,1.551
-0.23261,0.52275,1.5645
-0.23394,0.50338,1.5743
-0.23453,0.48774,1.5788
-0.23552,0.46709,1.585
-0.23598,0.45172,1.5872
-0.23601,0.42923,1.5892
-0.23616,0.41316,1.5873
-0.23314,0.38657,1.5677
-0.2337,0.37093,1.5713
-0.23509,0.34978,1.5821
-0.23601,0.33526,1.5882
-0.23653,0.31323,1.5923
-0.23647,0.29705,1.5934
-0.23708,0.27513,1.5955
-0.23781,0.25905,1.5981
-0.23859,0.23679,1.605
-0.23957,0.22057,1.6081
-0.2402,0.19825,1.6128
-0.24051,0.18201,1.6166
-0.24115,0.15934,1.6191
-0.2418,0.14263,1.6227
-0.2421,0.11973,1.6249
-0.24203,0.1029,1.6257
-0.2417,0.079636,1.6268
-0.24103,0.062492,1.6146
-0.24004,0.039439,1.6141
-0.23983,0.022736,1.6069
-0.23978,-0.00034308,1.607
-0.23911,-0.016977,1.6071
-0.23907,-0.039928,1.6067
-0.23914,-0.056587,1.6075
-0.23939,-0.079523,1.6079
-0.24048,-0.096425,1.6116
-0.24064,-0.11997,1.6151
-0.24221,-0.13746,1.6286
-0.2435,-0.16169,1.6356
-0.24627,-0.18084,1.6587
-0.24837,-0.20618,1.6653
-0.25126,-0.22518,1.6806
-0.25244,-0.25065,1.6898
-0.25384,-0.2697,1.7047
-0.25477,-0.29638,1.7153
-0.25672,-0.31632,1.7239
-0.25857,-0.34337,1.7243
-0.25969,-0.36395,1.7411
-0.26044,-0.39004,1.7527
-0.2618,-0.40913,1.7554
-0.26373,-0.437,1.763
-0.26495,-0.45799,1.7744
-0.26573,-0.48646,1.7849
-0.26706,-0.50619,1.7934
-0.2695,-0.53623,1.8031
-0.27061,-0.55775,1.8173
-0.27194,-0.58667,1.8237
-0.27032,-0.60383,1.8169
-0.27032,-0.62966,1.8132
-0.26944,-0.64734,1.8079
-0.26844,-0.67039,1.8098
-0.26607,-0.68317,1.7887
-0.26332,-0.70145,1.7706
-0.24116,0.57552,1.503
-0.2436,0.55897,1.5139
-0.24608,0.54966,1.5335
-0.24844,0.53216,1.5476
-0.25043,0.52125,1.5608
-0.25228,0.50245,1.5694
-0.25318,0.48689,1.5729
-0.25433,0.46666,1.5829
-0.25488,0.45118,1.5854
-0.25487,0.42919,1.5903
-0.2552,0.41293,1.5899
-0.25255,0.38715,1.57
-0.25316,0.37173,1.5736
-0.25463,0.35075,1.5857
-0.25532,0.33525,1.5902
-0.25592,0.31329,1.5933
-0.25589,0.29714,1.5927
-0.25655,0.27506,1.598
-0.25745,0.25961,1.602
-0.25891,0.23743,1.6066
-0.25965,0.22111,1.611
-0.26031,0.19878,1.6182
-0.26123,0.18275,1.6225
-0.26197,0.15991,1.6267
-0.26245,0.14362,1.6333
-0.26375,0.12078,1.6354
-0.26451,0.10396,1.6423
-0.26474,0.080559,1.6435
-0.26431,0.063593,1.6412
-0.26445,0.04012,1.6394
-0.2648,0.023123,1.6423
-0.26502,-0.0003652,1.6443
-0.26501,-0.0174,1.6451
-0.26496,-0.040923,1.6449
-0.26547,-0.058083,1.6483
-0.26636,-0.081943,1.6547
-0.26719,-0.099412,1.6632
-0.26797,-0.1235,1.6669
-0.2691,-0.14154,1.6766
-0.27139,-0.16651,1.6818
-0.27403,-0.18547,1.695
-0.27526,-0.21087,1.7042
-0.27621,-0.23033,1.7181
-0.27727,-0.25599,1.7262
-0.27925,-0.27564,1.7356
-0.27981,-0.30145,1.7321
-0.28168,-0.32097,1.7443
-0.2815,-0.34604,1.7502
-0.28354,-0.36682,1.7593
-0.28464,-0.39337,1.7638
-0.28592,-0.41299,1.7727
-0.28669,-0.43999,1.7812
-0.28842,-0.46159,1.788
-0.28917,-0.48887,1.798
-0.29192,-0.51132,1.8075
-0.29295,-0.54024,1.8195
-0.29476,-0.56151,1.8297
-0.29513,-0.58903,1.8365
-0.29355,-0.60579,1.8292
-0.29312,-0.63183,1.826
-0.29315,-0.65078,1.8221
-0.2918,-0.67395,1.8139
-0.28882,-0.68545,1.8008
-0.28518,-0.70442,1.7774
-0.25634,0.57134,1.4905
-0.2601,0.55568,1.5073
-0.2634,0.54673,1.5262
-0.26555,0.52963,1.543
-0.26829,0.51793,1.5557
-0.2703,0.50022,1.5666
-0.27166,0.4859,1.5728
-0.27296,0.46616,1.5801
-0.27352,0.45025,1.5829
-0.27409,0.429,1.5882
-0.27387,0.41263,1.5909
-0.27215,0.38705,1.5735
-0.27268,0.37166,1.5771
-0.27354,0.35093,1.5873
-0.27501,0.3356,1.5925
-0.27581,0.3139,1.5968
-0.27531,0.29748,1.5976
-0.27705,0.27577,1.6014
-0.27759,0.25951,1.604
-0.2789,0.23726,1.6077
-0.27941,0.22116,1.6123
-0.28031,0.19919,1.6183
-0.28119,0.18295,1.6265
-0.28205,0.1603,1.6289
-0.28315,0.14381,1.6321
-0.2841,0.12089,1.6426
-0.28468,0.10416,1.646
-0.28509,0.080899,1.65
-0.28579,0.063946,1.6521
-0.28676,0.040478,1.657
-0.28775,0.023386,1.6629
-0.28887,-0.000386,1.6682
-0.2889,-0.017648,1.6702
-0.28945,-0.041536,1.6724
-0.29092,-0.059252,1.6798
-0.29135,-0.083408,1.6883
-0.2927,-0.10149,1.6916
-0.29454,-0.12596,1.696
-0.295,-0.1445,1.7069
-0.29678,-0.16941,1.712
-0.29833,-0.18818,1.7225
-0.29978,-0.21337,1.7301
-0.30085,-0.233,1.7375
-0.30142,-0.25771,1.7422
-0.30269,-0.27763,1.7484
-0.30382,-0.30449,1.7559
-0.30518,-0.32338,1.7629
-0.30512,-0.34886,1.7623
-0.30637,-0.3686,1.7684
-0.30757,-0.39556,1.7743
-0.30859,-0.41553,1.7891
-0.31044,-0.44344,1.789
-0.31141,-0.46403,1.801
-0.31322,-0.49333,1.8089
-0.31523,-0.51427,1.8229
-0.31676,-0.54303,1.8316
-0.31804,-0.56394,1.8406
-0.31888,-0.5924,1.839
-0.31792,-0.60799,1.8335
-0.3167,-0.63427,1.8289
-0.31648,-0.65353,1.8307
-0.31503,-0.67681,1.8225
-0.31151,-0.68882,1.8034
-0.30842,-0.70669,1.7832
-0.27331,0.56786,1.4739
-0.27576,0.55157,1.4946
-0.27999,0.54359,1.5199
-0.2826,0.5277,1.5302
-0.28574,0.51594,1.5486
-0.28823,0.49824,1.5593
-0.28946,0.48401,1.5646
-0.29131,0.46575,1.5771
-0.29207,0.44952,1.5799
-0.2931,0.42899,1.5855
-0.29319,0.4128,1.5883
-0.29127,0.38845,1.5752
-0.29196,0.37202,1.5788
-0.2934,0.35104,1.5889
-0.29433,0.33613,1.5939
-0.29523,0.3144,1.5965
-0.29586,0.29845,1.598
-0.29668,0.27611,1.6026
-0.29719,0.25996,1.6062
-0.298,0.2376,1.6131
-0.29898,0.22182,1.6156
-0.30014,0.19916,1.6213
-0.30107,0.18311,1.6249
-0.30228,0.16055,1.6359
-0.30295,0.14419,1.6383
-0.30423,0.12107,1.6438
-0.30527,0.1043,1.6465
-0.30563,0.080931,1.6485
-0.30692,0.064139,1.6564
-0.30853,0.040612,1.6597
-0.30959,0.023497,1.6676
-0.31045,-0.00040446,1.6768
-0.31123,-0.017843,1.683
-0.31185,-0.041977,1.6836
-0.31371,-0.059586,1.6922
-0.31442,-0.084135,1.6958
-0.31538,-0.10212,1.7019
-0.31607,-0.127,1.7095
-0.31765,-0.14501,1.7125
-0.31892,-0.17016,1.7207
-0.32056,-0.18903,1.7299
-0.32246,-0.21495,1.7386
-0.32395,-0.23419,1.7478
-0.32481,-0.25945,1.7523
-0.32548,-0.27933,1.7575
-0.32666,-0.30533,1.7626
-0.32685,-0.32426,1.7676
-0.32776,-0.35043,1.7727
-0.32928,-0.37037,1.7801
-0.33021,-0.39712,1.7897
-0.33235,-0.41788,1.7941
-0.33332,-0.44556,1.8022
-0.33504,-0.46599,1.8086
-0.33678,-0.49487,1.8178
-0.33904,-0.51754,1.8321
-0.34097,-0.54576,1.8404
-0.34212,-0.5671,1.8453
-0.34264,-0.5943,1.8511
-0.34161,-0.61171,1.8455
-0.34054,-0.63635,1.8425
-0.33952,-0.65531,1.8395
-0.33798,-0.67867,1.8312
-0.33404,-0.68802,1.8055
-0.33034,-0.70602,1.7855
-0.28925,0.56304,1.4694
-0.292,0.54766,1.4792
-0.29605,0.53801,1.5018
-0.29927,0.52437,1.5239
-0.30256,0.51228,1.5379
-0.30582,0.49492,1.5526
-0.30713,0.48237,1.5615
-0.30903,0.46291,1.5726
-0.31057,0.44862,1.5764
-0.31183,0.42818,1.5824
-0.3124,0.41197,1.5845
-0.31012,0.38847,1.5748
-0.31086,0.37218,1.5784
-0.31228,0.351,1.5878
-0.31429,0.33652,1.5963
-0.31518,0.31487,1.6014
-0.31557,0.29853,1.6035
-0.31679,0.27703,1.6082
-0.31691,0.26072,1.6092
-0.31818,0.23831,1.6148
-0.31922,0.22237,1.6198
-0.31986,0.19966,1.6243
-0.32186,0.18322,1.6339
-0.32237,0.16104,1.6365
-0.32338,0.14444,1.6387
-0.32434,0.12115,1.6464
-0.3246,0.10451,1.6489
-0.32631,0.081212,1.6535
-0.32777,0.064283,1.6618
-0.32916,0.040771,1.6689
-0.33059,0.023482,1.6758
-0.33137,-0.0004242,1.681
-0.33267,-0.017882,1.6831
-0.33357,-0.042081,1.6907
-0.33437,-0.059766,1.6933
-0.33544,-0.084353,1.7009
-0.33657,-0.1024,1.7072
-0.33851,-0.12711,1.7129
-0.33963,-0.14541,1.7191
-0.34098,-0.1709,1.7279
-0.34329,-0.18994,1.7376
-0.34537,-0.21587,1.7462
-0.34591,-0.23453,1.7519
-0.34609,-0.26081,1.7563
-0.34854,-0.28006,1.7629
-0.34845,-0.30583,1.7668
-0.34986,-0.32515,1.7734
-0.35079,-0.35216,1.7798
-0.35221,-0.37178,1.7907
-0.35459,-0.39925,1.7942
-0.3553,-0.42017,1.8033
-0.35693,-0.44716,1.8054
-0.35904,-0.46919,1.8192
-0.36118,-0.49767,1.8295
-0.36241,-0.51977,1.8424
-0.36328,-0.54667,1.8467
-0.36576,-0.57001,1.8547
-0.3662,-0.59637,1.8527
-0.3651,-0.61373,1.8486
-0.36459,-0.64053,1.85
-0.36343,-0.65891,1.8458
-0.36097,-0.68241,1.836
-0.35743,-0.6919,1.8095
-0.3535,-0.70641,1.7865
-0.30322,0.55575,1.4549
-0.30781,0.54341,1.473
-0.31233,0.53419,1.4919
-0.31617,0.52119,1.516
-0.31961,0.51003,1.5301
-0.32213,0.49314,1.5462
-0.32526,0.48129,1.5539
-0.32721,0.46162,1.5659
-0.32901,0.44799,1.573
-0.33031,0.42721,1.5801
-0.33107,0.41176,1.5828
-0.3298,0.38821,1.5722
-0.33057,0.37275,1.5757
-0.33262,0.35172,1.5915
-0.33436,0.33662,1.5956
-0.33548,0.31504,1.5999
-0.33594,0.29904,1.6048
-0.3369,0.27681,1.6096
-0.33747,0.26063,1.6122
-0.33869,0.23831,1.6156
-0.33982,0.22231,1.6237
-0.34054,0.19987,1.6297
-0.34186,0.18375,1.6316
-0.3428,0.16108,1.6384
-0.34338,0.14439,1.6407
-0.34459,0.12124,1.6471
-0.3455,0.10459,1.6486
-0.34716,0.081322,1.6579
-0.34817,0.064454,1.6642
-0.34995,0.040721,1.6716
-0.35078,0.023523,1.6769
-0.35263,-0.00044416,1.6805
-0.35323,-0.017927,1.6872
-0.35411,-0.042143,1.6898
-0.35528,-0.059919,1.696
-0.35694,-0.084563,1.7031
-0.35863,-0.10245,1.7099
-0.35962,-0.12737,1.7149
-0.3612,-0.14601,1.7233
-0.36193,-0.17115,1.7326
-0.36561,-0.19052,1.7445
-0.36619,-0.21615,1.7501
-0.36701,-0.23504,1.7563
-0.36959,-0.26139,1.7623
-0.36933,-0.28048,1.7667
-0.37172,-0.30673,1.7724
-0.37217,-0.3261,1.7802
-0.3746,-0.35312,1.79
-0.37543,-0.37315,1.7935
-0.37687,-0.40136,1.8002
-0.3784,-0.42144,1.8062
-0.3809,-0.45033,1.818
-0.38356,-0.47102,1.8317
-0.38472,-0.49908,1.8365
-0.38609,-0.52074,1.8486
-0.38747,-0.54778,1.8544
-0.39016,-0.57074,1.8561
-0.38937,-0.59771,1.8606
-0.38886,-0.61526,1.8568
-0.38796,-0.64033,1.8495
-0.3871,-0.65809,1.8437
-0.38451,-0.68136,1.8338
-0.37921,-0.69051,1.8123
-0.37393,-0.7064,1.7973
-0.31765,0.54996,1.4388
-0.32155,0.5363,1.4583
-0.32687,0.52933,1.4838
-0.33151,0.51545,1.4983
-0.33484,0.50732,1.5181
-0.33888,0.49016,1.5356
-0.34115,0.47774,1.5471
-0.34468,0.46053,1.5606
-0.34675,0.44572,1.5679
-0.34849,0.42602,1.5765
-0.34937,0.41044,1.5794
-0.34856,0.38739,1.5745
-0.34937,0.37196,1.578
-0.35244,0.3519,1.5896
-0.35366,0.33649,1.5971
-0.3548,0.3154,1.6024
-0.35541,0.29911,1.6069
-0.3567,0.27718,1.6124
-0.35739,0.26095,1.6146
-0.35838,0.23903,1.6194
-0.35914,0.2227,1.6238
-0.36071,0.20038,1.6315
-0.3614,0.18393,1.6334
-0.36283,0.16087,1.6368
-0.36372,0.14425,1.6413
-0.36477,0.12139,1.6472
-0.36598,0.10476,1.6546
-0.36774,0.081463,1.6594
-0.36907,0.064464,1.6668
-0.37048,0.040771,1.6748
-0.37217,0.023535,1.6768
-0.37313,-0.000465,1.6844
-0.37379,-0.017956,1.686
-0.375,-0.042275,1.6942
-0.37637,-0.059983,1.6988
-0.37858,-0.08458,1.7057
-0.37894,-0.10254,1.7123
-0.38061,-0.12789,1.7204
-0.38226,-0.14598,1.7248
-0.38384,-0.17158,1.7335
-0.38691,-0.19078,1.7463
-0.38736,-0.2164,1.7534
-0.39063,-0.23601,1.7614
-0.3902,-0.2619,1.7639
-0.39241,-0.28097,1.7719
-0.39379,-0.30738,1.7771
-0.39627,-0.3271,1.7877
-0.39726,-0.35388,1.7915
-0.39816,-0.37386,1.799
-0.40004,-0.40097,1.8058
-0.40317,-0.42376,1.813
-0.40377,-0.45111,1.8253
-0.40612,-0.47146,1.8382
-0.40795,-0.50117,1.837
-0.41018,-0.52138,1.8467
-0.41178,-0.55049,1.8569
-0.41329,-0.57297,1.8662
-0.41316,-0.5979,1.8592
-0.41218,-0.61673,1.8554
-0.41105,-0.64151,1.8519
-0.40986,-0.65873,1.8478
-0.40674,-0.68017,1.8336
-0.39998,-0.69061,1.8088
-0.39594,-0.70973,1.7916
-0.33128,0.54558,1.4285
-0.3358,0.53241,1.442
-0.34156,0.52546,1.4653
-0.346,0.51247,1.4871
-0.35138,0.50171,1.5035
-0.35455,0.48656,1.5271
-0.35823,0.47527,1.538
-0.36248,0.45909,1.5497
-0.36392,0.44448,1.5623
-0.36618,0.42482,1.5717
-0.36622,0.40865,1.5755
-0.3671,0.3864,1.5709
-0.36795,0.371,1.5744
-0.37129,0.35127,1.5907
-0.37222,0.33649,1.5941
-0.37425,0.31559,1.6026
-0.37496,0.2992,1.6055
-0.37669,0.2777,1.6123
-0.37646,0.26144,1.6149
-0.37818,0.23898,1.619
-0.37958,0.22297,1.6248
-0.38073,0.20026,1.6313
-0.38162,0.18406,1.6324
-0.38285,0.16112,1.6391
-0.38403,0.14482,1.6434
-0.38549,0.12153,1.6495
-0.38682,0.10486,1.6562
-0.38852,0.081477,1.6671
-0.38879,0.064489,1.6687
-0.39135,0.04076,1.6738
-0.39187,0.023533,1.6772
-0.39369,-0.00048674,1.6844
-0.395,-0.018003,1.6869
-0.39567,-0.042265,1.693
-0.39697,-0.06001,1.6979
-0.39837,-0.084666,1.7069
-0.40059,-0.10265,1.7144
-0.40228,-0.12788,1.7217
-0.40255,-0.14614,1.7266
-0.40452,-0.17154,1.7349
-0.40737,-0.19108,1.7508
-0.41054,-0.21747,1.7548
-0.4112,-0.236,1.7628
-0.41308,-0.26233,1.7683
-0.41475,-0.28165,1.7771
-0.41563,-0.3077,1.7862
-0.41816,-0.3281,1.7883
-0.41901,-0.35501,1.7963
-0.42156,-0.37468,1.8046
-0.42286,-0.40217,1.8104
-0.42534,-0.42512,1.8238
-0.42694,-0.45149,1.8307
-0.42957,-0.47517,1.8379
-0.43136,-0.50224,1.8437
-0.43368,-0.52217,1.8574
-0.43476,-0.55238,1.8631
-0.43735,-0.57327,1.8693
-0.43563,-0.59792,1.862
-0.43441,-0.61673,1.8573
-0.43388,-0.64278,1.8535
-0.43253,-0.66005,1.8504
-0.42982,-0.67926,1.8393
-0.42279,-0.6912,1.8091
-0.41777,-0.70845,1.7916
-0.34673,0.54008,1.4157
-0.34929,0.52634,1.4315
-0.35546,0.518,1.4545
-0.36014,0.50658,1.4758
-0.36598,0.49699,1.4942
-0.37027,0.48258,1.5104
-0.37407,0.47162,1.5255
-0.37743,0.45474,1.541
-0.38116,0.44193,1.5557
-0.38323,0.42264,1.5638
-0.38415,0.40699,1.5651
-0.3851,0.38536,1.5699
-0.38599,0.37,1.5734
-0.38941,0.35082,1.5866
-0.3915,0.33666,1.5958
-0.39375,0.31536,1.602
-0.3946,0.2997,1.6049
-0.39602,0.27783,1.6124
-0.39668,0.26158,1.6197
-0.39891,0.23925,1.6238
-0.39921,0.22283,1.6256
-0.4004,0.2004,1.6335
-0.40215,0.18379,1.6352
-0.4028,0.16127,1.6406
-0.40494,0.14453,1.6482
-0.40576,0.12179,1.6529
-0.40716,0.10501,1.6589
-0.40862,0.081524,1.6645
-0.40972,0.064426,1.6685
-0.41135,0.040759,1.6758
-0.41286,0.023519,1.6797
-0.41443,-0.00051002,1.6861
-0.41508,-0.018006,1.6888
-0.41637,-0.04232,1.6963
-0.41847,-0.060136,1.7032
-0.41925,-0.084688,1.7084
-0.4219,-0.10288,1.715
-0.4222,-0.12781,1.7216
-0.42436,-0.14588,1.7273
-0.4257,-0.17182,1.7331
-0.43095,-0.19149,1.7494
-0.43151,-0.21743,1.7571
-0.43338,-0.23662,1.7617
-0.43532,-0.26191,1.7718
-0.43672,-0.28186,1.7786
-0.43818,-0.30831,1.7822
-0.44019,-0.32848,1.7959
-0.44139,-0.35512,1.8033
-0.44431,-0.37583,1.8026
-0.44646,-0.40406,1.8126
-0.4483,-0.42487,1.8296
-0.45041,-0.45337,1.8329
-0.45174,-0.47474,1.8419
-0.45454,-0.50199,1.8494
-0.45742,-0.52422,1.8612
-0.45765,-0.55219,1.8648
-0.45977,-0.57505,1.8737
-0.45797,-0.5996,1.8664
-0.45861,-0.6189,1.8654
-0.45739,-0.64175,1.8577
-0.45597,-0.65916,1.852
-0.45098,-0.67874,1.8349
-0.44574,-0.69005,1.8092
-0.43908,-0.70696,1.7834
-0.35828,0.53212,1.3967
-0.36457,0.52097,1.4184
-0.37059,0.51453,1.4421
-0.37518,0.50161,1.458
-0.38038,0.49233,1.4784
-0.38492,0.47919,1.4991
-0.38947,0.46798,1.5175
-0.39391,0.45144,1.5317
-0.39698,0.43729,1.538
-0.40029,0.42053,1.5573
-0.40129,0.40539,1.5607
-0.40192,0.38384,1.5657
-0.40284,0.36854,1.5691
-0.40746,0.35032,1.5828
-0.41004,0.33631,1.5935
-0.41198,0.31497,1.6009
-0.41335,0.29929,1.6043
-0.41579,0.27734,1.6127
-0.41647,0.26121,1.616
-0.41847,0.2395,1.6252
-0.41934,0.22303,1.6266
-0.42061,0.20052,1.6335
-0.4217,0.18403,1.638
-0.42361,0.16158,1.6423
-0.42438,0.14503,1.6482
-0.42679,0.12173,1.6555
-0.42719,0.1049,1.6591
-0.42845,0.081386,1.6632
-0.42996,0.064417,1.6674
-0.43233,0.040764,1.6754
-0.4335,0.023518,1.6825
-0.43454,-0.0005328,1.6858
-0.43568,-0.018029,1.6868
-0.43768,-0.042306,1.6955
-0.43878,-0.060118,1.7021
-0.43921,-0.084893,1.7076
-0.44173,-0.10281,1.718
-0.44351,-0.12777,1.7229
-0.44413,-0.14642,1.7239
-0.44602,-0.17192,1.7366
-0.4509,-0.19097,1.7516
-0.45277,-0.21782,1.7571
-0.45488,-0.23631,1.7647
-0.45639,-0.26267,1.7725
-0.45765,-0.2818,1.777
-0.45935,-0.30773,1.7862
-0.46164,-0.329,1.7963
-0.46371,-0.35627,1.7998
-0.46769,-0.37656,1.8122
-0.46869,-0.40411,1.8133
-0.47111,-0.42501,1.8305
-0.47345,-0.45296,1.8315
-0.47538,-0.47515,1.8452
-0.47665,-0.50355,1.8505
-0.48007,-0.52534,1.8598
-0.48148,-0.55383,1.8646
-0.4832,-0.57415,1.8739
-0.48133,-0.59867,1.8667
-0.48135,-0.61926,1.8657
-0.47918,-0.64295,1.8573
-0.4777,-0.66024,1.8516
-0.47193,-0.67944,1.8296
-0.46651,-0.68807,1.8047
-0.45851,-0.70565,1.786
-0.3716,0.52762,1.3749
-0.37583,0.51322,1.3993
-0.38464,0.50805,1.423
-0.38889,0.4964,1.4443
-0.39518,0.48594,1.4651
-0.39909,0.47432,1.4897
-0.40482,0.4635,1.5012
-0.40905,0.44851,1.5227
-0.41329,0.43589,1.5291
-0.41685,0.41755,1.5468
-0.41812,0.40258,1.5514
-0.41947,0.38145,1.5564
-0.42043,0.36624,1.5628
-0.42428,0.34929,1.5783
-0.42816,0.3357,1.5901
-0.43006,0.31403,1.5969
-0.43188,0.29841,1.6038
-0.43439,0.27669,1.6088
-0.4359,0.26135,1.6137
-0.43709,0.23922,1.6225
-0.43825,0.22296,1.6259
-0.44045,0.20094,1.6328
-0.44113,0.18435,1.6361
-0.44294,0.16151,1.6435
-0.44492,0.14473,1.6466
-0.4465,0.1216,1.6535
-0.44684,0.10471,1.657
-0.44856,0.081393,1.6634
-0.44982,0.064271,1.6682
-0.45194,0.040758,1.6772
-0.45348,0.02344,1.6807
-0.45461,-0.00055765,1.6826
-0.45691,-0.018044,1.6891
-0.45767,-0.042352,1.6953
-0.45857,-0.060192,1.7024
-0.46048,-0.084676,1.7062
-0.46186,-0.10277,1.7169
-0.46347,-0.12776,1.7195
-0.46456,-0.1463,1.7212
-0.46759,-0.17182,1.7368
-0.47167,-0.19077,1.747
-0.47285,-0.2172,1.7535
-0.4758,-0.23639,1.7628
-0.47781,-0.26215,1.7698
-0.48037,-0.28203,1.7756
-0.48207,-0.30908,1.7872
-0.48436,-0.32925,1.793
-0.4861,-0.35578,1.7974
-0.48962,-0.37709,1.8124
-0.49121,-0.40348,1.8147
-0.49349,-0.42656,1.8307
-0.49599,-0.45318,1.8327
-0.49727,-0.47688,1.8514
-0.49945,-0.50364,1.8564
-0.50317,-0.52619,1.8628
-0.50321,-0.55244,1.8699
-0.50591,-0.5747,1.8743
-0.50396,-0.59938,1.8645
-0.50385,-0.61901,1.866
-0.50031,-0.64137,1.8524
-0.49878,-0.65848,1.8467
-0.49232,-0.67782,1.8229
-0.48604,-0.68626,1.7999
-0.47855,-0.70044,1.7768
-0.38234,0.51949,1.3553
-0.38486,0.50557,1.3757
-0.39553,0.50236,1.414
-0.4025,0.4885,1.425
-0.40871,0.48378,1.4565
-0.4134,0.46569,1.4667
-0.42009,0.45994,1.4936
-0.42336,0.44248,1.5025
-0.42792,0.43333,1.5223
-0.43209,0.41443,1.5299
-0.43558,0.40137,1.547
-0.43517,0.38011,1.5441
-0.42875,0.35705,1.5231
-0.44124,0.34648,1.5693
-0.44644,0.33486,1.5854
-0.44721,0.31284,1.594
-0.45152,0.29849,1.5989
-0.45222,0.27582,1.6051
-0.45424,0.26175,1.6157
-0.45528,0.23869,1.6121
-0.45868,0.22261,1.6257
-0.46013,0.20042,1.6339
-0.45931,0.18415,1.6377
-0.46232,0.16098,1.6385
-0.46397,0.14459,1.6498
-0.46521,0.12132,1.6533
-0.46674,0.10494,1.6571
-0.46829,0.081182,1.6624
-0.47048,0.064341,1.6691
-0.47003,0.040605,1.673
-0.47343,0.023403,1.6773
-0.47349,-0.00058192,1.6815
-0.47676,-0.01806,1.6893
-0.47774,-0.042458,1.693
-0.47976,-0.060008,1.7019
-0.48017,-0.084662,1.707
-0.48313,-0.10262,1.7173
-0.48421,-0.12752,1.7153
-0.48605,-0.14587,1.7196
-0.48876,-0.17131,1.7329
-0.49177,-0.1904,1.7417
-0.49539,-0.21655,1.7589
-0.49667,-0.23615,1.7657
-0.49787,-0.26176,1.7644
-0.50143,-0.28168,1.7816
-0.50256,-0.30871,1.7836
-0.50757,-0.32934,1.7965
-0.50768,-0.35704,1.8089
-0.51002,-0.37614,1.8124
-0.51233,-0.40515,1.819
-0.51522,-0.42552,1.8271
-0.51834,-0.45387,1.8274
-0.52107,-0.47675,1.8504
-0.52306,-0.50663,1.851
-0.5248,-0.52547,1.8608
-0.52713,-0.55459,1.874
-0.52783,-0.57564,1.8729
-0.52645,-0.60098,1.8661
-0.51938,-0.61556,1.849
-0.52589,-0.64548,1.8599
-0.51779,-0.65473,1.8323
-0.51296,-0.67595,1.8141
-0.50468,-0.68147,1.7894
-0.49746,-0.69694,1.7559
