0.31177,0.38437,0.99734
0.31239,0.37175,1.0064
0.30931,0.3542,0.99177
0.31752,0.34834,1.0164
0.31868,0.33995,1.0156
0.31136,0.31878,0.9963
0.31127,0.30587,0.99368
0.31433,0.29732,1.0046
0.31169,0.28423,1.0002
0.31064,0.26924,1.0007
0.30573,0.25432,0.97225
0.30467,0.24086,0.97434
0.30668,0.23403,0.98862
0.2979,0.2111,0.9582
0.3065,0.20715,0.9858
0.29879,0.18905,0.96004
0.29945,0.18021,0.96553
0.29756,0.16369,0.9498
0.28602,0.14821,0.91895
0.28578,0.13499,0.92157
0.30436,0.13446,0.97918
0.32834,0.1306,1.0565
0.33368,0.12275,1.0828
0.20677,0.065757,0.66792
0.18315,0.051716,0.5868
0.17762,0.041815,0.56933
0.17603,0.03543,0.56349
0.17394,0.027071,0.55523
0.17198,0.021231,0.54905
0.17095,0.013299,0.54598
0.17006,0.007594,0.54371
0.16869,-0.00020923,0.53884
0.16815,-0.0057797,0.53703
0.16875,-0.013471,0.53884
0.16746,-0.018923,0.53408
0.1666,-0.026593,0.5329
0.16669,-0.032027,0.53173
0.16658,-0.039711,0.53198
0.16625,-0.045036,0.53062
0.16572,-0.052607,0.53097
0.16571,-0.05811,0.53072
0.16554,-0.065864,0.52993
0.16556,-0.070807,0.52686
0.16573,-0.078578,0.52725
0.16439,-0.084095,0.52891
0.16602,-0.092187,0.52787
0.166,-0.097395,0.53273
0.16587,-0.10516,0.52923
0.1667,-0.11086,0.52858
0.16766,-0.11886,0.53348
0.16797,-0.12479,0.53694
0.16905,-0.13363,0.54071
0.16997,-0.14149,0.54753
0.17306,-0.15002,0.54984
0.17521,-0.1587,0.55849
0.18595,-0.17651,0.59453
0.24708,-0.24289,0.79245
0.26456,-0.27268,0.84731
0.26711,-0.28546,0.85573
0.26698,-0.29604,0.85244
0.26946,-0.30767,0.85603
0.27117,-0.32233,0.86501
0.27031,-0.33203,0.86737
0.27396,-0.34592,0.87703
0.30727,0.39129,1.0333
0.31548,0.3848,1.0475
0.31383,0.37413,1.0507
0.31148,0.35712,1.0482
0.31079,0.34517,1.041
0.31361,0.33174,1.0451
0.31163,0.32334,1.042
0.31711,0.30957,1.0507
0.31347,0.29803,1.0479
0.30985,0.27878,1.0341
0.30738,0.26581,1.032
0.30735,0.25159,1.0352
0.30295,0.23651,1.0152
0.29921,0.22256,0.99858
0.2998,0.21259,0.99923
0.29811,0.19576,0.99166
0.29278,0.18285,0.97775
0.29325,0.16923,0.97999
0.29371,0.15932,0.98151
0.30306,0.14983,1.0147
0.31605,0.14604,1.0582
0.3166,0.13105,1.06
0.20035,0.075479,0.6694
0.17836,0.058548,0.5969
0.17382,0.051026,0.58033
0.17008,0.041895,0.56425
0.16768,0.035392,0.55784
0.16576,0.027112,0.55108
0.16475,0.021144,0.54852
0.16394,0.013217,0.54264
0.16213,0.0075511,0.54063
0.16198,-0.00019941,0.53889
0.16179,-0.0057683,0.53796
0.161,-0.013409,0.53285
0.16045,-0.018919,0.53257
0.16034,-0.026512,0.53218
0.16029,-0.031989,0.53142
0.16016,-0.039592,0.53067
0.15931,-0.045059,0.53026
0.15913,-0.052531,0.52892
0.15947,-0.057973,0.52839
0.15924,-0.06561,0.52895
0.15906,-0.071031,0.52862
0.15859,-0.078467,0.52765
0.15851,-0.083891,0.52825
0.15818,-0.091767,0.52754
0.15939,-0.097266,0.52807
0.15934,-0.10508,0.52934
0.15953,-0.11082,0.52856
0.15974,-0.11854,0.52886
0.16017,-0.12454,0.53436
0.16119,-0.13249,0.53702
0.16262,-0.13935,0.5405
0.1639,-0.1488,0.54278
0.16645,-0.15585,0.55421
0.16912,-0.16668,0.55892
0.19494,-0.19962,0.64809
0.25504,-0.2735,0.84996
0.26203,-0.29001,0.86567
0.26821,-0.31096,0.89258
0.26665,-0.31817,0.88987
0.26554,-0.32957,0.88605
0.26783,-0.34016,0.89528
0.27197,-0.36133,0.90885
0.31269,0.41888,1.0892
0.31149,0.40262,1.0821
0.30878,0.38551,1.0741
0.30578,0.36368,1.0608
0.30219,0.35201,1.0576
0.30365,0.34006,1.063
0.30578,0.33248,1.0741
0.3101,0.31914,1.0786
0.3109,0.30877,1.0814
0.30701,0.28677,1.0603
0.29975,0.27268,1.0407
0.29998,0.25741,1.0439
0.3001,0.24824,1.0483
0.30088,0.23192,1.0514
0.29638,0.21743,1.0365
0.29334,0.20217,1.0202
0.29124,0.18862,1.0125
0.29191,0.17457,1.0148
0.30307,0.17178,1.0567
0.32659,0.16838,1.1406
0.32703,0.15679,1.1422
0.27445,0.11693,0.93971
0.17457,0.068994,0.60861
0.16927,0.057817,0.58948
0.16552,0.050459,0.5675
0.16135,0.041437,0.55954
0.15964,0.035178,0.55344
0.15851,0.026901,0.5501
0.15743,0.021066,0.54433
0.15603,0.01323,0.54246
0.15589,0.0075375,0.54007
0.15564,-0.00019044,0.53842
0.15476,-0.0057469,0.53461
0.15438,-0.013414,0.53436
0.15385,-0.018912,0.533
0.15337,-0.0265,0.53242
0.15299,-0.031928,0.53144
0.15276,-0.039504,0.52933
0.15265,-0.045027,0.52867
0.15248,-0.052572,0.52802
0,0,-1
0,0,-1
0,0,-1
0,0,-1
0,0,-1
0,0,-1
0.15175,-0.097173,0.52697
0.15264,-0.10475,0.52784
0.15278,-0.11032,0.52908
0.15298,-0.11848,0.52856
0.15344,-0.12437,0.53348
0.15387,-0.13221,0.53441
0.15479,-0.13815,0.53746
0.15584,-0.14713,0.53885
0.15755,-0.15456,0.54235
0.15976,-0.16474,0.55491
0.16656,-0.17764,0.5759
0.19785,-0.22239,0.68821
0.25978,-0.30049,0.89904
0.26545,-0.31659,0.91654
0.26693,-0.33145,0.92922
0.26625,-0.34426,0.9252
0.26685,-0.35344,0.92222
0.27226,-0.37413,0.93684
0.30477,0.42321,1.1032
0.30618,0.41431,1.1119
0.30713,0.40398,1.1154
0.30675,0.38293,1.1081
0.30528,0.37137,1.1107
0.30585,0.35359,1.1127
0.30607,0.34313,1.1117
0.3072,0.33008,1.12
0.30675,0.31937,1.1188
0.30496,0.30113,1.1112
0.30246,0.2857,1.0884
0.30342,0.27007,1.0918
0.30242,0.25781,1.0936
0.30022,0.24213,1.0897
0.29448,0.22643,1.0721
0.29525,0.21167,1.0749
0.29875,0.20259,1.0815
0.30424,0.19062,1.1024
0.32717,0.19225,1.1998
0.32977,0.17678,1.2022
0.30957,0.15399,1.1375
0.18279,0.08134,0.6614
0.16442,0.067134,0.59649
0.15977,0.05662,0.58306
0.15568,0.050098,0.56648
0.15462,0.041345,0.5578
0.15256,0.03493,0.5523
0.15171,0.026887,0.54825
0.15075,0.021079,0.54571
0.14971,0.01318,0.54145
0.14866,0.0075319,0.53808
0.14856,-0.00018166,0.53622
0.14834,-0.0057431,0.53498
0.14727,-0.013386,0.53335
0.14692,-0.018861,0.5328
0.14664,-0.026365,0.53114
0.1465,-0.031832,0.53033
0.14632,-0.039376,0.5295
0,0,-1
0,0,-1
0,0,-1
0,0,-1
0,0,-1
0,0,-1
0,0,-1
0,0,-1
0.14556,0,-1
0.14573,-0.10464,0.52586
0.14604,-0.11038,0.52791
0.14619,-0.11794,0.52923
0.14667,-0.12411,0.52996
0.14714,-0.13178,0.53232
0.14775,-0.13799,0.53466
0.14853,-0.14578,0.5379
0.15038,-0.1533,0.54063
0.15172,-0.16309,0.54299
0.1562,-0.17233,0.56041
0.16102,-0.18807,0.58233
0.25258,-0.3052,0.91976
0.25715,-0.32366,0.93909
0.26598,-0.3455,0.96618
0.26721,-0.35815,0.96482
0.26886,-0.37352,0.97765
0.26994,-0.38774,0.97347
0.30338,0.43997,1.1484
0.30611,0.43044,1.1632
0.30729,0.41989,1.1668
0.30972,0.40689,1.1838
0.30949,0.39395,1.1661
0.31076,0.3785,1.1853
0.31054,0.36577,1.1798
0.3117,0.35023,1.1842
0.31075,0.33635,1.1832
0.30515,0.31641,1.1694
0.30553,0.30471,1.1688
0.29756,0.28,1.1364
0.29476,0.2632,1.1238
0.29371,0.2456,1.1151
0.28997,0.2332,1.0988
0.29073,0.21801,1.1017
0.30606,0.21807,1.1688
0.315,0.20707,1.2068
0.34275,0.21114,1.2994
0.33888,0.18959,1.2962
0.20243,0.10517,0.76902
0.16231,0.075934,0.61909
0.15424,0.06608,0.58683
0.15201,0.056152,0.57514
0.14864,0.049654,0.56287
0.14674,0.040988,0.55576
0.14541,0.034895,0.55171
0.14447,0.02686,0.54749
0.14354,0.021003,0.54311
0.14238,0.013162,0.53951
0.14215,0.0075338,0.53663
0.14164,-0.00017329,0.53548
0.14092,-0.0057224,0.53473
0.14089,-0.013365,0.53289
0.14061,-0.01882,0.53164
0.13996,-0.026399,0.53127
0,0,-1
0,0,-1
0,0,-1
0,0,-1
0,0,-1
0,0,-1
0,0,-1
0,0,-1
0,0,-1
0,0,-1
0,0,-1
0.13941,-0.10466,0.52711
0.13969,-0.11023,0.52708
0.13958,-0.11799,0.52799
0.13986,-0.12358,0.53012
0.14042,-0.13172,0.53219
0.14127,-0.13787,0.53376
0.14147,-0.1458,0.53441
0.14316,-0.15262,0.53827
0.14391,-0.16121,0.54354
0.14658,-0.16989,0.55006
0.14918,-0.18074,0.56775
0.18744,-0.23579,0.70822
0.25298,-0.33167,0.95966
0.25915,-0.35234,0.98176
0.26585,-0.37605,1.0022
0.26755,-0.387,1.0096
0.26883,-0.39985,1.0104
0.30292,0.46323,1.2088
0.30426,0.44801,1.2146
0.30509,0.43763,1.2184
0.30694,0.42203,1.2275
0.30785,0.40922,1.23
0.30918,0.39334,1.2353
0.31004,0.38028,1.2384
0.30579,0.35951,1.2135
0.30436,0.34559,1.2031
0.29975,0.32383,1.1956
0.29651,0.30723,1.182
0.29574,0.29028,1.1849
0.2964,0.27871,1.1806
0.29213,0.25596,1.1657
0.29146,0.24451,1.168
0.29371,0.23105,1.1719
0.30983,0.23167,1.234
0.32953,0.22491,1.3028
0.33111,0.21449,1.309
0.33074,0.1951,1.3058
0.16412,0.089314,0.6494
0.15136,0.074413,0.59937
0.14712,0.064787,0.57988
0.14423,0.055925,0.57117
0.14058,0.049326,0.56038
0.13972,0.040871,0.55363
0.13826,0.034793,0.54897
0.13725,0.02677,0.54601
0.13614,0.021008,0.54315
0.13563,0.013157,0.5409
0.13548,0.0075318,0.53701
0.13467,-0.00016563,0.53633
0.13459,-0.0057227,0.53349
0.13449,-0.013338,0.5329
0.13378,-0.018848,0.53256
0,0,-1
0,0,-1
0,0,-1
0,0,-1
0,0,-1
0,0,-1
0,0,-1
0,0,-1
0,0,-1
0,0,-1
0,0,-1
0,0,-1
0,0,-1
0.1331,-0.11011,0.52732
0.13335,-0.11757,0.52709
0.13324,-0.12371,0.52942
0.13384,-0.13172,0.53045
0.13462,-0.1374,0.53252
0.13468,-0.14552,0.53475
0.13563,-0.15226,0.53923
0.13723,-0.16058,0.54462
0.13797,-0.16905,0.54996
0.14092,-0.18054,0.55996
0.15017,-0.19846,0.59622
0.23459,-0.32227,0.93625
0.25533,-0.364,1.0093
0.2567,-0.37976,1.0218
0.25824,-0.38979,1.0254
0.25659,-0.40311,1.0192
0.29795,0.47716,1.2395
0.29649,0.45773,1.245
0.29728,0.44602,1.2429
0.29868,0.43045,1.2482
0.29845,0.4185,1.2493
0.3012,0.40424,1.2629
0.29931,0.38981,1.2543
0.30024,0.37218,1.255
0.29844,0.35738,1.2489
0.29468,0.33246,1.2261
0.29044,0.31609,1.2212
0.28962,0.29659,1.1979
0.28446,0.28158,1.1971
0.285,0.26531,1.2006
0.28968,0.25802,1.2166
0.29727,0.24509,1.2369
0.3116,0.24357,1.3033
0.33116,0.23647,1.3817
0.32699,0.22257,1.3736
0.27716,0.17167,1.1575
0.14859,0.085225,0.62531
0.14206,0.073174,0.59704
0.13795,0.064892,0.57703
0.13653,0.055455,0.56414
0.13357,0.049164,0.55809
0.13322,0.040843,0.55407
0.13119,0.03469,0.54935
0.13041,0.026737,0.5464
0.12956,0.020953,0.54219
0.12893,0.013148,0.53788
0.12841,0.0075499,0.53634
0.12836,-0.0001584,0.53612
0.12788,-0.0057057,0.53499
0.12786,-0.013324,0.53372
0,0,-1
0,0,-1
0,0,-1
0,0,-1
0,0,-1
0,0,-1
0,0,-1
0,0,-1
0,0,-1
0,0,-1
0,0,-1
0,0,-1
0,0,-1
0,0,-1
0,0,-1
0,0,-1
0.12698,-0.12311,0.52738
0.12729,-0.13126,0.52973
0.12801,-0.13765,0.53384
0.12834,-0.14581,0.53521
0.12914,-0.15162,0.53734
0.13043,-0.16087,0.54116
0.1311,-0.16775,0.54515
0.13313,-0.17859,0.55368
0.13729,-0.19097,0.57403
0.16381,-0.23626,0.68101
0.2436,-0.36519,1.0139
0.24517,-0.38068,1.0244
0.24727,-0.39305,1.0297
0.25118,-0.41072,1.0387
0.28665,0.49044,1.2781
0.28688,0.46814,1.2674
0.28725,0.45422,1.2606
0.28846,0.43805,1.2666
0.28837,0.42494,1.2704
0.29056,0.41002,1.2841
0.29006,0.39444,1.2759
0.28894,0.37657,1.2791
0.28792,0.3625,1.2755
0.2858,0.34235,1.2618
0.2811,0.3255,1.2387
0.27868,0.305,1.2357
0.279,0.29136,1.2338
0.27982,0.27595,1.2422
0.28612,0.26702,1.2708
0.29833,0.25726,1.3137
0.3144,0.25921,1.3851
0.3157,0.23994,1.3884
0.31118,0.22316,1.3772
0.19154,0.12405,0.84471
0.13894,0.084007,0.61477
0.13374,0.072423,0.59023
0.13063,0.064876,0.57241
0.12811,0.055486,0.56452
0.12685,0.049069,0.55604
0.12595,0.040709,0.55171
0.12466,0.034779,0.55082
0.12411,0.026716,0.54498
0.12311,0.020957,0.54142
0.12219,0.013188,0.53838
0.12196,0.0075693,0.53723
0.12174,-0.00015081,0.53556
0.12154,-0.0057,0.53529
0,0,-1
0,0,-1
0,0,-1
0,0,-1
0,0,-1
0,0,-1
0,0,-1
0,0,-1
0,0,-1
0,0,-1
0,0,-1
0,0,-1
0,0,-1
0,0,-1
0,0,-1
0,0,-1
0,0,-1
0,0,-1
0.12049,-0.13131,0.53054
0.12123,-0.13718,0.53314
0.1218,-0.14595,0.53489
0.12212,-0.1519,0.53763
0.123,-0.16078,0.5394
0.12384,-0.1673,0.54523
0.12515,-0.1781,0.54868
0.12922,-0.1877,0.56469
0.13695,-0.20907,0.60065
0.23402,-0.36833,1.0305
0.23719,-0.3882,1.0433
0.2417,-0.41022,1.0674
0.24546,-0.42596,1.0733
0.27712,0.49506,1.2923
0.27836,0.47883,1.2981
0.27822,0.46453,1.2983
0.27756,0.44355,1.2904
0.27778,0.43112,1.2901
0.2789,0.41441,1.2995
0.27941,0.40249,1.3037
0.28047,0.38542,1.3087
0.27949,0.36687,1.3034
0.27581,0.34827,1.2856
0.27361,0.33376,1.2742
0.27449,0.3157,1.2783
0.27541,0.30313,1.2858
0.27784,0.28873,1.3036
0.28758,0.28075,1.3444
0.29903,0.27565,1.395
0.3096,0.26553,1.4388
0.30505,0.24535,1.4399
0.28954,0.21849,1.3469
0.15115,0.10386,0.70894
0.13054,0.083582,0.60705
0.1259,0.072303,0.58645
0.1235,0.0644,0.57156
0.12097,0.055364,0.56159
0.11961,0.048993,0.55635
0.11875,0.040786,0.55286
0.11829,0.034873,0.55062
0.11703,0.026701,0.54614
0.1164,0.020976,0.54059
0.11594,0.01321,0.53922
0.11568,0.007563,0.53798
0.11537,-0.0001444,0.53592
0,0,-1
0,0,-1
0,0,-1
0,0,-1
0,0,-1
0,0,-1
0,0,-1
0,0,-1
0,0,-1
0,0,-1
0,0,-1
0,0,-1
0,0,-1
0,0,-1
0,0,-1
0,0,-1
0,0,-1
0,0,-1
0,0,-1
0,0,-1
0.11467,-0.1375,0.53247
0.1153,-0.14563,0.53597
0.11586,-0.15165,0.53804
0.11634,-0.16037,0.53979
0.11719,-0.16732,0.54384
0.11821,-0.17651,0.54858
0.1209,-0.18745,0.55811
0.12537,-0.20171,0.58198
0.21951,-0.36526,1.0187
0.23002,-0.40122,1.0733
0.24178,-0.42756,1.1253
0.24298,-0.44789,1.1309
0.27176,0.51774,1.3448
0.2726,0.4983,1.3509
0.27107,0.47982,1.3462
0.27223,0.46276,1.3399
0.27402,0.45129,1.344
0.27531,0.43413,1.3592
0.27726,0.42118,1.3651
0.27831,0.40332,1.3703
0.2745,0.38336,1.3537
0.26972,0.36171,1.3327
0.2663,0.34377,1.3234
0.26717,0.32601,1.3278
0.27315,0.31528,1.3404
0.2743,0.30118,1.3555
0.28415,0.29572,1.4045
0.29286,0.28749,1.4659
0.29592,0.27421,1.4686
0.29387,0.25262,1.4637
0.24889,0.19909,1.2358
0.13306,0.097229,0.66254
0.12199,0.082745,0.60232
0.11814,0.071972,0.58733
0.1161,0.064518,0.57134
0.11419,0.05542,0.5625
0.11311,0.048849,0.55637
0.11214,0.040829,0.5542
0.11186,0.03493,0.54919
0.11067,0.026736,0.54689
0.11008,0.021006,0.5419
0.10948,0.013208,0.53985
0.10922,0.0075669,0.53794
0.10892,-0.00013822,0.53691
0,0,-1
0,0,-1
0,0,-1
0,0,-1
0,0,-1
0,0,-1
0,0,-1
0,0,-1
0,0,-1
0,0,-1
0,0,-1
0,0,-1
0,0,-1
0,0,-1
0,0,-1
0,0,-1
0,0,-1
0,0,-1
0,0,-1
0,0,-1
0.10832,-0.1378,0.53345
0.10814,-0.14518,0.53192
0.10956,-0.15192,0.53926
0.10987,-0.16021,0.53931
0.11051,-0.16697,0.54191
0.11118,-0.17546,0.54683
0.11281,-0.18415,0.55377
0.11659,-0.1958,0.56943
0.18043,-0.3187,0.89368
0.22934,-0.41814,1.1315
0.23525,-0.44186,1.1602
0.23806,-0.46192,1.1682
0.26374,0.53695,1.3907
0.26493,0.51404,1.3926
0.26533,0.49972,1.3958
0.26646,0.48347,1.4031
0.26726,0.46894,1.4042
0.26638,0.44672,1.4002
0.26713,0.43355,1.4043
0.26815,0.41517,1.4097
0.26728,0.39971,1.404
0.26822,0.38107,1.409
0.26818,0.3665,1.4088
0.26965,0.34757,1.4136
0.27018,0.3336,1.4168
0.27107,0.31436,1.4335
0.27781,0.31236,1.4656
0.28275,0.29295,1.4757
0.28237,0.27792,1.4755
0.28051,0.2544,1.467
0.19594,0.16719,1.0333
0.11961,0.093331,0.63277
0.1139,0.082377,0.59797
0.11118,0.071917,0.58422
0.10851,0.064146,0.57183
0.10729,0.055522,0.56268
0.10657,0.04923,0.55705
0.10564,0.040926,0.55317
0.10522,0.034841,0.55024
0.10445,0.026825,0.5461
0.10378,0.02109,0.5443
0.10317,0.013244,0.54134
0.10263,0.0075866,0.53917
0.10231,-0.00013257,0.53749
0,0,-1
0,0,-1
0,0,-1
0,0,-1
0,0,-1
0,0,-1
0,0,-1
0,0,-1
0,0,-1
0,0,-1
0,0,-1
0,0,-1
0,0,-1
0,0,-1
0,0,-1
0,0,-1
0,0,-1
0,0,-1
0,0,-1
0,0,-1
0,0,-1
0,0,-1
0.10207,-0.15128,0.53434
0.10307,-0.1605,0.54017
0.10404,-0.16686,0.54272
0.10449,-0.17582,0.54798
0.10593,-0.18364,0.55306
0.10861,-0.19561,0.56406
0.13814,-0.25802,0.72097
0.22233,-0.43208,1.1665
0.22895,-0.45917,1.1972
0.23157,-0.4773,1.2114
0.25825,0.55422,1.446
0.2581,0.53702,1.4527
0.25893,0.5237,1.4588
0.26071,0.50333,1.4652
0.2615,0.48786,1.4677
0.26151,0.46784,1.4547
0.2616,0.45405,1.4589
0.26165,0.43316,1.4683
0.26109,0.41897,1.4723
0.26131,0.39926,1.4675
0.26137,0.38264,1.4706
0.26213,0.36287,1.4755
0.26273,0.34913,1.4804
0.26464,0.3293,1.4881
0.26824,0.31853,1.514
0.26897,0.29781,1.5064
0.26712,0.27955,1.4891
0.26342,0.25517,1.4701
0.15722,0.13973,0.88399
0.11087,0.091979,0.62228
0.10658,0.082266,0.59862
0.10387,0.071547,0.58165
0.10181,0.064169,0.5729
0.10024,0.055405,0.56379
0.099618,0.049253,0.55744
0.098944,0.040815,0.55436
0.098653,0.034882,0.55052
0.098001,0.026887,0.54687
0.097369,0.021151,0.54547
0.096964,0.013296,0.54251
0.096413,0.0076081,0.54076
0.096247,-0.00012701,0.53865
0,0,-1
0,0,-1
0,0,-1
0,0,-1
0,0,-1
0,0,-1
0,0,-1
0,0,-1
0,0,-1
0,0,-1
0,0,-1
0,0,-1
0,0,-1
0,0,-1
0,0,-1
0,0,-1
0,0,-1
0,0,-1
0,0,-1
0,0,-1
0,0,-1
0,0,-1
0,0,-1
0.096629,-0.16046,0.54125
0.097434,-0.16718,0.54278
0.098029,-0.17615,0.54755
0.099244,-0.18375,0.55244
0.10071,-0.19483,0.5612
0.11673,-0.23418,0.65561
0.21547,-0.44896,1.2036
0.22114,-0.47015,1.2373
0.2241,-0.49661,1.2532
0.24936,0.57343,1.5039
0.25049,0.55466,1.504
0.25003,0.53973,1.5053
0.2522,0.52056,1.5111
0.25186,0.50675,1.5158
0.25215,0.48714,1.5251
0.25287,0.47177,1.5295
0.2535,0.44992,1.5303
0.25362,0.43386,1.5209
0.25332,0.41188,1.5212
0.25248,0.39664,1.521
0.25331,0.37592,1.5227
0.25353,0.35822,1.5262
0.25476,0.33972,1.5311
0.25447,0.3228,1.5375
0.25423,0.30103,1.5378
0.25332,0.28326,1.5122
0.2484,0.25567,1.4857
0.13533,0.13135,0.81203
0.10352,0.092162,0.62351
0.099124,0.081913,0.59844
0.09687,0.071531,0.57994
0.095063,0.064252,0.57326
0.093597,0.055519,0.56493
0.092947,0.049355,0.55856
0.092304,0.040963,0.5565
0.092082,0.034869,0.54986
0.091267,0.026944,0.547
0.090977,0.021174,0.54649
0.090541,0.013327,0.54361
0.090027,0.0076284,0.54186
0,0,-1
0,0,-1
0,0,-1
0,0,-1
0,0,-1
0,0,-1
0,0,-1
0,0,-1
0,0,-1
0,0,-1
0,0,-1
0,0,-1
0,0,-1
0,0,-1
0,0,-1
0,0,-1
0,0,-1
0,0,-1
0,0,-1
0,0,-1
0,0,-1
0,0,-1
0,0,-1
0,0,-1
0.090223,-0.16044,0.5419
0.090974,-0.16748,0.5438
0.09153,-0.17639,0.54933
0.092137,-0.18379,0.55207
0.093544,-0.1948,0.56054
0.10448,-0.22387,0.62784
0.20497,-0.45607,1.2244
0.21019,-0.48167,1.2615
0.21321,-0.50708,1.2666
0.23678,0.58926,1.5404
0.23673,0.56999,1.5387
0.23743,0.55347,1.5437
0.23845,0.53382,1.5539
0.23942,0.51943,1.5601
0.24102,0.50195,1.5683
0.24108,0.48419,1.5711
0.24107,0.46217,1.5703
0.24135,0.44655,1.564
0.24035,0.4239,1.5706
0.23997,0.40497,1.5649
0.24072,0.38351,1.5559
0.24127,0.36649,1.5588
0.24226,0.34536,1.5635
0.2421,0.32935,1.5668
0.23955,0.30619,1.5538
0.23653,0.28596,1.5434
0.23218,0.26076,1.5038
0.12567,0.13159,0.81353
0.096869,0.093462,0.63027
0.091272,0.080966,0.58833
0.089958,0.071666,0.58023
0.088169,0.064374,0.57299
0.08699,0.055561,0.56599
0.086315,0.049351,0.55961
0.085719,0.041043,0.55696
0.085195,0.034938,0.5509
0.084681,0.026964,0.54804
0.084419,0.021192,0.54585
0.084082,0.013345,0.54406
0.083779,0.0076481,0.54258
0,0,-1
0,0,-1
0,0,-1
0,0,-1
0,0,-1
0,0,-1
0,0,-1
0,0,-1
0,0,-1
0,0,-1
0,0,-1
0,0,-1
0,0,-1
0,0,-1
0,0,-1
0,0,-1
0,0,-1
0,0,-1
0,0,-1
0,0,-1
0,0,-1
0,0,-1
0,0,-1
0,0,-1
0.08402,-0.16101,0.54246
0.084481,-0.16776,0.54417
0.085006,-0.17668,0.54952
0.08556,-0.18385,0.55302
0.086866,-0.195,0.5615
0.094855,-0.21957,0.61039
0.19032,-0.45602,1.2265
0.19173,-0.4717,1.2417
0.19789,-0.5102,1.2851
0.22388,0.60439,1.5807
0.22489,0.58463,1.5868
0.22518,0.57045,1.592
0.22703,0.55134,1.6028
0.22726,0.53538,1.6049
0.22853,0.51597,1.6145
0.22883,0.49837,1.6163
0.22958,0.4792,1.6171
0.22982,0.46055,1.6158
0.22878,0.43553,1.6175
0.22909,0.41922,1.6107
0.22821,0.39684,1.6112
0.22779,0.38079,1.6046
0.22633,0.35028,1.5856
0.22401,0.3309,1.5808
0.22105,0.30802,1.5679
0.21826,0.28644,1.5461
0.21286,0.2612,1.5063
0.11777,0.13501,0.83224
0.090134,0.094014,0.6372
0.084151,0.081105,0.58934
0.082956,0.071145,0.58074
0.081256,0.064486,0.57332
0.080366,0.055891,0.56443
0.079714,0.049396,0.5584
0.079098,0.041117,0.55706
0.078615,0.035001,0.55186
0.07826,0.027049,0.54973
0.0779,0.021216,0.54557
0.077551,0.013344,0.54502
0.0772,0.0076656,0.54211
0,0,-1
0,0,-1
0,0,-1
0,0,-1
0,0,-1
0,0,-1
0,0,-1
0,0,-1
0,0,-1
0,0,-1
0,0,-1
0,0,-1
0,0,-1
0,0,-1
0,0,-1
0,0,-1
0,0,-1
0,0,-1
0,0,-1
0,0,-1
0,0,-1
0,0,-1
0,0,-1
0,0,-1
0.07753,-0.16095,0.54334
0.077951,-0.16796,0.54579
0.07844,-0.17717,0.54794
0.079181,-0.18413,0.55579
0.080317,-0.19468,0.56418
0.08624,-0.21718,0.60574
0.14631,-0.3834,1.029
0.17506,-0.46745,1.2242
0.1748,-0.48276,1.2255
0.20513,0.60711,1.5855
0.20639,0.58727,1.5959
0.20828,0.57383,1.6027
0.20918,0.5542,1.6121
0.21048,0.54152,1.6179
0.21213,0.52128,1.6337
0.21273,0.50627,1.6315
0.21264,0.48485,1.6379
0.21306,0.46624,1.6334
0.21173,0.44419,1.6332
0.21177,0.42353,1.6244
0.21072,0.39928,1.6222
0.21015,0.38322,1.6191
0.20926,0.35939,1.612
0.20461,0.33515,1.5914
0.20245,0.3076,1.5703
0.19975,0.28689,1.5325
0.19248,0.25948,1.5095
0.11528,0.14407,0.89284
0.083128,0.094781,0.64114
0.077073,0.081684,0.59655
0.075353,0.071604,0.58166
0.074422,0.064457,0.57283
0.073887,0.055709,0.56534
0.07301,0.049519,0.56133
0.072303,0.04125,0.55795
0.072037,0.035152,0.55381
0.071863,0.02713,0.55062
0.071348,0.021251,0.54754
0.071029,0.013369,0.5459
0.070812,0.0076832,0.54406
0,0,-1
0,0,-1
0,0,-1
0,0,-1
0,0,-1
0,0,-1
0,0,-1
0,0,-1
0,0,-1
0,0,-1
0,0,-1
0,0,-1
0,0,-1
0,0,-1
0,0,-1
0,0,-1
0,0,-1
0,0,-1
0,0,-1
0,0,-1
0,0,-1
0,0,-1
0,0,-1
0,0,-1
0,0,-1
0.071516,-0.1682,0.54754
0.071845,-0.17742,0.54876
0.0726,-0.18528,0.55661
0.073599,-0.19495,0.5674
0.078648,-0.21543,0.60253
0.11382,-0.32522,0.88286
0.13358,-0.3896,1.0269
0.13613,-0.40235,1.0426
0.19138,0.62229,1.6275
0.19224,0.60196,1.6351
0.1929,0.58727,1.6405
0.19384,0.5686,1.652
0.19489,0.55398,1.658
0.1959,0.53365,1.6685
0.19641,0.517,1.6704
0.19667,0.49452,1.6754
0.19702,0.47816,1.6748
0.19664,0.45405,1.6741
0.19677,0.43602,1.6727
0.19565,0.40996,1.6623
0.1938,0.38881,1.6517
0.19134,0.36237,1.628
0.18686,0.33694,1.6044
0.18355,0.30803,1.5712
0.18132,0.28733,1.5351
0.17473,0.25985,1.5116
0.11848,0.16174,0.99514
0.076566,0.096336,0.65014
0.071311,0.08298,0.60606
0.068403,0.071708,0.58348
0.067558,0.064774,0.57507
0.067072,0.056064,0.56889
0.066276,0.049707,0.56238
0.065593,0.041331,0.55877
0.065393,0.035219,0.55476
0.065264,0.027186,0.5525
0.064874,0.021285,0.55026
0.0646,0.0134,0.5475
0.064371,0.0076979,0.54489
0,0,-1
0,0,-1
0,0,-1
0,0,-1
0,0,-1
0,0,-1
0,0,-1
0,0,-1
0,0,-1
0,0,-1
0,0,-1
0,0,-1
0,0,-1
0,0,-1
0,0,-1
0,0,-1
0,0,-1
0,0,-1
0,0,-1
0,0,-1
0,0,-1
0,0,-1
0,0,-1
0,0,-1
0,0,-1
0.064979,-0.16877,0.54917
0.065315,-0.17783,0.55381
0.06626,-0.18583,0.5583
0.067202,-0.1966,0.56856
0.0714,-0.2157,0.60333
0.10035,-0.31169,0.8224
0.11008,-0.35305,0.92586
0.10959,-0.3646,0.92141
0.17238,0.62599,1.6306
0.17282,0.60549,1.6397
0.17337,0.59061,1.6467
0.17471,0.56998,1.6557
0.17523,0.55575,1.6621
0.17644,0.53523,1.6726
0.17693,0.51933,1.6759
0.17756,0.49698,1.6825
0.17741,0.4796,1.6834
0.17756,0.45645,1.6834
0.17703,0.43838,1.6805
0.17706,0.41403,1.6804
0.1761,0.39416,1.6682
0.17456,0.36686,1.6589
0.17175,0.34579,1.6286
0.16723,0.31143,1.5997
0.16511,0.29082,1.5565
0.1611,0.26268,1.5288
0.12846,0.20057,1.2403
0.073774,0.10338,0.70204
0.064141,0.08365,0.6094
0.062472,0.072626,0.59016
0.061077,0.06486,0.57599
0.06029,0.056321,0.5699
0.059889,0.049875,0.56582
0.058902,0.041457,0.56354
0.058818,0.035299,0.5555
0.058614,0.027268,0.55352
0.058394,0.021412,0.55112
0.058058,0.013425,0.55099
0.057846,0.0077112,0.54562
0,0,-1
0,0,-1
0,0,-1
0,0,-1
0,0,-1
0,0,-1
0,0,-1
0,0,-1
0,0,-1
0,0,-1
0,0,-1
0,0,-1
0,0,-1
0,0,-1
0,0,-1
0,0,-1
0,0,-1
0,0,-1
0,0,-1
0,0,-1
0,0,-1
0,0,-1
0,0,-1
0,0,-1
0.057699,-0.16169,0.5445
0.058465,-0.16961,0.55062
0.059118,-0.17824,0.55473
0.059713,-0.18662,0.56296
0.060725,-0.19799,0.5713
0.065382,-0.22071,0.61757
0.090126,-0.31204,0.82338
0.098871,-0.35345,0.92695
0.10547,-0.39614,0.99242
0.15274,0.62656,1.6338
0.15342,0.60645,1.6414
0.15416,0.59153,1.6501
0.15503,0.57159,1.6591
0.15571,0.55716,1.6646
0.15655,0.53627,1.6759
0.15685,0.52048,1.6792
0.15744,0.49789,1.6862
0.15773,0.48081,1.6879
0.15749,0.45738,1.6902
0.1577,0.44047,1.6888
0.15726,0.41468,1.6823
0.15683,0.39589,1.6754
0.15479,0.36726,1.6616
0.15251,0.34618,1.6304
0.14909,0.31444,1.6015
0.14629,0.29115,1.5713
0.14274,0.26298,1.5305
0.1285,0.22467,1.3871
0.076183,0.12095,0.81557
0.05754,0.085168,0.61922
0.055881,0.073724,0.59121
0.054543,0.065592,0.57772
0.053625,0.056463,0.57139
0.053118,0.049981,0.56649
0.052627,0.041507,0.5647
0.052112,0.035342,0.55793
0.051981,0.027302,0.55559
0.051737,0.021452,0.55225
0.051446,0.013503,0.55165
0.051382,0.0077546,0.54749
0,0,-1
0,0,-1
0,0,-1
0,0,-1
0,0,-1
0,0,-1
0,0,-1
0,0,-1
0,0,-1
0,0,-1
0,0,-1
0,0,-1
0,0,-1
0,0,-1
0,0,-1
0,0,-1
0,0,-1
0,0,-1
0,0,-1
0,0,-1
0,0,-1
0,0,-1
0.051254,-0.14873,0.54619
0.051127,-0.154,0.54473
0.051245,-0.16244,0.5467
0.05192,-0.16982,0.55455
0.052635,-0.17962,0.55809
0.053047,-0.18869,0.56721
0.054621,-0.2005,0.58194
0.073147,-0.27946,0.78102
0.12034,-0.4766,1.2833
0.1278,-0.51634,1.3561
0.13012,-0.54906,1.3884
0.13307,0.62849,1.6349
0.13367,0.60728,1.6439
0.13433,0.59253,1.6521
0.13506,0.57218,1.661
0.13556,0.55827,1.6662
0.13646,0.53724,1.6782
0.13676,0.52156,1.6812
0.13732,0.49942,1.688
0.13749,0.48171,1.6907
0.13719,0.45819,1.6935
0.13737,0.44089,1.6881
0.137,0.41489,1.6853
0.13642,0.39456,1.677
0.13482,0.36738,1.6642
0.13255,0.34207,1.6244
0.12836,0.31351,1.5764
0.12682,0.29068,1.5673
0.12316,0.26194,1.5281
0.11796,0.23708,1.4391
0.075027,0.13596,0.92224
0.051689,0.088004,0.6405
0.0489,0.074565,0.60433
0.047619,0.066141,0.5811
0.046769,0.05681,0.57777
0.046261,0.050045,0.56932
0.045897,0.041709,0.56617
0.045628,0.035629,0.55883
0.045412,0.02739,0.557
0.045173,0.021508,0.5538
0.044904,0.013532,0.55223
0.044778,0.0078011,0.55164
0.044712,-9.7378e-05,0.54801
0,0,-1
0,0,-1
0,0,-1
0,0,-1
0,0,-1
0,0,-1
0,0,-1
0,0,-1
0,0,-1
0,0,-1
0,0,-1
0,0,-1
0,0,-1
0,0,-1
0,0,-1
0,0,-1
0,0,-1
0,0,-1
0,0,-1
0,0,-1
0,0,-1
0.044772,-0.1492,0.54781
0.044696,-0.15531,0.5479
0.044774,-0.16309,0.54918
0.045298,-0.17195,0.55695
0.045872,-0.18042,0.55992
0.046708,-0.18957,0.573
0.048192,-0.20664,0.59873
0.10529,-0.46065,1.2904
0.12541,-0.56907,1.537
0.12595,-0.59124,1.5455
0.12616,-0.61057,1.5392
0.11341,0.62727,1.6394
0.11403,0.60774,1.644
0.11448,0.59286,1.6546
0.11512,0.57262,1.6657
0.11546,0.5587,1.6693
0.11627,0.53766,1.6795
0.11642,0.52197,1.6855
0.11697,0.49948,1.6922
0.11709,0.4821,1.6939
0.11679,0.4586,1.6932
0.117,0.44047,1.6895
0.11667,0.41443,1.6906
0.11559,0.39436,1.6765
0.11451,0.36641,1.6591
0.11169,0.33923,1.6233
0.10925,0.31377,1.5763
0.1079,0.28738,1.5516
0.10464,0.26156,1.5255
0.1015,0.23794,1.4701
0.079569,0.16944,1.1619
0.04647,0.092428,0.67693
0.042243,0.075408,0.61149
0.040687,0.066347,0.58943
0.040236,0.057597,0.57969
0.039507,0.050493,0.57162
0.039221,0.041754,0.56687
0.039087,0.035688,0.56373
0.038751,0.027551,0.55978
0.038485,0.021649,0.55643
0.038358,0.013584,0.55379
0.038238,0.007811,0.55262
0.038128,-9.5736e-05,0.55151
0,0,-1
0,0,-1
0,0,-1
0,0,-1
0,0,-1
0,0,-1
0,0,-1
0,0,-1
0,0,-1
0,0,-1
0,0,-1
0,0,-1
0,0,-1
0,0,-1
0,0,-1
0,0,-1
0,0,-1
0,0,-1
0,0,-1
0,0,-1
0.038063,-0.14161,0.54819
0.038244,-0.15012,0.54953
0.038266,-0.15584,0.55061
0.038622,-0.16458,0.55532
0.03891,-0.17237,0.56084
0.039312,-0.18269,0.56521
0.040379,-0.19408,0.58185
0.043683,-0.21767,0.62857
0.10728,-0.54995,1.5454
0.10887,-0.58129,1.5672
0.10861,-0.59683,1.5648
0.10837,-0.61766,1.5596
0.093767,0.62776,1.637
0.094154,0.60884,1.6482
0.094629,0.59353,1.656
0.095163,0.57299,1.6669
0.095367,0.55916,1.6723
0.095951,0.53813,1.6834
0.09621,0.52231,1.6883
0.096562,0.49999,1.6947
0.096719,0.48294,1.6953
0.096459,0.45836,1.6918
0.096475,0.44077,1.6915
0.096189,0.41471,1.6918
0.095396,0.39463,1.6753
0.094501,0.36666,1.6603
0.091932,0.33947,1.6244
0.090151,0.31306,1.572
0.087999,0.28755,1.5441
0.085958,0.26174,1.5257
0.083753,0.23994,1.4833
0.078915,0.2065,1.3917
0.040893,0.097875,0.71963
0.035693,0.077431,0.63151
0.03412,0.067368,0.60239
0.033296,0.057698,0.58831
0.032779,0.051032,0.57675
0.032575,0.042021,0.57105
0.03226,0.035862,0.56594
0.03206,0.027669,0.56375
0.031984,0.02169,0.55969
0.031765,0.013664,0.55631
0.031652,0.00783,0.55508
0.031586,-9.386e-05,0.5535
0.031576,-0.0058227,0.55289
0,0,-1
0,0,-1
0,0,-1
0,0,-1
0,0,-1
0,0,-1
0,0,-1
0,0,-1
0,0,-1
0,0,-1
0,0,-1
0,0,-1
0,0,-1
0,0,-1
0,0,-1
0,0,-1
0,0,-1
0,0,-1
0,0,-1
0.031474,-0.14208,0.54914
0.031661,-0.15053,0.55022
0.031806,-0.15632,0.55439
0.031943,-0.16571,0.55642
0.03231,-0.17356,0.56325
0.032601,-0.18365,0.5696
0.034131,-0.19731,0.59519
0.041267,-0.24946,0.7193
0.09027,-0.5617,1.5755
0.090374,-0.58693,1.5792
0.090193,-0.60134,1.5744
0.089803,-0.62096,1.5672
0.073892,0.63016,1.6414
0.074263,0.60915,1.6491
0.074675,0.59409,1.6582
0.075071,0.57475,1.6685
0.075283,0.5594,1.675
0.07566,0.53916,1.6843
0.075838,0.52252,1.6893
0.076169,0.50025,1.696
0.076227,0.48358,1.6973
0.076016,0.45915,1.6928
0.076085,0.44159,1.6942
0.075793,0.41582,1.6928
0.075158,0.39521,1.6787
0.074454,0.36708,1.6612
0.072615,0.34231,1.626
0.071212,0.31063,1.5729
0.069265,0.28771,1.543
0.067709,0.26189,1.5263
0.066079,0.24089,1.4842
0.065054,0.21424,1.4476
0.034224,0.10505,0.75869
0.029345,0.080309,0.65363
0.027308,0.069034,0.61221
0.026738,0.058946,0.599
0.02608,0.051184,0.58009
0.02582,0.042454,0.57542
0.025479,0.036146,0.56963
0.025403,0.027771,0.56496
0.025246,0.021783,0.56242
0.025099,0.013705,0.55937
0.025037,0.0078868,0.55677
0.024912,-9.2665e-05,0.55534
0.024876,-0.0058271,0.5545
0.024817,-0.013738,0.55197
0,0,-1
0,0,-1
0,0,-1
0,0,-1
0,0,-1
0,0,-1
0,0,-1
0,0,-1
0,0,-1
0,0,-1
0,0,-1
0,0,-1
0,0,-1
0,0,-1
0,0,-1
0,0,-1
0,0,-1
0,0,-1
0.024905,-0.14247,0.5522
0.025052,-0.15097,0.5544
0.025202,-0.15803,0.55811
0.025388,-0.1666,0.56148
0.025637,-0.17433,0.567
0.026092,-0.18667,0.57618
0.028419,-0.20958,0.62905
0.050903,-0.39064,1.1249
0.071556,-0.56708,1.588
0.071835,-0.59085,1.5898
0.071664,-0.60535,1.5843
0.071362,-0.62288,1.5753
0.054242,0.62974,1.6446
0.054376,0.60975,1.652
0.054623,0.59486,1.6586
0.054897,0.5751,1.6712
0.055068,0.56017,1.6768
0.055316,0.53937,1.6854
0.055439,0.52299,1.6912
0.055672,0.50089,1.6968
0.055754,0.48408,1.6997
0.05561,0.45986,1.6969
0.05559,0.44192,1.6954
0.055462,0.41612,1.6935
0.054976,0.39665,1.6836
0.054437,0.3682,1.6687
0.053576,0.34255,1.6268
0.052131,0.31076,1.5737
0.050571,0.28712,1.5386
0.049426,0.2612,1.5124
0.048603,0.24099,1.4848
0.04749,0.21645,1.4558
0.035723,0.15212,1.101
0.022231,0.08427,0.68591
0.020676,0.07132,0.63067
0.019926,0.060266,0.61238
0.0194,0.052008,0.59091
0.019033,0.042831,0.57994
0.018783,0.036382,0.57507
0.018577,0.027952,0.56914
0.018529,0.021941,0.56483
0.018418,0.013718,0.56055
0.018273,0.0078913,0.55816
0.018197,-9.1506e-05,0.55618
0.018189,-0.0058312,0.55561
0.018149,-0.013766,0.55542
0.018145,-0.01948,0.55317
0,0,-1
0,0,-1
0,0,-1
0,0,-1
0,0,-1
0,0,-1
0,0,-1
0,0,-1
0,0,-1
0,0,-1
0,0,-1
0,0,-1
0,0,-1
0,0,-1
0,0,-1
0,0,-1
0.018193,-0.13683,0.5533
0.018328,-0.14363,0.55615
0.018426,-0.15128,0.55876
0.018521,-0.15908,0.56236
0.018673,-0.16811,0.56548
0.019026,-0.17709,0.57727
0.019597,-0.19168,0.589
0.025793,-0.26064,0.78526
0.052135,-0.54662,1.5796
0.053056,-0.57323,1.605
0.052854,-0.59358,1.6001
0.052654,-0.60807,1.5921
0.052398,-0.62749,1.582
0.034285,0.62995,1.6447
0.034459,0.60934,1.6528
0.034543,0.59505,1.6591
0.03473,0.57524,1.672
0.034824,0.56023,1.6773
0.03498,0.53968,1.686
0.035018,0.52312,1.6917
0.035156,0.50133,1.6976
0.035199,0.4842,1.7003
0.035198,0.46078,1.7009
0.035131,0.44271,1.698
0.034985,0.41688,1.6945
0.034737,0.39785,1.686
0.034348,0.37044,1.6713
0.033785,0.34355,1.6341
0.033031,0.31169,1.6046
0.031663,0.28794,1.5391
0.031178,0.26064,1.5156
0.030588,0.24043,1.4813
0.02989,0.2165,1.4563
0.029454,0.19486,1.4272
0.017376,0.10411,0.84144
0.013207,0.072172,0.64054
0.012894,0.061494,0.6266
0.012521,0.053534,0.61006
0.012132,0.043225,0.58817
0.011931,0.036714,0.58006
0.011773,0.02819,0.57347
0.011695,0.022081,0.56746
0.011664,0.01389,0.56527
0.011537,0.0079231,0.56059
0.011449,-9.0836e-05,0.55668
0.011445,-0.005851,0.55579
0.011443,-0.013804,0.55565
0.01146,-0.019576,0.55547
0.01145,-0.027521,0.55421
0,0,-1
0,0,-1
0,0,-1
0,0,-1
0,0,-1
0,0,-1
0,0,-1
0,0,-1
0,0,-1
0,0,-1
0,0,-1
0,0,-1
0,0,-1
0.011444,-0.1232,0.55301
0.011529,-0.12929,0.55613
0.011561,-0.13773,0.5577
0.011598,-0.14384,0.55994
0.011714,-0.15306,0.56388
0.011781,-0.15943,0.56644
0.011935,-0.16981,0.5716
0.012231,-0.1804,0.5857
0.012993,-0.19816,0.62155
0.029404,-0.46871,1.4112
0.03381,-0.55921,1.6164
0.033865,-0.57709,1.6187
0.03375,-0.59758,1.6079
0.033465,-0.61144,1.6
0.033346,-0.63088,1.5874
0.014431,0.62971,1.646
0.014454,0.60946,1.6544
0.014468,0.5952,1.6599
0.014533,0.57615,1.6723
0.014552,0.5604,1.6777
0.014593,0.53975,1.6867
0.0146,0.52318,1.692
0.014627,0.50141,1.6988
0.014642,0.48427,1.7011
0.014631,0.46172,1.7026
0.014588,0.44306,1.6984
0.01455,0.41817,1.6972
0.014426,0.39826,1.6864
0.014311,0.37056,1.673
0.014041,0.3481,1.656
0.013678,0.31928,1.6091
0.013149,0.28926,1.5398
0.012846,0.26067,1.5158
0.012669,0.24046,1.4897
0.012308,0.21579,1.468
0.012265,0.19702,1.439
0.011559,0.16806,1.3637
0.0056387,0.074997,0.66899
0.0054055,0.06271,0.63986
0.0052248,0.054468,0.6194
0.0050792,0.044426,0.60238
0.0050099,0.037545,0.58869
0.0048865,0.028369,0.57827
0.0048489,0.022285,0.57301
0.0048073,0.013978,0.56782
0.004805,0.0080303,0.56646
0.0047496,-9.1682e-05,0.5616
0.0047107,-0.005873,0.55674
0.0047046,-0.013826,0.5566
0.0047042,-0.019633,0.55557
0.0047024,-0.027532,0.55695
0.004699,-0.033279,0.55674
0.0046909,-0.041095,0.55621
0,0,-1
0,0,-1
0,0,-1
0,0,-1
0,0,-1
0,0,-1
0,0,-1
0,0,-1
0,0,-1
0.004743,-0.11002,0.55587
0.0047607,-0.11566,0.55608
0.0047652,-0.12382,0.55882
0.004807,-0.13016,0.55912
0.0048146,-0.13846,0.56097
0.0048692,-0.1452,0.56361
0.0048818,-0.15399,0.56806
0.0049699,-0.16184,0.5732
0.0050295,-0.17275,0.58166
0.0052798,-0.18636,0.60745
0.0069675,-0.25807,0.80188
0.014164,-0.53841,1.6238
0.01424,-0.56626,1.6317
0.014251,-0.58138,1.6281
0.014196,-0.6008,1.6162
0.014152,-0.61456,1.6076
0.014093,-0.63148,1.5984
-0.0054969,0.63219,1.6497
-0.0055645,0.61107,1.6556
-0.0056228,0.59597,1.6611
-0.0056959,0.57621,1.6732
-0.0057376,0.56087,1.6778
-0.0058028,0.53983,1.6867
-0.0058419,0.52337,1.6903
-0.005905,0.50221,1.7001
-0.0059425,0.48522,1.7027
-0.0059943,0.46203,1.7089
-0.0060023,0.44417,1.7056
-0.0060278,0.41828,1.7001
-0.0060307,0.39999,1.6949
-0.0060101,0.3734,1.6813
-0.0059502,0.35153,1.6565
-0.0058681,0.32295,1.6388
-0.0056633,0.29292,1.5672
-0.0054704,0.26314,1.5277
-0.0054228,0.24099,1.4897
-0.0053318,0.21579,1.4689
-0.0052772,0.19888,1.4514
-0.0051996,0.17459,1.4238
-0.0036657,0.11298,1.0098
-0.0023836,0.064193,0.64942
-0.0022926,0.055032,0.62263
-0.0022696,0.045615,0.61938
-0.0022137,0.038222,0.60282
-0.0021792,0.028715,0.58984
-0.0021404,0.022482,0.57806
-0.0021197,0.014107,0.57313
-0.0021088,0.0080765,0.57032
-0.002106,-9.2297e-05,0.56922
-0.0020858,-0.0059532,0.56497
-0.0020757,-0.014026,0.56332
-0.0020647,-0.019723,0.55931
-0.0020526,-0.027622,0.55885
-0.0020481,-0.033278,0.55694
-0.0020438,-0.041197,0.55641
-0.0020476,-0.047147,0.55757
-0.002042,-0.055071,0.55685
-0.0020409,-0.060924,0.55736
-0.0020232,-0.068553,0.55401
0,0,-1
0,0,-1
0,0,-1
-0.0020203,-0.096487,0.55582
-0.0020199,-0.10252,0.55831
-0.0020103,-0.11065,0.55727
-0.0020148,-0.11646,0.5617
-0.0020114,-0.12463,0.56108
-0.0020074,-0.13113,0.56327
-0.00201,-0.13968,0.56502
-0.0020193,-0.14644,0.5701
-0.0020303,-0.15621,0.57476
-0.0020453,-0.16482,0.58337
-0.0020958,-0.17844,0.60222
-0.0026866,-0.23753,0.77056
-0.005271,-0.48964,1.5239
-0.0056716,-0.54952,1.6541
-0.0056129,-0.57082,1.648
-0.005567,-0.58561,1.6393
-0.0054839,-0.6037,1.6229
-0.0054252,-0.6164,1.6159
-0.0053437,-0.63463,1.5999
-0.025394,0.63283,1.6446
-0.025578,0.61148,1.6555
-0.025752,0.59655,1.6638
-0.025942,0.57646,1.6742
-0.026027,0.56078,1.6776
-0.026217,0.54052,1.6883
-0.026312,0.52376,1.6917
-0.02646,0.50246,1.7024
-0.02655,0.48543,1.7041
-0.026666,0.46263,1.712
-0.026714,0.4451,1.7114
-0.026705,0.4199,1.7083
-0.026608,0.40071,1.6995
-0.026425,0.37493,1.6864
-0.026276,0.3528,1.6703
-0.025814,0.32583,1.6493
-0.025189,0.29988,1.6033
-0.024413,0.26622,1.5514
-0.023735,0.24155,1.4981
-0.02312,0.21794,1.4733
-0.022967,0.2,1.4569
-0.022684,0.17573,1.4355
-0.022487,0.1595,1.4204
-0.015502,0.09687,0.99061
-0.010158,0.056564,0.64286
-0.0098199,0.045826,0.6211
-0.0097124,0.039025,0.61442
-0.0094364,0.029377,0.59714
-0.0093894,0.023011,0.59039
-0.0091864,0.014223,0.57826
-0.0091033,0.0081604,0.57333
-0.0091009,-9.3132e-05,0.57063
-0.009048,-0.0060004,0.57046
-0.0090236,-0.01413,0.56792
-0.0089722,-0.019913,0.56519
-0.008926,-0.027868,0.56274
-0.008834,-0.033435,0.56057
-0.008817,-0.041392,0.55797
-0.008808,-0.047148,0.55862
-0.0087938,-0.055062,0.55678
-0.0088175,-0.060986,0.55765
-0.0088421,-0.068888,0.55814
-0.0088515,-0.074882,0.56037
-0.0088303,-0.082729,0.55925
-0.0088542,-0.089052,0.55971
-0.0088469,-0.097159,0.55968
-0.0088427,-0.10309,0.56011
-0.0088445,-0.11136,0.56314
-0.0088796,-0.11732,0.56415
-0.0088945,-0.12554,0.56559
-0.0089399,-0.13212,0.56732
-0.0089734,-0.14117,0.57362
-0.0090803,-0.14846,0.57769
-0.009154,-0.15871,0.58487
-0.0093966,-0.16973,0.5993
-0.010524,-0.20055,0.67587
-0.023541,-0.46484,1.5119
-0.025895,-0.53405,1.6602
-0.025938,-0.55373,1.6658
-0.025789,-0.57518,1.6585
-0.025651,-0.58769,1.6471
-0.025369,-0.60682,1.6331
-0.025114,-0.61978,1.6234
-0.024863,-0.63644,1.6079
-0.045325,0.63175,1.6461
-0.04561,0.612,1.6578
-0.045892,0.59711,1.6637
-0.046208,0.5763,1.6757
-0.046383,0.56095,1.6802
-0.046654,0.54075,1.6887
-0.046775,0.52427,1.6922
-0.047025,0.50259,1.7022
-0.047153,0.48578,1.7057
-0.047387,0.46257,1.712
-0.047439,0.44594,1.713
-0.047496,0.42192,1.7124
-0.047339,0.40265,1.7075
-0.047215,0.37683,1.6999
-0.046657,0.35574,1.6867
-0.046303,0.32854,1.6691
-0.045563,0.3054,1.636
-0.044161,0.27341,1.5859
-0.042239,0.24346,1.5192
-0.041456,0.21942,1.4795
-0.040612,0.20177,1.466
-0.040251,0.17717,1.4396
-0.04016,0.16111,1.4368
-0.039855,0.13945,1.4221
-0.028026,0.088461,1.0119
-0.017796,0.047027,0.63588
-0.017212,0.039115,0.61768
-0.016991,0.029871,0.60459
-0.016678,0.023191,0.59726
-0.016537,0.014495,0.5905
-0.016283,0.008245,0.5839
-0.016245,-9.5178e-05,0.57764
-0.016112,-0.0060517,0.57507
-0.016094,-0.014205,0.5729
-0.015971,-0.020066,0.57006
-0.015943,-0.028192,0.5689
-0.015888,-0.034076,0.56749
-0.015849,-0.042017,0.56567
-0.015697,-0.047597,0.56325
-0.015674,-0.055327,0.56061
-0.015703,-0.061383,0.56192
-0.015743,-0.069518,0.56287
-0.015786,-0.075938,0.56497
-0.015751,-0.083575,0.56211
-0.015725,-0.089629,0.56297
-0.01574,-0.097889,0.56471
-0.015749,-0.10392,0.5652
-0.015797,-0.11175,0.56846
-0.015834,-0.11828,0.5696
-0.015889,-0.12706,0.57046
-0.016067,-0.13392,0.57585
-0.016188,-0.14342,0.58354
-0.016326,-0.15124,0.58719
-0.016733,-0.16387,0.60595
-0.018532,-0.18849,0.66701
-0.038603,-0.41372,1.3906
-0.04664,-0.51783,1.6863
-0.046611,-0.54099,1.6828
-0.04654,-0.55807,1.6801
-0.046302,-0.5797,1.6728
-0.045876,-0.59158,1.6598
-0.045431,-0.61029,1.6403
-0.045025,-0.62174,1.6286
-0.044521,-0.64194,1.6151
-0.065372,0.6317,1.6494
-0.065776,0.61129,1.6576
-0.066056,0.59708,1.6669
-0.066531,0.5783,1.6762
-0.066726,0.56274,1.6815
-0.067074,0.54119,1.6903
-0.067231,0.52481,1.6931
-0.067577,0.50262,1.702
-0.067824,0.48616,1.7059
-0.068195,0.46354,1.7128
-0.06815,0.44587,1.7146
-0.068334,0.42267,1.7169
-0.06831,0.40447,1.7142
-0.068172,0.37857,1.7106
-0.067859,0.35864,1.6996
-0.067134,0.33191,1.6899
-0.06616,0.31039,1.6596
-0.06464,0.28184,1.6266
-0.063015,0.25387,1.5654
-0.06027,0.22079,1.5139
-0.058619,0.2021,1.4744
-0.058236,0.17904,1.4576
-0.057961,0.16296,1.446
-0.057741,0.14186,1.4405
-0.057747,0.12652,1.4366
-0.039616,0.072718,0.98434
-0.025786,0.040783,0.64363
-0.024696,0.030311,0.61792
-0.024367,0.023655,0.61045
-0.024252,0.014765,0.60489
-0.023799,0.008433,0.59242
-0.023535,-9.6985e-05,0.5887
-0.023366,-0.006117,0.58068
-0.023303,-0.014421,0.57996
-0.02316,-0.02025,0.57923
-0.023039,-0.028351,0.57455
-0.022995,-0.034268,0.57316
-0.0229,-0.042422,0.57146
-0.02288,-0.048222,0.56989
-0.022831,-0.056316,0.56871
-0.022805,-0.062158,0.56854
-0.022765,-0.070312,0.56878
-0.022742,-0.076116,0.56827
-0.022866,-0.084305,0.57071
-0.022839,-0.090406,0.57099
-0.022887,-0.098824,0.57203
-0.022962,-0.10499,0.57277
-0.023002,-0.1129,0.57347
-0.022963,-0.11972,0.57317
-0.023152,-0.12877,0.57733
-0.023344,-0.13609,0.58637
-0.023812,-0.14662,0.59214
-0.024273,-0.15722,0.60804
-0.027046,-0.18489,0.67988
-0.054392,-0.38421,1.3607
-0.068417,-0.50683,1.7107
-0.068199,-0.52485,1.7058
-0.067866,-0.54715,1.6975
-0.067517,-0.56313,1.6923
-0.067018,-0.58179,1.6794
-0.066437,-0.59656,1.6685
-0.06563,-0.61148,1.6528
-0.065037,-0.62502,1.6364
-0.064088,-0.64271,1.6202
-0.085407,0.6313,1.6534
-0.085855,0.6115,1.6586
-0.08627,0.59686,1.667
-0.086789,0.57845,1.6783
-0.087043,0.56272,1.683
-0.087641,0.54125,1.6938
-0.087733,0.52508,1.6949
-0.088317,0.50313,1.7019
-0.088574,0.48644,1.7063
-0.088964,0.46401,1.7126
-0.089079,0.44678,1.7138
-0.08932,0.42322,1.7195
-0.089285,0.40543,1.7201
-0.089305,0.38095,1.7181
-0.089,0.36147,1.7127
-0.088452,0.33476,1.6985
-0.087548,0.31464,1.6849
-0.086335,0.28701,1.6557
-0.084142,0.26207,1.6132
-0.081093,0.23104,1.5653
-0.078019,0.20521,1.5069
-0.075876,0.18065,1.4609
-0.075979,0.16422,1.4602
-0.076107,0.14362,1.4624
-0.076906,0.13041,1.4698
-0.077335,0.10963,1.4873
-0.053422,0.065362,1.0237
-0.036944,0.035006,0.71258
-0.032307,0.02394,0.62108
-0.031917,0.014967,0.61264
-0.03161,0.008599,0.61016
-0.031553,-0.00010146,0.60206
-0.031279,-0.0063302,0.60017
-0.031252,-0.014856,0.59763
-0.030633,-0.020538,0.58257
-0.030528,-0.028764,0.58141
-0.03039,-0.034602,0.57907
-0.030102,-0.042716,0.57679
-0.030246,-0.048647,0.57769
-0.030028,-0.056813,0.57557
-0.030084,-0.062908,0.57392
-0.030033,-0.070946,0.5729
-0.030004,-0.076904,0.57223
-0.030034,-0.085503,0.57425
-0.030138,-0.091627,0.57512
-0.030177,-0.099857,0.57958
-0.030233,-0.1059,0.57926
-0.030365,-0.11564,0.58175
-0.030443,-0.12221,0.58823
-0.030974,-0.13166,0.59541
-0.031517,-0.14079,0.6079
-0.032733,-0.15531,0.62155
-0.03954,-0.19594,0.76123
-0.07279,-0.3813,1.3985
-0.091059,-0.49251,1.7446
-0.090684,-0.51558,1.7379
-0.089628,-0.53112,1.7275
-0.089137,-0.5515,1.7152
-0.088786,-0.5658,1.706
-0.087699,-0.58512,1.6955
-0.087084,-0.59879,1.6763
-0.08621,-0.61742,1.6597
-0.085338,-0.62605,1.6463
-0.084163,-0.645,1.6277
-0.10542,0.63306,1.6499
-0.10596,0.61267,1.6591
-0.1064,0.59881,1.6671
-0.10713,0.57817,1.6809
-0.10766,0.56261,1.6857
-0.1083,0.54178,1.6942
-0.10851,0.52528,1.6992
-0.10895,0.50329,1.7059
-0.10926,0.48703,1.7093
-0.10972,0.46436,1.7115
-0.11001,0.44713,1.7151
-0.11033,0.42389,1.7206
-0.11033,0.40612,1.7225
-0.11038,0.38201,1.7256
-0.11015,0.36374,1.7207
-0.10993,0.33793,1.7143
-0.10918,0.31756,1.7006
-0.10813,0.29107,1.6832
-0.10663,0.26861,1.6574
-0.10388,0.2393,1.6156
-0.10003,0.21501,1.5691
-0.096281,0.18433,1.5086
-0.094448,0.16634,1.4652
-0.095007,0.14581,1.4987
-0.096669,0.13191,1.5013
-0.096794,0.11088,1.5048
-0.096117,0.095185,1.5059
-0.090052,0.068915,1.4033
-0.050244,0.030363,0.78607
-0.04287,0.01636,0.6688
-0.039375,0.0086316,0.61234
-0.039069,-0.00010439,0.60979
-0.038973,-0.0063692,0.6042
-0.038864,-0.015019,0.60146
-0.038663,-0.021278,0.6012
-0.038249,-0.029171,0.59207
-0.037817,-0.035218,0.58973
-0.037627,-0.043369,0.58674
-0.037566,-0.04939,0.58304
-0.037407,-0.05768,0.58169
-0.037366,-0.063642,0.58167
-0.037514,-0.071869,0.58048
-0.037504,-0.07784,0.58211
-0.037427,-0.086391,0.58486
-0.03755,-0.09261,0.58522
-0.0377,-0.10155,0.58905
-0.038258,-0.1079,0.59382
-0.038372,-0.11845,0.5979
-0.038871,-0.12668,0.60508
-0.040134,-0.13896,0.62188
-0.043729,-0.15845,0.68167
-0.055042,-0.21194,0.85547
-0.11128,-0.44658,1.7306
-0.11387,-0.48352,1.7744
-0.11355,-0.50067,1.7732
-0.11279,-0.52248,1.7606
-0.11189,-0.53397,1.7428
-0.11074,-0.55539,1.7256
-0.11004,-0.5704,1.7184
-0.109,-0.58922,1.7023
-0.10793,-0.60015,1.6889
-0.10662,-0.61781,1.6644
-0.10548,-0.62863,1.6462
-0.10468,-0.64679,1.6345
-0.1255,0.63326,1.6502
-0.12614,0.61258,1.6579
-0.12665,0.59845,1.6687
-0.12749,0.5783,1.68
-0.12805,0.56292,1.6864
-0.12881,0.5417,1.6947
-0.12906,0.52577,1.6997
-0.12978,0.50401,1.7079
-0.12999,0.48697,1.7101
-0.13055,0.4643,1.7155
-0.13079,0.44771,1.7193
-0.13127,0.42415,1.7232
-0.1314,0.4067,1.7233
-0.13168,0.38315,1.7281
-0.13172,0.36514,1.7296
-0.13145,0.33984,1.7314
-0.13084,0.32054,1.7161
-0.13029,0.29374,1.7135
-0.12873,0.27384,1.6846
-0.12719,0.24524,1.6664
-0.12405,0.22384,1.6262
-0.12094,0.19416,1.5826
-0.11609,0.1722,1.5338
-0.11548,0.15042,1.522
-0.11544,0.13381,1.5234
-0.11559,0.11279,1.527
-0.11656,0.09704,1.5313
-0.11667,0.075232,1.5375
-0.11661,0.059396,1.5382
-0.095293,0.030554,1.2409
-0.058765,0.01088,0.7722
-0.051507,-0.00011818,0.66928
-0.04745,-0.006537,0.61809
-0.04674,-0.015252,0.60734
-0.046454,-0.021305,0.60481
-0.046138,-0.029903,0.60444
-0.045868,-0.03601,0.6005
-0.045813,-0.044431,0.59582
-0.045468,-0.050362,0.59504
-0.045389,-0.058722,0.59427
-0.045359,-0.064916,0.5946
-0.04521,-0.073375,0.59477
-0.045436,-0.079782,0.59464
-0.045798,-0.088143,0.59565
-0.045978,-0.094679,0.59658
-0.046523,-0.10516,0.60724
-0.047199,-0.11311,0.619
-0.048544,-0.12579,0.63596
-0.052528,-0.14363,0.68863
-0.061504,-0.17902,0.80693
-0.11589,-0.35479,1.5169
-0.13758,-0.44698,1.8123
-0.13831,-0.46772,1.8101
-0.1378,-0.49205,1.8037
-0.13668,-0.50578,1.7937
-0.1353,-0.52703,1.7693
-0.13373,-0.53915,1.76
-0.13272,-0.55938,1.7444
-0.13162,-0.57169,1.7257
-0.13016,-0.59299,1.7097
-0.12908,-0.60362,1.6955
-0.12765,-0.6202,1.6733
-0.12599,-0.63154,1.6505
-0.12478,-0.64608,1.6369
-0.14525,0.63376,1.6521
-0.1461,0.61202,1.6598
-0.14674,0.59878,1.6677
-0.14773,0.57782,1.68
-0.1485,0.56293,1.6853
-0.14926,0.54228,1.696
-0.14973,0.52583,1.6997
-0.15045,0.50455,1.7089
-0.15085,0.48775,1.713
-0.15176,0.46569,1.7192
-0.15172,0.44756,1.7193
-0.15215,0.42424,1.7251
-0.15253,0.40719,1.7291
-0.15298,0.38355,1.734
-0.15307,0.36568,1.7359
-0.15315,0.3416,1.7334
-0.15323,0.32333,1.7346
-0.15267,0.29723,1.7282
-0.15123,0.27777,1.7157
-0.15005,0.25006,1.7007
-0.14778,0.23045,1.6785
-0.14548,0.20416,1.6444
-0.14262,0.18124,1.611
-0.14176,0.15729,1.5947
-0.14078,0.14012,1.5923
-0.14005,0.11607,1.5815
-0.14016,0.099859,1.5826
-0.1403,0.078062,1.5923
-0.1409,0.061979,1.6002
-0.14098,0.039143,1.6009
-0.13902,0.022256,1.579
-0.11246,-0.00023013,1.2649
-0.074735,-0.0088897,0.84399
-0.063208,-0.017722,0.7151
-0.057761,-0.023042,0.65586
-0.056574,-0.031517,0.64232
-0.05526,-0.037102,0.62363
-0.054584,-0.045731,0.61672
-0.054209,-0.051573,0.61307
-0.054139,-0.060201,0.61228
-0.054237,-0.066475,0.61262
-0.054188,-0.075771,0.61326
-0.054116,-0.082053,0.61602
-0.055604,-0.092944,0.62726
-0.05746,-0.10296,0.64837
-0.059335,-0.11535,0.67117
-0.065067,-0.13487,0.73818
-0.084804,-0.18934,0.95924
-0.14473,-0.33944,1.6361
-0.16332,-0.41378,1.852
-0.16523,-0.43379,1.8637
-0.16467,-0.45903,1.8577
-0.16271,-0.47449,1.8413
-0.1615,-0.4959,1.8206
-0.15977,-0.511,1.8106
-0.15763,-0.52913,1.7858
-0.15678,-0.54425,1.7694
-0.15459,-0.56378,1.7469
-0.1532,-0.57566,1.7376
-0.15173,-0.59373,1.7167
-0.1501,-0.60828,1.6989
-0.14842,-0.6241,1.6815
-0.1468,-0.63403,1.6629
-0.14519,-0.65161,1.6411
-0.1651,0.62976,1.6505
-0.16592,0.61169,1.6607
-0.16699,0.59828,1.6706
-0.16827,0.57847,1.6809
-0.16881,0.56293,1.6846
-0.16996,0.54204,1.6963
-0.17019,0.52575,1.7025
-0.1713,0.50487,1.7118
-0.1718,0.48832,1.7145
-0.17252,0.46558,1.7207
-0.17296,0.44881,1.7247
-0.17348,0.42566,1.7272
-0.17353,0.40714,1.7292
-0.17423,0.38355,1.7362
-0.1745,0.36644,1.7377
-0.17483,0.34255,1.7425
-0.17467,0.32395,1.7402
-0.17467,0.29964,1.7387
-0.17371,0.28033,1.7358
-0.17313,0.25436,1.7245
-0.1719,0.23465,1.7114
-0.17094,0.2084,1.7041
-0.16809,0.18888,1.675
-0.16825,0.16477,1.6775
-0.16829,0.14722,1.6743
-0.16754,0.12324,1.6706
-0.16743,0.10563,1.653
-0.16698,0.081565,1.6543
-0.16706,0.064405,1.6558
-0.16898,0.041049,1.6859
-0.16934,0.023927,1.6941
-0.17141,-0.00031848,1.7165
-0.17141,-0.018094,1.7164
-0.16567,-0.041191,1.642
-0.12991,-0.045616,1.2902
-0.1082,-0.053208,1.0745
-0.086539,-0.051288,0.85938
-0.081309,-0.059921,0.80607
-0.076586,-0.064335,0.76329
-0.075396,-0.074,0.74758
-0.075316,-0.081675,0.74678
-0.075968,-0.093464,0.75419
-0.085138,-0.11308,0.84072
-0.097431,-0.14334,0.96631
-0.12576,-0.1992,1.2562
-0.15173,-0.26079,1.5149
-0.1889,-0.34517,1.8793
-0.19339,-0.3797,1.92
-0.19299,-0.39885,1.9186
-0.19198,-0.42475,1.913
-0.19041,-0.44082,1.8878
-0.18967,-0.46377,1.8774
-0.18698,-0.47767,1.8561
-0.18493,-0.50096,1.8413
-0.18305,-0.51347,1.8255
-0.18078,-0.53437,1.8019
-0.17915,-0.5466,1.7792
-0.17679,-0.56594,1.7602
-0.17522,-0.57964,1.7402
-0.17322,-0.59687,1.7282
-0.1713,-0.60897,1.7085
-0.1691,-0.62734,1.685
-0.16725,-0.63539,1.6675
-0.16534,-0.65311,1.6533
-0.18438,0.6311,1.6512
-0.18561,0.61128,1.6598
-0.187,0.59811,1.6688
-0.18879,0.57836,1.6807
-0.189,0.56249,1.6873
-0.19054,0.54266,1.6985
-0.19114,0.52674,1.7035
-0.19237,0.50509,1.7121
-0.19268,0.48877,1.7167
-0.19347,0.46601,1.723
-0.19383,0.44905,1.7266
-0.19445,0.42585,1.73
-0.19474,0.40826,1.7336
-0.19538,0.3851,1.739
-0.19576,0.3675,1.7389
-0.19634,0.34362,1.7478
-0.1966,0.32613,1.747
-0.19688,0.30139,1.7487
-0.1967,0.2828,1.7498
-0.1965,0.2574,1.7439
-0.19515,0.23842,1.7413
-0.19454,0.21297,1.7265
-0.19434,0.1949,1.7285
-0.19465,0.17044,1.7333
-0.19601,0.15331,1.7357
-0.19626,0.12858,1.7442
-0.19672,0.11062,1.7454
-0.1975,0.086134,1.7516
-0.19805,0.06826,1.7624
-0.19853,0.043236,1.77
-0.19964,0.025036,1.7786
-0.20331,-0.00034556,1.803
-0.20368,-0.019214,1.816
-0.20737,-0.045715,1.841
-0.21039,-0.065601,1.8664
-0.21212,-0.093455,1.8798
-0.21443,-0.11424,1.9008
-0.21559,-0.14216,1.9173
-0.21675,-0.16305,1.9249
-0.21712,-0.19048,1.9276
-0.21885,-0.21326,1.9423
-0.22268,-0.24419,1.9685
-0.22352,-0.26464,1.9802
-0.22653,-0.29766,2.0052
-0.22617,-0.318,2.0021
-0.22479,-0.34534,1.9962
-0.22289,-0.36308,1.9815
-0.22152,-0.38792,1.9711
-0.21923,-0.40658,1.9457
-0.21775,-0.43015,1.9333
-0.21622,-0.44493,1.9082
-0.21303,-0.46754,1.8945
-0.21185,-0.48162,1.876
-0.20853,-0.50458,1.8535
-0.20671,-0.51816,1.8345
-0.20408,-0.53689,1.8164
-0.20122,-0.54903,1.7879
-0.19877,-0.56912,1.7699
-0.19727,-0.5814,1.7528
-0.19508,-0.60125,1.7303
-0.19276,-0.60988,1.7128
-0.19033,-0.62889,1.6957
-0.18745,-0.63756,1.675
-0.186,-0.65241,1.6522
-0.20434,0.63261,1.6502
-0.20551,0.61162,1.6577
-0.20735,0.59807,1.6678
-0.20892,0.57811,1.68
-0.20969,0.56345,1.6893
-0.2113,0.5426,1.6988
-0.2118,0.52707,1.7031
-0.21281,0.50508,1.7129
-0.21329,0.48875,1.7176
-0.21424,0.46599,1.7245
-0.21464,0.44909,1.7259
-0.21546,0.4256,1.7304
-0.21568,0.40838,1.734
-0.21669,0.38513,1.7381
-0.21675,0.36764,1.7418
-0.21799,0.34423,1.7487
-0.21782,0.32612,1.7524
-0.2184,0.30251,1.7572
-0.21876,0.28426,1.7601
-0.21842,0.25917,1.7579
-0.21873,0.24089,1.7537
-0.21905,0.21622,1.7569
-0.21914,0.19828,1.7591
-0.21968,0.17348,1.763
-0.22132,0.15647,1.7812
-0.2224,0.13127,1.7902
-0.22317,0.11389,1.7953
-0.22452,0.088331,1.8045
-0.22641,0.070455,1.8185
-0.2291,0.0448,1.832
-0.22923,0.025916,1.8464
-0.23164,-0.0003668,1.8506
-0.23345,-0.019768,1.8683
-0.23616,-0.047029,1.8926
-0.23944,-0.067625,1.9169
-0.24148,-0.095792,1.9334
-0.24406,-0.11724,1.9526
-0.24639,-0.14677,1.9753
-0.24936,-0.16864,1.994
-0.25154,-0.19912,2.0145
-0.25293,-0.22163,2.0313
-0.25298,-0.25053,2.028
-0.25402,-0.27204,2.0351
-0.25452,-0.30226,2.0417
-0.25413,-0.32292,2.0385
-0.25242,-0.35017,2.0238
-0.25048,-0.36753,2.0039
-0.24783,-0.3938,1.9896
-0.24607,-0.40906,1.9702
-0.24294,-0.43421,1.9493
-0.24048,-0.4487,1.9308
-0.23836,-0.4708,1.9082
-0.23504,-0.48654,1.892
-0.23277,-0.50587,1.867
-0.23004,-0.52179,1.8461
-0.22743,-0.54173,1.8252
-0.22451,-0.55178,1.7987
-0.22166,-0.57121,1.7776
-0.21917,-0.58499,1.7593
-0.21679,-0.60243,1.7398
-0.21332,-0.61139,1.7156
-0.212,-0.62961,1.6966
-0.20855,-0.63887,1.6738
-0.20586,-0.6549,1.6542
-0.22409,0.62849,1.6456
-0.2258,0.61075,1.6543
-0.22739,0.59722,1.6673
-0.2289,0.57727,1.679
-0.2301,0.5629,1.6879
-0.23165,0.54265,1.698
-0.23222,0.52673,1.7029
-0.23338,0.50549,1.7137
-0.2345,0.48956,1.7183
-0.23557,0.46687,1.725
-0.23615,0.45008,1.7292
-0.23705,0.42686,1.7361
-0.23756,0.40952,1.7354
-0.23805,0.38626,1.7452
-0.23832,0.36914,1.7447
-0.23911,0.34514,1.7537
-0.23955,0.32733,1.7536
-0.24021,0.30302,1.7622
-0.24083,0.28502,1.7608
-0.24167,0.26089,1.7651
-0.24221,0.24349,1.7675
-0.24268,0.21856,1.7708
-0.24367,0.20044,1.7792
-0.2443,0.17538,1.7863
-0.2461,0.15848,1.7996
-0.24775,0.13327,1.8102
-0.24901,0.11554,1.8233
-0.25109,0.089997,1.8358
-0.25301,0.071804,1.8514
-0.25437,0.04546,1.8597
-0.25736,0.026503,1.879
-0.25876,-0.00039022,1.8954
-0.26063,-0.020164,1.9093
-0.26375,-0.047795,1.9264
-0.26538,-0.068537,1.9489
-0.26888,-0.097139,1.9674
-0.2717,-0.11883,1.9858
-0.27377,-0.14865,2.0022
-0.2767,-0.17078,2.0197
-0.27845,-0.20127,2.0321
-0.28015,-0.22396,2.0507
-0.27989,-0.25329,2.0513
-0.28111,-0.27473,2.0544
-0.28177,-0.306,2.0629
-0.28133,-0.32692,2.0603
-0.27891,-0.35324,2.0406
-0.27625,-0.37084,2.0174
-0.27449,-0.3967,2.004
-0.27099,-0.41365,1.9826
-0.26875,-0.43605,1.9621
-0.26553,-0.45312,1.9421
-0.26257,-0.47412,1.9218
-0.25952,-0.48867,1.9008
-0.25652,-0.50996,1.8781
-0.25359,-0.52298,1.8517
-0.25093,-0.54399,1.8338
-0.24627,-0.55289,1.8027
-0.2441,-0.57409,1.7876
-0.24124,-0.58707,1.7697
-0.2385,-0.60373,1.7433
-0.23599,-0.61502,1.7296
-0.23246,-0.63143,1.7
-0.22944,-0.63982,1.6751
-0.22622,-0.65821,1.6591
-0.24349,0.62834,1.6396
-0.24543,0.60873,1.6507
-0.24717,0.59639,1.6649
-0.24868,0.57709,1.6804
-0.25068,0.56359,1.6858
-0.25214,0.54242,1.6948
-0.25292,0.52698,1.7044
-0.25437,0.50584,1.714
-0.25564,0.48964,1.7198
-0.25671,0.4675,1.7287
-0.25713,0.4504,1.7304
-0.25805,0.42709,1.7362
-0.25867,0.40988,1.7393
-0.25955,0.38626,1.7455
-0.26012,0.36902,1.7485
-0.26133,0.3452,1.7567
-0.26184,0.32729,1.7589
-0.26263,0.30335,1.7681
-0.26309,0.2864,1.769
-0.26377,0.26179,1.7766
-0.26461,0.24444,1.7831
-0.26552,0.21946,1.7874
-0.26592,0.20162,1.7896
-0.26779,0.1769,1.7992
-0.26997,0.15927,1.8119
-0.27231,0.13492,1.834
-0.2742,0.1166,1.8458
-0.27696,0.091069,1.858
-0.2778,0.072619,1.8699
-0.2802,0.046081,1.8821
-0.28321,0.026795,1.8993
-0.28496,-0.00040986,1.9176
-0.28825,-0.020427,1.9321
-0.29091,-0.048641,1.9545
-0.29304,-0.069285,1.9655
-0.29567,-0.098206,1.9848
-0.29774,-0.1199,2.0009
-0.30088,-0.14982,2.0179
-0.30313,-0.17225,2.0313
-0.30493,-0.20269,2.0494
-0.30658,-0.22537,2.0616
-0.30729,-0.25546,2.0661
-0.30819,-0.2769,2.0675
-0.30822,-0.30716,2.0711
-0.30882,-0.32815,2.0713
-0.30539,-0.35559,2.0523
-0.30314,-0.37316,2.0351
-0.30009,-0.39741,2.0089
-0.29768,-0.41602,1.9968
-0.29362,-0.44017,1.9737
-0.29103,-0.45466,1.9541
-0.28763,-0.47873,1.9307
-0.28382,-0.48998,1.909
-0.28059,-0.51183,1.8866
-0.27755,-0.52723,1.8638
-0.27449,-0.54663,1.8414
-0.2693,-0.55571,1.8054
-0.26634,-0.57454,1.7884
-0.26397,-0.58635,1.7728
-0.26005,-0.60536,1.7491
-0.25756,-0.6143,1.7293
-0.25395,-0.63323,1.7048
-0.25004,-0.64111,1.6867
-0.24721,-0.65672,1.6613
-0.2624,0.6247,1.6374
-0.26433,0.60678,1.6459
-0.26684,0.59679,1.6667
-0.26843,0.57634,1.6781
-0.27101,0.56302,1.6833
-0.27232,0.54245,1.6977
-0.27348,0.52729,1.703
-0.27536,0.50586,1.7165
-0.27644,0.48976,1.7213
-0.27751,0.46799,1.7276
-0.27821,0.45116,1.7345
-0.27932,0.42786,1.7403
-0.28005,0.41007,1.744
-0.28097,0.38764,1.7493
-0.28156,0.37032,1.7562
-0.28248,0.34646,1.7613
-0.28399,0.32888,1.7649
-0.28541,0.30446,1.7696
-0.28521,0.28666,1.7737
-0.28667,0.26256,1.7792
-0.2876,0.24484,1.7866
-0.28839,0.22018,1.7929
-0.28957,0.2019,1.7983
-0.29177,0.17813,1.8148
-0.29352,0.16057,1.8286
-0.29712,0.13607,1.8418
-0.29898,0.11764,1.861
-0.30096,0.091843,1.8695
-0.30336,0.072868,1.8826
-0.30566,0.046404,1.9015
-0.30841,0.026992,1.9192
-0.31108,-0.00042998,1.9303
-0.31401,-0.020653,1.9514
-0.31644,-0.048871,1.9646
-0.31895,-0.06984,1.9812
-0.32155,-0.098997,1.9998
-0.32411,-0.12083,2.0143
-0.3274,-0.151,2.0348
-0.3295,-0.17317,2.0472
-0.33187,-0.20384,2.0638
-0.33425,-0.2263,2.0755
-0.33396,-0.25732,2.074
-0.33557,-0.27858,2.0779
-0.33544,-0.30918,2.0842
-0.33501,-0.33031,2.0843
-0.33255,-0.35661,2.063
-0.32928,-0.3756,2.0467
-0.32634,-0.40054,2.0249
-0.32326,-0.41672,2.0077
-0.31982,-0.4423,1.9863
-0.31572,-0.45617,1.9582
-0.31215,-0.47998,1.9383
-0.30895,-0.49462,1.9159
-0.30473,-0.51458,1.899
-0.30076,-0.52768,1.8658
-0.29738,-0.54753,1.8433
-0.29137,-0.55791,1.808
-0.28925,-0.5765,1.7942
-0.28642,-0.59001,1.7756
-0.2826,-0.6077,1.7566
-0.27835,-0.61595,1.7278
-0.27566,-0.63305,1.7085
-0.27122,-0.64292,1.6842
-0.2674,-0.65898,1.6607
-0.28047,0.62479,1.6353
-0.28309,0.60535,1.6428
-0.28666,0.59625,1.6629
-0.28836,0.57592,1.6752
-0.29091,0.56278,1.6805
-0.29263,0.54176,1.6969
-0.29418,0.52725,1.7077
-0.29588,0.50603,1.7151
-0.29737,0.49052,1.7199
-0.29864,0.468,1.7289
-0.29926,0.45127,1.7332
-0.30119,0.42909,1.74
-0.3009,0.41146,1.744
-0.30287,0.3888,1.7545
-0.30371,0.37166,1.7581
-0.30541,0.34766,1.7672
-0.30622,0.33002,1.7688
-0.30738,0.30597,1.7786
-0.30752,0.28808,1.7812
-0.30869,0.26324,1.7886
-0.31079,0.24619,1.7915
-0.31153,0.2213,1.7948
-0.31258,0.20329,1.8087
-0.31567,0.17927,1.825
-0.31842,0.16192,1.8355
-0.32068,0.13656,1.8565
-0.32293,0.11817,1.8658
-0.32533,0.092152,1.8802
-0.32779,0.073377,1.8909
-0.33084,0.046678,1.9152
-0.33294,0.027079,1.9263
-0.33673,-0.00045014,1.9477
-0.33959,-0.020759,1.9592
-0.34141,-0.049244,1.9758
-0.34485,-0.070273,1.9957
-0.34783,-0.099669,2.0115
-0.35124,-0.12159,2.0249
-0.35356,-0.15173,2.0385
-0.35668,-0.17422,2.0624
-0.35917,-0.20505,2.0751
-0.36116,-0.22775,2.0841
-0.36109,-0.25807,2.0869
-0.36203,-0.28,2.0951
-0.36248,-0.31131,2.091
-0.36217,-0.33241,2.0905
-0.35867,-0.35865,2.0757
-0.35572,-0.37663,2.0555
-0.35217,-0.40273,2.0351
-0.34847,-0.41865,2.015
-0.34552,-0.44254,1.9919
-0.33983,-0.45725,1.9633
-0.33682,-0.48158,1.948
-0.33221,-0.49426,1.917
-0.32859,-0.51742,1.9009
-0.32363,-0.53009,1.8748
-0.32105,-0.54884,1.8533
-0.3139,-0.55743,1.8133
-0.31105,-0.57617,1.7966
-0.30744,-0.59129,1.7837
-0.30399,-0.6107,1.7549
-0.3008,-0.61819,1.7324
-0.2961,-0.63343,1.7098
-0.29181,-0.64298,1.6891
-0.28762,-0.65771,1.6607
-0.30075,0.62215,1.6259
-0.30218,0.60341,1.6398
-0.30615,0.59467,1.6585
-0.30795,0.5748,1.6712
-0.3108,0.56215,1.6864
-0.31265,0.54132,1.6943
-0.31467,0.52714,1.7053
-0.31673,0.50565,1.7166
-0.31789,0.48991,1.7194
-0.32013,0.46813,1.7323
-0.32087,0.45154,1.7366
-0.32226,0.4288,1.7439
-0.32279,0.41182,1.7462
-0.32447,0.38824,1.7552
-0.32554,0.37107,1.7606
-0.32672,0.34787,1.768
-0.3276,0.33051,1.7756
-0.32879,0.30646,1.7801
-0.32935,0.28853,1.7864
-0.33134,0.2646,1.7956
-0.33304,0.24669,1.7984
-0.33451,0.22203,1.8082
-0.33653,0.20456,1.8186
-0.33959,0.18031,1.8367
-0.34195,0.16248,1.8506
-0.34509,0.13714,1.8613
-0.34673,0.11893,1.8784
-0.35027,0.092711,1.8933
-0.35242,0.073791,1.9104
-0.35536,0.04689,1.9231
-0.35857,0.027199,1.9369
-0.36238,-0.00047292,1.9586
-0.36456,-0.020924,1.9714
-0.36826,-0.049531,1.9877
-0.37149,-0.070689,2.007
-0.37465,-0.10003,2.019
-0.37694,-0.12211,2.0356
-0.38108,-0.15259,2.0555
-0.38376,-0.17524,2.0719
-0.38597,-0.20594,2.0862
-0.38736,-0.22881,2.0968
-0.38823,-0.25945,2.0968
-0.38944,-0.28194,2.1037
-0.3887,-0.31149,2.0996
-0.38801,-0.33278,2.0968
-0.38581,-0.36089,2.0789
-0.38193,-0.37782,2.0584
-0.37856,-0.40364,2.0423
-0.374,-0.41945,2.0214
-0.37051,-0.44375,1.999
-0.36566,-0.45912,1.9709
-0.36115,-0.4821,1.9465
-0.35733,-0.49526,1.9284
-0.35314,-0.51734,1.9066
-0.3472,-0.52907,1.8762
-0.34393,-0.55046,1.8607
-0.33689,-0.55811,1.8159
-0.33333,-0.57741,1.7997
-0.33009,-0.59098,1.7876
-0.3257,-0.60954,1.7596
-0.32139,-0.61828,1.7328
-0.31692,-0.63649,1.7134
-0.31175,-0.64332,1.6862
-0.30809,-0.66256,1.6664
-0.31833,0.61961,1.6172
-0.3213,0.60103,1.6356
-0.32502,0.59308,1.655
-0.32743,0.5729,1.6643
-0.33076,0.56145,1.6827
-0.33333,0.54035,1.6909
-0.33527,0.52631,1.7047
-0.33726,0.50546,1.7166
-0.33908,0.48974,1.7226
-0.34128,0.46751,1.7335
-0.34216,0.45128,1.7363
-0.34417,0.42914,1.7475
-0.3448,0.41225,1.749
-0.34665,0.38914,1.7587
-0.3474,0.37234,1.7629
-0.34864,0.34879,1.772
-0.35019,0.33123,1.7778
-0.35151,0.30663,1.7829
-0.3534,0.29047,1.7967
-0.35481,0.26575,1.8035
-0.35698,0.24819,1.8105
-0.35766,0.22294,1.8141
-0.3604,0.20571,1.8281
-0.3627,0.18082,1.8421
-0.36636,0.1629,1.8545
-0.36826,0.13813,1.8734
-0.372,0.11936,1.8876
-0.3744,0.093249,1.9056
-0.37751,0.074095,1.918
-0.38156,0.04718,1.9283
-0.38402,0.027385,1.9494
-0.38726,-0.00049701,1.9618
-0.39094,-0.021023,1.9821
-0.39431,-0.049817,1.9967
-0.39808,-0.070974,2.0127
-0.40013,-0.10056,2.0309
-0.40541,-0.12273,2.0494
-0.40796,-0.15346,2.0682
-0.41063,-0.17598,2.08
-0.41282,-0.20707,2.0944
-0.41522,-0.23037,2.1057
-0.41536,-0.26019,2.1065
-0.41646,-0.2832,2.1086
-0.41596,-0.31288,2.1103
-0.41534,-0.33393,2.1003
-0.4113,-0.36105,2.0842
-0.40719,-0.37988,2.0645
-0.40458,-0.40473,2.0442
-0.39875,-0.42145,2.0271
-0.39411,-0.44482,2.0074
-0.39055,-0.46122,1.9771
-0.38587,-0.48371,1.9558
-0.38059,-0.4969,1.9278
-0.3782,-0.51979,1.9081
-0.37074,-0.5317,1.8845
-0.36635,-0.55045,1.8651
-0.35877,-0.55866,1.8228
-0.35611,-0.57825,1.8029
-0.35177,-0.59035,1.7881
-0.34806,-0.60831,1.7649
-0.34196,-0.61781,1.7388
-0.33751,-0.63669,1.7182
-0.33233,-0.64387,1.6875
-0.32881,-0.65995,1.667
-0.33532,0.61852,1.6138
-0.33926,0.59966,1.627
-0.34384,0.59009,1.6489
-0.34659,0.57097,1.6613
-0.35099,0.56039,1.6791
-0.35309,0.53917,1.6887
-0.35551,0.52575,1.7027
-0.35803,0.50489,1.7148
-0.36008,0.48931,1.7236
-0.36227,0.46797,1.7327
-0.36322,0.45218,1.738
-0.36536,0.4299,1.7491
-0.36631,0.41267,1.751
-0.36781,0.38961,1.7605
-0.36925,0.37268,1.769
-0.37172,0.34897,1.7756
-0.37263,0.3325,1.78
-0.37423,0.30818,1.7947
-0.37615,0.29093,1.8012
-0.37747,0.26608,1.809
-0.37935,0.24878,1.8184
-0.38142,0.22385,1.8237
-0.38344,0.20628,1.8352
-0.38621,0.18133,1.849
-0.38925,0.16431,1.867
-0.39393,0.1385,1.8819
-0.39613,0.1198,1.8961
-0.39988,0.093665,1.9129
-0.40322,0.074372,1.923
-0.4076,0.047333,1.9465
-0.40995,0.027424,1.9561
-0.41288,-0.00052064,1.9736
-0.41664,-0.021124,1.9852
-0.42059,-0.049943,2.005
-0.42317,-0.071395,2.0223
-0.42724,-0.10101,2.0377
-0.43163,-0.12339,2.0649
-0.43361,-0.15403,2.0701
-0.4369,-0.17675,2.0912
-0.44007,-0.20826,2.1029
-0.44174,-0.23126,2.1145
-0.4428,-0.26128,2.1124
-0.44281,-0.28336,2.1183
-0.44198,-0.31349,2.1143
-0.44128,-0.33485,2.107
-0.43715,-0.36186,2.0869
-0.43382,-0.37957,2.0722
-0.42966,-0.40562,2.0529
-0.4243,-0.42172,2.0324
-0.42056,-0.44736,2.0114
-0.41497,-0.46208,1.9748
-0.41014,-0.48557,1.9608
-0.40588,-0.49951,1.9353
-0.40088,-0.52158,1.9151
-0.39442,-0.53204,1.8892
-0.39075,-0.55344,1.8687
-0.38127,-0.55867,1.8193
-0.37834,-0.57944,1.8052
-0.37541,-0.59288,1.7869
-0.37023,-0.61166,1.7631
-0.36336,-0.62032,1.74
-0.36015,-0.63633,1.7196
-0.35361,-0.64561,1.6921
-0.34868,-0.65975,1.6659
-0.35339,0.61631,1.6162
-0.3569,0.59716,1.6232
-0.36279,0.58806,1.6427
-0.36577,0.5685,1.6576
-0.37045,0.5591,1.6751
-0.37257,0.53791,1.6873
-0.37547,0.52485,1.7026
-0.37812,0.5045,1.712
-0.38079,0.48927,1.7222
-0.38243,0.46787,1.7318
-0.38404,0.45284,1.7399
-0.38645,0.42988,1.7496
-0.38762,0.41276,1.7556
-0.39035,0.39071,1.7642
-0.39118,0.37384,1.7692
-0.39307,0.34996,1.7808
-0.39464,0.33225,1.7871
-0.39681,0.30894,1.7945
-0.39892,0.29165,1.8039
-0.40062,0.26682,1.8147
-0.40301,0.2493,1.8238
-0.40511,0.22475,1.8336
-0.40688,0.20683,1.838
-0.40999,0.18192,1.8515
-0.41477,0.16474,1.8742
-0.41809,0.13924,1.8937
-0.42087,0.12052,1.9047
-0.42576,0.094064,1.9185
-0.428,0.074695,1.9388
-0.43189,0.047533,1.9508
-0.43536,0.02752,1.9654
-0.43858,-0.00054753,1.9875
-0.44298,-0.021252,2.0005
-0.44481,-0.050228,2.0148
-0.45021,-0.071571,2.0322
-0.45409,-0.10165,2.0463
-0.45745,-0.12387,2.0653
-0.46081,-0.1545,2.083
-0.46432,-0.17774,2.0955
-0.46655,-0.20903,2.1127
-0.46938,-0.23125,2.1142
-0.46908,-0.26169,2.1171
-0.47053,-0.28404,2.1255
-0.46966,-0.31381,2.1156
-0.46809,-0.33514,2.1097
-0.46371,-0.36163,2.0952
-0.46042,-0.38051,2.0758
-0.45572,-0.40626,2.0603
-0.45012,-0.42204,2.0333
-0.44486,-0.44709,2.0073
-0.43831,-0.46188,1.986
-0.43557,-0.48595,1.9624
-0.42997,-0.49839,1.9374
-0.42459,-0.52105,1.9207
-0.41777,-0.53193,1.8868
-0.41385,-0.55275,1.8655
-0.40264,-0.55781,1.8173
-0.40044,-0.58008,1.8038
-0.39684,-0.59337,1.7897
-0.39234,-0.61131,1.7721
-0.38676,-0.6212,1.7394
-0.3805,-0.63603,1.7217
-0.3741,-0.64419,1.6899
-0.37046,-0.65817,1.6675
-0.36993,0.6113,1.596
-0.37469,0.59466,1.6195
-0.38056,0.58604,1.6376
-0.38461,0.5663,1.6475
-0.38918,0.5574,1.6689
-0.39182,0.53659,1.6833
-0.39567,0.52413,1.6983
-0.39787,0.50332,1.7082
-0.40075,0.48952,1.7181
-0.40324,0.468,1.7315
-0.40518,0.45197,1.7394
-0.408,0.42897,1.7474
-0.40951,0.41359,1.7547
-0.41162,0.39084,1.7664
-0.41319,0.37338,1.7716
-0.41559,0.3501,1.7794
-0.41671,0.3335,1.7881
-0.41954,0.30912,1.801
-0.42126,0.29202,1.8064
-0.42399,0.26741,1.8167
-0.42637,0.25035,1.8257
-0.42821,0.22498,1.8351
-0.42987,0.20742,1.8423
-0.43275,0.18309,1.8605
-0.43924,0.16508,1.8789
-0.44251,0.13972,1.8989
-0.44617,0.12092,1.9121
-0.45,0.094328,1.9287
-0.45264,0.075001,1.9449
-0.45741,0.047661,1.96
-0.46105,0.027658,1.9751
-0.4645,-0.00057467,1.9948
-0.46777,-0.021383,2.0057
-0.47234,-0.050413,2.0211
-0.47733,-0.072086,2.042
-0.48023,-0.10212,2.0533
-0.48387,-0.12454,2.0791
-0.48778,-0.15523,2.0881
-0.49096,-0.17798,2.1087
-0.49419,-0.20935,2.1116
-0.49599,-0.232,2.121
-0.49627,-0.26235,2.1228
-0.49592,-0.28412,2.1222
-0.495,-0.3139,2.1172
-0.49334,-0.33479,2.1127
-0.49073,-0.36298,2.0968
-0.48481,-0.38031,2.0821
-0.48048,-0.40724,2.0577
-0.47457,-0.42363,2.0373
-0.46947,-0.44628,2.0178
-0.46286,-0.46385,1.9877
-0.45891,-0.48514,1.9674
-0.45242,-0.49916,1.9383
-0.44862,-0.52125,1.9187
-0.44158,-0.53263,1.8869
-0.43571,-0.55244,1.8669
-0.4244,-0.55909,1.821
-0.42166,-0.57982,1.8054
-0.41762,-0.59212,1.79
-0.4131,-0.61187,1.771
-0.40761,-0.61975,1.7397
-0.40114,-0.63594,1.7177
-0.39363,-0.6438,1.6866
-0.38928,-0.66001,1.6698
-0.38819,0.60666,1.5896
-0.39192,0.59022,1.6029
-0.39834,0.58207,1.6256
-0.40247,0.56395,1.6432
-0.40689,0.55517,1.663
-0.41064,0.53514,1.6768
-0.41487,0.52348,1.6966
-0.41736,0.50301,1.7051
-0.42114,0.48827,1.7197
-0.42332,0.46682,1.7302
-0.42624,0.45118,1.7352
-0.42898,0.4296,1.747
-0.43049,0.41328,1.753
-0.43344,0.39031,1.7655
-0.43496,0.37347,1.77
-0.43724,0.35081,1.7823
-0.43917,0.33408,1.7875
-0.44125,0.30966,1.8003
-0.44307,0.29233,1.8082
-0.44659,0.26811,1.8206
-0.44833,0.24997,1.8237
-0.45111,0.22565,1.8371
-0.45323,0.20775,1.8513
-0.45649,0.18265,1.8613
-0.46343,0.16574,1.8871
-0.46828,0.14009,1.9028
-0.47093,0.1213,1.9162
-0.47435,0.094711,1.9338
-0.47832,0.075275,1.9459
-0.48253,0.047843,1.9651
-0.48704,0.027692,1.9846
-0.49031,-0.00060308,2.0003
-0.49526,-0.021462,2.0123
-0.49882,-0.050716,2.0322
-0.50337,-0.072383,2.0483
-0.50631,-0.10234,2.0656
-0.51135,-0.125,2.0807
-0.5137,-0.15556,2.0931
-0.51737,-0.17839,2.1078
-0.52074,-0.20966,2.1174
-0.52236,-0.23229,2.1224
-0.52168,-0.26304,2.1266
-0.5229,-0.28566,2.1285
-0.52152,-0.31524,2.1235
-0.52024,-0.33531,2.1113
-0.51632,-0.36305,2.0951
-0.50923,-0.38059,2.0775
-0.50475,-0.40686,2.0581
-0.49863,-0.42318,2.0327
-0.49535,-0.44754,2.0134
-0.48853,-0.46288,1.9916
-0.48184,-0.4852,1.9653
-0.47571,-0.49978,1.9402
-0.47085,-0.52062,1.9155
-0.46375,-0.53305,1.8873
-0.45808,-0.55129,1.8649
-0.44836,-0.55867,1.8185
-0.4432,-0.58088,1.8069
-0.43882,-0.59281,1.7857
-0.43484,-0.61188,1.7672
-0.42768,-0.62064,1.7367
-0.42097,-0.63582,1.7134
-0.41557,-0.64269,1.6866
-0.4091,-0.65919,1.6633
-0.40463,0.60321,1.5793
-0.40969,0.58519,1.5927
-0.41587,0.57933,1.6123
-0.42087,0.56074,1.6318
-0.42546,0.55049,1.6581
-0.42857,0.5326,1.6678
-0.43414,0.5204,1.6897
-0.43611,0.50164,1.7007
-0.44117,0.48693,1.7152
-0.44303,0.46662,1.7256
-0.44639,0.45136,1.7345
-0.44888,0.42922,1.7444
-0.45159,0.41308,1.7536
-0.45434,0.39055,1.7612
-0.45657,0.37419,1.7728
-0.45938,0.35096,1.7833
-0.46142,0.33358,1.7887
-0.46412,0.30991,1.8044
-0.46581,0.29258,1.8111
-0.46984,0.26797,1.8217
-0.47148,0.2506,1.8313
-0.47444,0.22591,1.8454
-0.47631,0.20828,1.853
-0.48107,0.18326,1.87
-0.4873,0.16657,1.8935
-0.49078,0.14061,1.9081
-0.49518,0.12176,1.9261
-0.49986,0.094995,1.9395
-0.50352,0.075398,1.9555
-0.5078,0.047973,1.9701
-0.51228,0.027793,1.9882
-0.51594,-0.00063205,2.0007
-0.51985,-0.021587,2.0216
-0.52391,-0.050918,2.032
-0.52916,-0.072663,2.0548
-0.53257,-0.10271,2.0709
-0.53774,-0.12507,2.0891
-0.54111,-0.1561,2.1001
-0.54463,-0.17904,2.1107
-0.54703,-0.2099,2.1205
-0.54919,-0.23304,2.1343
-0.54849,-0.26329,2.1321
-0.54926,-0.28587,2.1332
-0.54797,-0.31576,2.1276
-0.54458,-0.33586,2.1163
-0.54168,-0.36328,2.1002
-0.53616,-0.38171,2.0792
-0.53098,-0.40745,2.0637
-0.52293,-0.42442,2.0328
-0.5201,-0.44913,2.0149
-0.51259,-0.46196,1.9869
-0.50642,-0.48611,1.9624
-0.49845,-0.49941,1.9381
-0.49334,-0.52056,1.9109
-0.4859,-0.53214,1.8831
-0.48042,-0.55238,1.8643
-0.46919,-0.5599,1.8158
-0.46574,-0.58019,1.8047
-0.46245,-0.59153,1.7844
-0.45531,-0.61064,1.7663
-0.44758,-0.62052,1.7339
-0.44281,-0.63594,1.709
-0.43493,-0.64111,1.6824
-0.427,-0.65538,1.6601
-0.42259,0.59815,1.5585
-0.42498,0.58209,1.5821
-0.43295,0.57496,1.6072
-0.43719,0.55816,1.6219
-0.44341,0.5485,1.6497
-0.44623,0.52979,1.6605
-0.45182,0.51874,1.68
-0.45517,0.49846,1.6941
-0.46031,0.48504,1.7102
-0.46252,0.46529,1.7187
-0.46614,0.45046,1.7312
-0.4686,0.42797,1.7411
-0.47268,0.41278,1.7507
-0.47441,0.38951,1.7623
-0.47747,0.37383,1.7735
-0.48015,0.3503,1.7835
-0.48275,0.3335,1.7933
-0.48568,0.30974,1.8031
-0.48785,0.29236,1.8102
-0.49156,0.26914,1.8243
-0.49434,0.25095,1.8324
-0.49717,0.22668,1.8454
-0.50104,0.20865,1.8557
-0.50367,0.1841,1.8682
-0.51117,0.16641,1.8975
-0.51567,0.14061,1.9171
-0.51915,0.12198,1.9309
-0.52482,0.09512,1.9438
-0.52779,0.075628,1.9613
-0.53229,0.048008,1.9738
-0.53771,0.027803,1.9899
-0.54041,-0.00066366,2.0043
-0.54571,-0.021654,2.0214
-0.55129,-0.05105,2.0454
-0.55582,-0.072854,2.0551
-0.55822,-0.10299,2.0742
-0.56379,-0.12573,2.0915
-0.56745,-0.15624,2.1058
-0.57118,-0.17911,2.1169
-0.57379,-0.21067,2.1313
-0.57478,-0.23298,2.1322
-0.57428,-0.26339,2.1301
-0.57492,-0.28584,2.1315
-0.57327,-0.3158,2.1276
-0.57109,-0.33538,2.1183
-0.56642,-0.36349,2.1029
-0.56071,-0.38105,2.0741
-0.55469,-0.40783,2.0606
-0.54957,-0.42366,2.0339
-0.54364,-0.44827,2.0161
-0.53567,-0.46301,1.9841
-0.53003,-0.48603,1.9661
-0.52152,-0.49813,1.937
-0.51604,-0.52084,1.9155
-0.50808,-0.53085,1.8852
-0.50309,-0.55181,1.8617
-0.48985,-0.55837,1.8132
-0.48685,-0.57989,1.8038
-0.48283,-0.5925,1.7847
-0.47543,-0.60985,1.7654
-0.46762,-0.6189,1.7352
-0.46236,-0.63425,1.7075
-0.45396,-0.64103,1.68
-0.44815,-0.65474,1.6656
-0.43613,0.59213,1.5482
-0.43965,0.57576,1.5679
-0.45006,0.57111,1.5943
-0.45305,0.55285,1.6174
-0.46198,0.54466,1.6387
-0.46312,0.52667,1.6515
-0.47059,0.51563,1.6727
-0.47252,0.49545,1.6816
-0.47956,0.48326,1.7
-0.48098,0.46301,1.7112
-0.48657,0.44829,1.731
-0.48719,0.42583,1.7288
-0.49272,0.41153,1.7534
-0.49275,0.38791,1.7571
-0.49881,0.37328,1.7697
-0.49997,0.34923,1.7782
-0.50622,0.33361,1.7917
-0.50677,0.30957,1.7986
-0.51095,0.29367,1.8156
-0.51381,0.26863,1.8198
-0.51736,0.25179,1.8367
-0.52007,0.22667,1.8398
-0.52372,0.20989,1.8599
-0.52663,0.18393,1.8692
-0.53649,0.16686,1.9005
-0.53926,0.14066,1.9141
-0.54433,0.12237,1.9341
-0.54755,0.094878,1.9475
-0.55387,0.075692,1.96
-0.55786,0.047982,1.9739
-0.56081,0.027727,1.9922
-0.56674,-0.00069518,2.0134
-0.57429,-0.021652,2.0253
-0.5769,-0.050943,2.0412
-0.5817,-0.07287,2.0655
-0.58448,-0.10353,2.0757
-0.58985,-0.12583,2.0947
-0.59145,-0.15631,2.1074
-0.59828,-0.17946,2.1274
-0.60101,-0.21048,2.1278
-0.60012,-0.23403,2.1353
-0.60007,-0.26325,2.1232
-0.60235,-0.28619,2.1408
-0.6007,-0.31603,2.1269
-0.59627,-0.33514,2.1165
-0.59299,-0.36374,2.1034
-0.58581,-0.38046,2.0759
-0.58014,-0.4086,2.057
-0.57304,-0.424,2.0281
-0.5665,-0.44728,2.0101
-0.55888,-0.46283,1.9819
-0.55214,-0.48559,1.9625
-0.54634,-0.49812,1.9373
-0.53759,-0.51934,1.9133
-0.53227,-0.53255,1.8865
-0.52462,-0.55024,1.8578
-0.50917,-0.55536,1.8081
-0.50693,-0.57914,1.7988
-0.50292,-0.59083,1.7842
-0.49572,-0.60971,1.7604
-0.48722,-0.61872,1.7315
-0.48103,-0.63219,1.7062
-0.47301,-0.63928,1.6779
-0.46657,-0.65578,1.6545
