0.25496,0.31553,0.82173
0.25765,0.3038,0.82424
0.26477,0.30053,0.84116
0.25899,0.28641,0.82785
0.26801,0.28583,0.85245
0.26859,0.27575,0.86702
0.26308,0.26257,0.84787
0.26562,0.25174,0.85717
0.26828,0.24518,0.85413
0.27412,0.23305,0.87105
0.28492,0.23698,0.91885
0.28951,0.23057,0.94184
0.29314,0.21913,0.91553
0.27034,0.19163,0.87667
0.16251,0.11004,0.5202
0.15018,0.094502,0.47999
0.14615,0.086939,0.46631
0.14575,0.078834,0.45895
0.14163,0.074007,0.45745
0.14001,0.066441,0.44801
0.13969,0.061127,0.44765
0.13939,0.054472,0.45096
0.13806,0.049543,0.44239
0.13829,0.043328,0.44064
0,0,-1
0,0,-1
0.13768,0.027724,0.44021
0,0,-1
0,0,-1
0,0,-1
0,0,-1
0,0,-1
0,0,-1
0,0,-1
0,0,-1
0,0,-1
0,0,-1
0,0,-1
0,0,-1
0,0,-1
0,0,-1
0,0,-1
0,0,-1
0,0,-1
0,0,-1
0,0,-1
0,0,-1
0,0,-1
0,0,-1
0,0,-1
0,0,-1
0,0,-1
0,0,-1
0,0,-1
0,0,-1
0,0,-1
0,0,-1
0,0,-1
0,0,-1
0.13809,-0.15379,0.44086
0.13917,-0.15944,0.44438
0.14111,-0.16757,0.45297
0.14428,-0.17594,0.4612
0.15215,-0.19412,0.4866
0.25424,0.32698,0.84511
0.25723,0.31621,0.86068
0.25997,0.31037,0.86641
0.26418,0.30064,0.8819
0.2621,0.29248,0.88164
0.26577,0.28213,0.88509
0.26618,0.27402,0.88752
0.26748,0.26268,0.89557
0.27203,0.25679,0.90081
0.27463,0.2483,0.92016
0.28382,0.24533,0.94498
0.282,0.23131,0.94488
0.27782,0.21955,0.91849
0.22491,0.16846,0.75501
0.14934,0.10504,0.50157
0.14207,0.092284,0.46872
0.14089,0.086809,0.46404
0.13736,0.079098,0.46047
0.13621,0.073248,0.45346
0.135,0.066666,0.4495
0.13417,0.061663,0.44892
0.13399,0.054609,0.44489
0.13312,0.049735,0.44334
0,0,-1
0,0,-1
0,0,-1
0,0,-1
0,0,-1
0,0,-1
0,0,-1
0,0,-1
0,0,-1
0,0,-1
0,0,-1
0,0,-1
0,0,-1
0,0,-1
0,0,-1
0,0,-1
0,0,-1
0,0,-1
0,0,-1
0,0,-1
0,0,-1
0,0,-1
0,0,-1
0,0,-1
0,0,-1
0,0,-1
0,0,-1
0,0,-1
0,0,-1
0,0,-1
0,0,-1
0,0,-1
0,0,-1
0,0,-1
0,0,-1
0,0,-1
0,0,-1
0.13335,-0.1584,0.44184
0.13491,-0.16687,0.44936
0.13742,-0.17441,0.45638
0.14099,-0.18537,0.46992
0.25786,0.34146,0.89848
0.25671,0.33022,0.89937
0.2575,0.32146,0.89413
0.25875,0.30998,0.90428
0.25962,0.30158,0.90574
0.26064,0.29149,0.9105
0.26373,0.28334,0.92033
0.26732,0.27129,0.92892
0.27501,0.26985,0.95882
0.27649,0.2592,0.96267
0.27715,0.25025,0.96441
0.27638,0.23334,0.95215
0.25628,0.21086,0.91134
0.1728,0.13171,0.59118
0.13946,0.10262,0.48659
0.13554,0.092579,0.4702
0.13489,0.086642,0.46345
0.13179,0.078925,0.45914
0.13073,0.07339,0.45204
0.12941,0.0666,0.44976
0.12907,0.06186,0.44685
0.12881,0.05479,0.44572
0.12748,0.049886,0.43957
0,0,-1
0.12666,0.038741,0.43812
0,0,-1
0,0,-1
0,0,-1
0,0,-1
0,0,-1
0,0,-1
0,0,-1
0,0,-1
0,0,-1
0,0,-1
0,0,-1
0,0,-1
0,0,-1
0,0,-1
0,0,-1
0,0,-1
0,0,-1
0,0,-1
0,0,-1
0,0,-1
0,0,-1
0,0,-1
0,0,-1
0,0,-1
0,0,-1
0,0,-1
0,0,-1
0,0,-1
0,0,-1
0,0,-1
0,0,-1
0,0,-1
0,0,-1
0,0,-1
0,0,-1
0.12793,-0.15813,0.44238
0.12884,-0.1659,0.44648
0.13058,-0.17312,0.45187
0.13353,-0.18325,0.46048
0.25149,0.34865,0.91441
0.25324,0.33755,0.91861
0.25531,0.33154,0.92651
0.25721,0.32177,0.93152
0.26034,0.31357,0.93582
0.26181,0.30444,0.9483
0.2646,0.29562,0.96147
0.266,0.28482,0.96503
0.26731,0.27736,0.96754
0.26897,0.26524,0.97534
0.26714,0.25529,0.97486
0.2655,0.23474,0.95375
0.23312,0.1985,0.83512
0.14467,0.11638,0.5253
0.13102,0.10068,0.47483
0.13012,0.093076,0.47135
0.12843,0.086503,0.46446
0.1263,0.078406,0.45805
0.12559,0.073309,0.45319
0.12403,0.06665,0.45113
0.12369,0.06152,0.44913
0.1231,0.054965,0.44711
0.12215,0.04991,0.44095
0.12225,0.043499,0.44131
0.12183,0.038867,0.4395
0,0,-1
0,0,-1
0,0,-1
0,0,-1
0,0,-1
0,0,-1
0,0,-1
0,0,-1
0,0,-1
0,0,-1
0,0,-1
0,0,-1
0,0,-1
0,0,-1
0,0,-1
0,0,-1
0,0,-1
0,0,-1
0,0,-1
0,0,-1
0,0,-1
0,0,-1
0,0,-1
0,0,-1
0,0,-1
0,0,-1
0,0,-1
0,0,-1
0,0,-1
0,0,-1
0,0,-1
0,0,-1
0,0,-1
0,0,-1
0,0,-1
0,0,-1
0.12309,-0.16583,0.4457
0.12507,-0.17194,0.45136
0.12737,-0.18188,0.45779
0.24659,0.36092,0.9383
0.24768,0.34779,0.94248
0.25031,0.33721,0.94313
0.25136,0.32518,0.94711
0.25217,0.31895,0.96427
0.25657,0.30759,0.97173
0.25463,0.30024,0.97176
0.25824,0.28827,0.98198
0.26033,0.28279,0.98501
0.26123,0.26717,0.98649
0.25908,0.25675,0.98216
0.25551,0.23542,0.96491
0.18091,0.16278,0.68824
0.13144,0.1112,0.50017
0.12549,0.10097,0.47623
0.12463,0.093352,0.47312
0.12238,0.086735,0.46464
0.12095,0.078698,0.45749
0.12041,0.07353,0.45454
0.11857,0.066483,0.4509
0.11796,0.061625,0.45048
0.11751,0.055096,0.44594
0.1174,0.050201,0.44464
0.11728,0.043635,0.4429
0,0,-1
0,0,-1
0,0,-1
0,0,-1
0,0,-1
0,0,-1
0,0,-1
0,0,-1
0,0,-1
0,0,-1
0,0,-1
0,0,-1
0,0,-1
0,0,-1
0,0,-1
0,0,-1
0,0,-1
0,0,-1
0,0,-1
0,0,-1
0,0,-1
0,0,-1
0,0,-1
0,0,-1
0,0,-1
0,0,-1
0,0,-1
0,0,-1
0,0,-1
0,0,-1
0,0,-1
0,0,-1
0,0,-1
0,0,-1
0,0,-1
0,0,-1
0,0,-1
0.11788,-0.16566,0.44529
0.11904,-0.1716,0.44842
0.12037,-0.18127,0.45808
0.24556,0.37415,0.97822
0.24665,0.36185,0.98259
0.24526,0.35073,0.97829
0.24673,0.34152,0.99219
0.24687,0.32977,0.98537
0.24845,0.31768,1.001
0.25143,0.3078,0.99822
0.25329,0.2952,1.0092
0.25304,0.28516,1.0062
0.25015,0.2713,1.0095
0.24761,0.25746,0.98486
0.24053,0.23607,0.95031
0.15799,0.14446,0.62672
0.12514,0.1101,0.49853
0.1214,0.10214,0.48512
0.11922,0.093459,0.47407
0.11707,0.086844,0.4602
0.11534,0.078716,0.45879
0.11459,0.073618,0.45584
0.11354,0.066498,0.45223
0.11291,0.061805,0.45147
0.11241,0.05503,0.44713
0.1123,0.050421,0.44681
0.11225,0.043897,0.44583
0,0,-1
0,0,-1
0,0,-1
0,0,-1
0,0,-1
0,0,-1
0,0,-1
0,0,-1
0,0,-1
0,0,-1
0,0,-1
0,0,-1
0,0,-1
0,0,-1
0,0,-1
0,0,-1
0,0,-1
0,0,-1
0,0,-1
0,0,-1
0,0,-1
0,0,-1
0,0,-1
0,0,-1
0,0,-1
0,0,-1
0,0,-1
0,0,-1
0,0,-1
0,0,-1
0,0,-1
0,0,-1
0,0,-1
0,0,-1
0,0,-1
0,0,-1
0,0,-1
0,0,-1
0.11357,-0.17177,0.44839
0.1143,-0.18082,0.45685
0.24162,0.38787,1.0146
0.24348,0.37668,1.0191
0.24425,0.36731,1.0186
0.24604,0.34956,1.0207
0.24286,0.34011,1.0189
0.24326,0.32628,1.0242
0.2432,0.31668,1.0259
0.24486,0.30305,1.0259
0.24432,0.28924,1.0232
0.24244,0.27323,1.0124
0.23661,0.25814,0.98454
0.2295,0.23324,0.94984
0.14073,0.13947,0.58915
0.11899,0.11039,0.49987
0.11584,0.10242,0.48643
0.11382,0.093692,0.47213
0.11163,0.086921,0.46145
0.10988,0.078803,0.45883
0.1092,0.073611,0.45613
0.10867,0.066861,0.45344
0.10774,0.062013,0.45223
0.10767,0.055186,0.44836
0.10725,0.050564,0.44805
0.10712,0.043861,0.44641
0,0,-1
0,0,-1
0,0,-1
0,0,-1
0,0,-1
0,0,-1
0,0,-1
0,0,-1
0,0,-1
0,0,-1
0,0,-1
0,0,-1
0,0,-1
0,0,-1
0,0,-1
0,0,-1
0,0,-1
0,0,-1
0,0,-1
0,0,-1
0,0,-1
0,0,-1
0,0,-1
0,0,-1
0,0,-1
0,0,-1
0,0,-1
0,0,-1
0,0,-1
0,0,-1
0,0,-1
0,0,-1
0,0,-1
0,0,-1
0,0,-1
0,0,-1
0,0,-1
0,0,-1
0.10819,-0.17216,0.44951
0.10963,-0.18045,0.45228
0.23962,0.40222,1.0433
0.23998,0.38902,1.0511
0.24046,0.37796,1.0544
0.23993,0.36104,1.0499
0.23856,0.35038,1.0514
0.23648,0.33471,1.0458
0.23548,0.32227,1.0332
0.23377,0.30417,1.0343
0.23349,0.29395,1.0312
0.23129,0.27391,1.0149
0.22515,0.25879,0.98455
0.21635,0.23232,0.95007
0.12805,0.13431,0.56875
0.11363,0.11104,0.50115
0.10912,0.10049,0.48046
0.10831,0.093093,0.47336
0.10623,0.087055,0.46341
0.10432,0.079009,0.46003
0.10372,0.073813,0.45732
0.10357,0.067039,0.45466
0.10325,0.062198,0.45391
0.10247,0.055487,0.45167
0.10242,0.050701,0.44954
0,0,-1
0,0,-1
0,0,-1
0,0,-1
0,0,-1
0,0,-1
0,0,-1
0,0,-1
0,0,-1
0,0,-1
0,0,-1
0,0,-1
0,0,-1
0,0,-1
0,0,-1
0,0,-1
0,0,-1
0,0,-1
0,0,-1
0,0,-1
0,0,-1
0,0,-1
0,0,-1
0,0,-1
0,0,-1
0,0,-1
0,0,-1
0,0,-1
0,0,-1
0,0,-1
0,0,-1
0,0,-1
0,0,-1
0,0,-1
0,0,-1
0,0,-1
0,0,-1
0,0,-1
0,0,-1
0.10306,-0.17242,0.45058
0.1043,-0.18039,0.45514
0.23387,0.41967,1.0866
0.23491,0.40408,1.0921
0.2341,0.38964,1.0956
0.2326,0.37495,1.095
0.23221,0.36331,1.0973
0.22959,0.34353,1.0726
0.22705,0.32747,1.0532
0.22424,0.30931,1.0396
0.22216,0.29464,1.036
0.21886,0.27488,1.0187
0.21361,0.25857,0.98939
0.20426,0.23124,0.95447
0.1192,0.1316,0.55714
0.10765,0.11156,0.50215
0.10353,0.10073,0.48164
0.10177,0.092997,0.47452
0.10076,0.087262,0.46575
0.098932,0.079397,0.46055
0.098463,0.074305,0.45903
0.098301,0.067264,0.45538
0.098082,0.062453,0.45469
0.097181,0.055632,0.45281
0.096531,0.050805,0.45035
0,0,-1
0,0,-1
0,0,-1
0,0,-1
0,0,-1
0,0,-1
0,0,-1
0,0,-1
0,0,-1
0,0,-1
0,0,-1
0,0,-1
0,0,-1
0,0,-1
0,0,-1
0,0,-1
0,0,-1
0,0,-1
0,0,-1
0,0,-1
0,0,-1
0,0,-1
0,0,-1
0,0,-1
0,0,-1
0,0,-1
0,0,-1
0,0,-1
0,0,-1
0,0,-1
0,0,-1
0,0,-1
0,0,-1
0,0,-1
0,0,-1
0,0,-1
0,0,-1
0,0,-1
0,0,-1
0.09722,-0.17243,0.45071
0.098668,-0.18016,0.45524
0.22809,0.43519,1.135
0.22882,0.41694,1.1272
0.22716,0.4063,1.1299
0.22738,0.38573,1.1231
0.22469,0.37093,1.1175
0.22075,0.35,1.1052
0.2177,0.33254,1.0764
0.21478,0.31428,1.0595
0.21026,0.29414,1.0383
0.20407,0.2755,1.0211
0.2015,0.26046,0.99467
0.19315,0.23341,0.94977
0.1126,0.13086,0.55698
0.10216,0.11182,0.50331
0.097988,0.10174,0.48382
0.095729,0.093043,0.47134
0.094891,0.087476,0.46684
0.093913,0.079587,0.46277
0.093112,0.074719,0.46011
0.09296,0.067425,0.45646
0.092873,0.062687,0.45577
0.091901,0.055767,0.45361
0,0,-1
0,0,-1
0,0,-1
0,0,-1
0,0,-1
0,0,-1
0,0,-1
0,0,-1
0,0,-1
0,0,-1
0,0,-1
0,0,-1
0,0,-1
0,0,-1
0,0,-1
0,0,-1
0,0,-1
0,0,-1
0,0,-1
0,0,-1
0,0,-1
0,0,-1
0,0,-1
0,0,-1
0,0,-1
0,0,-1
0,0,-1
0,0,-1
0,0,-1
0,0,-1
0,0,-1
0,0,-1
0,0,-1
0,0,-1
0,0,-1
0,0,-1
0,0,-1
0,0,-1
0,0,-1
0,0,-1
0,0,-1
0.092945,-0.1812,0.456
0.21949,0.44442,1.1596
0.22187,0.42828,1.155
0.22006,0.41338,1.1536
0.2188,0.39429,1.1438
0.21485,0.37609,1.1289
0.2115,0.35723,1.1184
0.2064,0.33482,1.0786
0.20234,0.31494,1.0632
0.197,0.2933,1.035
0.19225,0.27608,1.0216
0.1889,0.25971,0.99681
0.18085,0.23394,0.945
0.10608,0.13074,0.5582
0.096791,0.11291,0.50717
0.092845,0.10267,0.48875
0.089602,0.093248,0.47238
0.089583,0.087661,0.46863
0.088524,0.079796,0.46402
0.088275,0.075097,0.46274
0.087572,0.067575,0.45735
0.087524,0.062844,0.45605
0.086748,0.055917,0.45428
0,0,-1
0,0,-1
0,0,-1
0,0,-1
0,0,-1
0,0,-1
0,0,-1
0,0,-1
0,0,-1
0,0,-1
0,0,-1
0,0,-1
0,0,-1
0,0,-1
0,0,-1
0,0,-1
0,0,-1
0,0,-1
0,0,-1
0,0,-1
0,0,-1
0,0,-1
0,0,-1
0,0,-1
0,0,-1
0,0,-1
0,0,-1
0,0,-1
0,0,-1
0,0,-1
0,0,-1
0,0,-1
0,0,-1
0,0,-1
0,0,-1
0,0,-1
0,0,-1
0,0,-1
0,0,-1
0,0,-1
0,0,-1
0.087185,-0.18071,0.4559
0.21221,0.4556,1.1777
0.21081,0.43581,1.1819
0.20933,0.41844,1.1703
0.20732,0.39945,1.1608
0.20206,0.38439,1.1452
0.19935,0.35776,1.1206
0.19363,0.33596,1.0739
0.18876,0.31084,1.0603
0.18464,0.29341,1.0256
0.18027,0.27602,1.0213
0.17787,0.26002,0.99691
0.16838,0.23441,0.94693
0.10039,0.131,0.56039
0.090895,0.11322,0.50963
0.087194,0.10334,0.49017
0.084039,0.094069,0.47739
0.084046,0.087923,0.47111
0.083116,0.080318,0.465
0.083072,0.075269,0.46385
0.08216,0.067719,0.45891
0.082121,0.062979,0.45702
0.081425,0.056133,0.45533
0,0,-1
0,0,-1
0,0,-1
0,0,-1
0,0,-1
0,0,-1
0,0,-1
0,0,-1
0,0,-1
0,0,-1
0,0,-1
0,0,-1
0,0,-1
0,0,-1
0,0,-1
0,0,-1
0,0,-1
0,0,-1
0,0,-1
0,0,-1
0,0,-1
0,0,-1
0,0,-1
0,0,-1
0,0,-1
0,0,-1
0,0,-1
0,0,-1
0,0,-1
0,0,-1
0,0,-1
0,0,-1
0,0,-1
0,0,-1
0,0,-1
0,0,-1
0,0,-1
0,0,-1
0,0,-1
0,0,-1
0,0,-1
0.08217,-0.18166,0.45805
0.19973,0.46249,1.1978
0.19781,0.44146,1.1922
0.19746,0.42576,1.1879
0.19362,0.4036,1.1659
0.19103,0.38332,1.1505
0.18525,0.35733,1.1172
0.179,0.33657,1.0755
0.17405,0.31015,1.0563
0.17193,0.29366,1.0276
0.1696,0.27752,1.0195
0.16607,0.26051,0.998
0.15722,0.23486,0.96191
0.096947,0.137,0.57849
0.086146,0.11452,0.51957
0.08191,0.10443,0.49303
0.079414,0.094252,0.48136
0.078602,0.088324,0.47446
0.077874,0.080476,0.46656
0.077567,0.075436,0.46572
0.076904,0.068386,0.46092
0.076702,0.063105,0.45907
0.076266,0.056269,0.45816
0.075913,0.051364,0.45554
0,0,-1
0,0,-1
0,0,-1
0,0,-1
0,0,-1
0,0,-1
0,0,-1
0,0,-1
0,0,-1
0,0,-1
0,0,-1
0,0,-1
0,0,-1
0,0,-1
0,0,-1
0,0,-1
0,0,-1
0,0,-1
0,0,-1
0,0,-1
0,0,-1
0,0,-1
0,0,-1
0,0,-1
0,0,-1
0,0,-1
0,0,-1
0,0,-1
0,0,-1
0,0,-1
0,0,-1
0,0,-1
0,0,-1
0,0,-1
0,0,-1
0,0,-1
0,0,-1
0,0,-1
0,0,-1
0,0,-1
0.076779,-0.18298,0.45921
0.18821,0.46874,1.2234
0.1861,0.44648,1.2087
0.18336,0.43039,1.198
0.1815,0.40447,1.1795
0.17729,0.38522,1.1502
0.17284,0.35794,1.1191
0.16622,0.3353,1.0774
0.16163,0.31068,1.0537
0.15965,0.29416,1.0322
0.15714,0.27702,1.0195
0.15422,0.26096,1.0006
0.14869,0.23695,0.96363
0.092873,0.14226,0.59925
0.0808,0.11693,0.52308
0.076648,0.10476,0.49618
0.074324,0.094423,0.48223
0.073471,0.088679,0.47533
0.07265,0.08076,0.46986
0.072032,0.075716,0.46658
0.071464,0.068513,0.46387
0.071276,0.063594,0.46103
0.070916,0.056614,0.46015
0.070496,0.051461,0.45763
0,0,-1
0,0,-1
0,0,-1
0,0,-1
0,0,-1
0,0,-1
0,0,-1
0,0,-1
0,0,-1
0,0,-1
0,0,-1
0,0,-1
0,0,-1
0,0,-1
0,0,-1
0,0,-1
0,0,-1
0,0,-1
0,0,-1
0,0,-1
0,0,-1
0,0,-1
0,0,-1
0,0,-1
0,0,-1
0,0,-1
0,0,-1
0,0,-1
0,0,-1
0,0,-1
0,0,-1
0,0,-1
0,0,-1
0,0,-1
0,0,-1
0,0,-1
0,0,-1
0,0,-1
0,0,-1
0,0,-1
0.071628,-0.18223,0.46027
0.17515,0.47176,1.2396
0.17319,0.45207,1.2233
0.1716,0.43457,1.2145
0.16814,0.40509,1.1827
0.16359,0.38446,1.152
0.15768,0.3552,1.1209
0.15269,0.32875,1.0782
0.14802,0.30479,1.0419
0.14526,0.29206,1.0175
0.14268,0.27241,1.0096
0.13781,0.25359,0.98296
0.13522,0.23534,0.95902
0.090987,0.15186,0.63248
0.075583,0.11803,0.53135
0.070759,0.10505,0.49878
0.068972,0.095884,0.48305
0.067873,0.089265,0.47635
0.067038,0.081009,0.47141
0.066621,0.076091,0.46907
0.065927,0.068576,0.46579
0.065771,0.063725,0.46271
0.065539,0.056829,0.46152
0.065274,0.051769,0.45883
0,0,-1
0,0,-1
0,0,-1
0,0,-1
0,0,-1
0,0,-1
0,0,-1
0,0,-1
0,0,-1
0,0,-1
0,0,-1
0,0,-1
0,0,-1
0,0,-1
0,0,-1
0,0,-1
0,0,-1
0,0,-1
0,0,-1
0,0,-1
0,0,-1
0,0,-1
0,0,-1
0,0,-1
0,0,-1
0,0,-1
0,0,-1
0,0,-1
0,0,-1
0,0,-1
0,0,-1
0,0,-1
0,0,-1
0,0,-1
0,0,-1
0,0,-1
0,0,-1
0,0,-1
0,0,-1
0,0,-1
0.06625,-0.18348,0.46375
0.16182,0.47737,1.2407
0.16115,0.45697,1.2465
0.15913,0.44149,1.2291
0.15808,0.41974,1.2237
0.15155,0.39083,1.1607
0.14693,0.36,1.1336
0.13985,0.32922,1.0798
0.13558,0.30654,1.0432
0.13307,0.29139,1.016
0.13043,0.2713,1.0112
0.12696,0.25397,0.98445
0.12385,0.23569,0.96048
0.091432,0.16418,0.69628
0.069822,0.11965,0.5379
0.065164,0.10563,0.50063
0.063278,0.096137,0.48622
0.062177,0.089547,0.47974
0.061523,0.081574,0.47368
0.061237,0.076256,0.4718
0.060457,0.068689,0.46758
0.060239,0.063903,0.46468
0.060027,0.056936,0.46247
0.059784,0.051953,0.46145
0,0,-1
0,0,-1
0,0,-1
0,0,-1
0,0,-1
0,0,-1
0,0,-1
0,0,-1
0,0,-1
0,0,-1
0,0,-1
0,0,-1
0,0,-1
0,0,-1
0,0,-1
0,0,-1
0,0,-1
0,0,-1
0,0,-1
0,0,-1
0,0,-1
0,0,-1
0,0,-1
0,0,-1
0,0,-1
0,0,-1
0,0,-1
0,0,-1
0,0,-1
0,0,-1
0,0,-1
0,0,-1
0,0,-1
0,0,-1
0,0,-1
0,0,-1
0,0,-1
0,0,-1
0,0,-1
0.060187,-0.17631,0.46177
0.06071,-0.18375,0.46639
0.16442,0.53351,1.3942
0.16295,0.51239,1.387
0.1597,0.48541,1.3595
0.15442,0.44661,1.3029
0.14373,0.40751,1.228
0.13339,0.36498,1.1362
0.127,0.33574,1.0842
0.12548,0.31352,1.0514
0.12297,0.29703,1.0389
0.12095,0.27819,1.0137
0.1176,0.25764,0.98581
0.11243,0.23601,0.96182
0.095113,0.18951,0.80172
0.065462,0.12326,0.56041
0.059638,0.10697,0.50973
0.057636,0.097035,0.49569
0.057008,0.089673,0.48143
0.055952,0.081834,0.47537
0.055677,0.076381,0.47324
0.055029,0.068909,0.4688
0.054683,0.063996,0.46749
0.054599,0.057166,0.46496
0.054496,0.052099,0.46218
0,0,-1
0,0,-1
0,0,-1
0,0,-1
0,0,-1
0,0,-1
0,0,-1
0,0,-1
0,0,-1
0,0,-1
0,0,-1
0,0,-1
0,0,-1
0,0,-1
0,0,-1
0,0,-1
0,0,-1
0,0,-1
0,0,-1
0,0,-1
0,0,-1
0,0,-1
0,0,-1
0,0,-1
0,0,-1
0,0,-1
0,0,-1
0,0,-1
0,0,-1
0,0,-1
0,0,-1
0,0,-1
0,0,-1
0,0,-1
0,0,-1
0,0,-1
0,0,-1
0,0,-1
0,0,-1
0.054952,-0.17747,0.4627
0.055695,-0.18656,0.46865
0.15192,0.5544,1.4407
0.14923,0.52287,1.4194
0.14682,0.50028,1.3932
0.14404,0.46874,1.3671
0.1391,0.43509,1.3085
0.12961,0.39222,1.2346
0.11887,0.35147,1.1381
0.11488,0.32192,1.0898
0.11301,0.30376,1.0666
0.11082,0.28354,1.044
0.10889,0.26858,1.0175
0.10596,0.24465,0.99001
0.094865,0.21294,0.89004
0.060967,0.12815,0.57476
0.053892,0.1079,0.51417
0.052502,0.09849,0.50118
0.051268,0.090664,0.48568
0.050531,0.082206,0.47957
0.050171,0.077014,0.47386
0.049539,0.069463,0.47001
0.049353,0.064258,0.46846
0.049091,0.05726,0.46669
0.048976,0.052437,0.46279
0,0,-1
0,0,-1
0,0,-1
0,0,-1
0,0,-1
0,0,-1
0,0,-1
0,0,-1
0,0,-1
0,0,-1
0,0,-1
0,0,-1
0,0,-1
0,0,-1
0,0,-1
0,0,-1
0,0,-1
0,0,-1
0,0,-1
0,0,-1
0,0,-1
0,0,-1
0,0,-1
0,0,-1
0,0,-1
0,0,-1
0,0,-1
0,0,-1
0,0,-1
0,0,-1
0,0,-1
0,0,-1
0,0,-1
0,0,-1
0,0,-1
0,0,-1
0,0,-1
0,0,-1
0,0,-1
0.049529,-0.17784,0.46667
0.050161,-0.18709,0.47188
0.13663,0.56186,1.4658
0.13523,0.53549,1.4399
0.13267,0.51045,1.4256
0.12942,0.47857,1.3947
0.1257,0.44452,1.336
0.11834,0.40342,1.2732
0.10856,0.3616,1.1655
0.10457,0.33416,1.1265
0.10207,0.31012,1.0926
0.10012,0.28944,1.0717
0.09695,0.26905,1.0346
0.094412,0.24971,1.0143
0.088738,0.2274,0.96613
0.057356,0.1371,0.61908
0.048835,0.11054,0.52166
0.047408,0.099503,0.50555
0.045486,0.090836,0.48788
0.044848,0.082696,0.48451
0.044517,0.077218,0.47577
0.044165,0.069735,0.47262
0.043845,0.064496,0.47025
0.043675,0.057546,0.46758
0.043428,0.052523,0.46611
0,0,-1
0,0,-1
0,0,-1
0,0,-1
0,0,-1
0,0,-1
0,0,-1
0,0,-1
0,0,-1
0,0,-1
0,0,-1
0,0,-1
0,0,-1
0,0,-1
0,0,-1
0,0,-1
0,0,-1
0,0,-1
0,0,-1
0,0,-1
0,0,-1
0,0,-1
0,0,-1
0,0,-1
0,0,-1
0,0,-1
0,0,-1
0,0,-1
0,0,-1
0,0,-1
0,0,-1
0,0,-1
0,0,-1
0,0,-1
0,0,-1
0,0,-1
0,0,-1
0,0,-1
0,0,-1
0.044217,-0.17983,0.47067
0.044947,-0.18908,0.47648
0.12059,0.56711,1.4789
0.11872,0.54131,1.4607
0.11728,0.51631,1.4393
0.11464,0.48797,1.4139
0.11071,0.45554,1.3584
0.10529,0.41452,1.2985
0.096339,0.36366,1.191
0.091503,0.33564,1.132
0.089577,0.31464,1.104
0.087434,0.29064,1.0805
0.085053,0.27087,1.0418
0.082373,0.25011,1.0184
0.079724,0.22875,0.98288
0.066001,0.17933,0.80805
0.042575,0.1111,0.52463
0.041488,0.10066,0.51061
0.040078,0.091937,0.4891
0.039438,0.083246,0.48567
0.039025,0.077702,0.48187
0.038466,0.069949,0.47633
0.038377,0.064854,0.4717
0.038149,0.057814,0.46948
0.038083,0.052729,0.46797
0.037844,0.045799,0.46493
0,0,-1
0,0,-1
0,0,-1
0,0,-1
0,0,-1
0,0,-1
0,0,-1
0,0,-1
0,0,-1
0,0,-1
0,0,-1
0,0,-1
0,0,-1
0,0,-1
0,0,-1
0,0,-1
0,0,-1
0,0,-1
0,0,-1
0,0,-1
0,0,-1
0,0,-1
0,0,-1
0,0,-1
0,0,-1
0,0,-1
0,0,-1
0,0,-1
0,0,-1
0,0,-1
0,0,-1
0,0,-1
0,0,-1
0,0,-1
0,0,-1
0,0,-1
0,0,-1
0,0,-1
0.038646,-0.1804,0.47503
0.039394,-0.1917,0.48868
0.10371,0.57062,1.4909
0.10217,0.5454,1.4721
0.10066,0.52034,1.4567
0.098801,0.49328,1.426
0.096132,0.46275,1.3791
0.092161,0.4216,1.3356
0.084055,0.37857,1.2073
0.079469,0.34205,1.1471
0.076411,0.31738,1.1132
0.07446,0.29114,1.0843
0.072681,0.27187,1.0512
0.071136,0.25176,1.0275
0.068366,0.23439,0.98799
0.064123,0.20807,0.92943
0.037972,0.11651,0.55121
0.035424,0.10123,0.51339
0.034783,0.093132,0.49819
0.033709,0.084404,0.48848
0.033251,0.078408,0.48401
0.033144,0.070565,0.47784
0.032748,0.065201,0.47421
0.032608,0.057977,0.47079
0.032518,0.052885,0.47046
0.032401,0.0461,0.46813
0,0,-1
0,0,-1
0,0,-1
0,0,-1
0,0,-1
0,0,-1
0,0,-1
0,0,-1
0,0,-1
0,0,-1
0,0,-1
0,0,-1
0,0,-1
0,0,-1
0,0,-1
0,0,-1
0,0,-1
0,0,-1
0,0,-1
0,0,-1
0,0,-1
0,0,-1
0,0,-1
0,0,-1
0,0,-1
0,0,-1
0,0,-1
0,0,-1
0,0,-1
0,0,-1
0,0,-1
0,0,-1
0,0,-1
0,0,-1
0,0,-1
0,0,-1
0,0,-1
0,0,-1
0.033096,-0.18268,0.47931
0.034666,-0.19664,0.49406
0.085965,0.57703,1.5021
0.085207,0.55129,1.4903
0.084023,0.52755,1.4715
0.082299,0.49642,1.4452
0.079822,0.46659,1.4071
0.076976,0.43381,1.3552
0.071094,0.38484,1.2426
0.067155,0.34782,1.1755
0.064235,0.31921,1.1244
0.062093,0.2941,1.0868
0.060134,0.27263,1.0527
0.05871,0.25264,1.0308
0.056765,0.23495,1.0013
0.055359,0.21259,0.96566
0.037301,0.13887,0.66017
0.030246,0.10532,0.53348
0.028749,0.093197,0.50401
0.028128,0.085128,0.49065
0.027653,0.078639,0.48528
0.027388,0.070969,0.48031
0.027267,0.065569,0.47855
0.027007,0.058398,0.47333
0.026935,0.053096,0.47175
0.026867,0.046304,0.47152
0,0,-1
0,0,-1
0,0,-1
0,0,-1
0,0,-1
0,0,-1
0,0,-1
0,0,-1
0,0,-1
0,0,-1
0,0,-1
0,0,-1
0,0,-1
0,0,-1
0,0,-1
0,0,-1
0,0,-1
0,0,-1
0,0,-1
0,0,-1
0,0,-1
0,0,-1
0,0,-1
0,0,-1
0,0,-1
0,0,-1
0,0,-1
0,0,-1
0,0,-1
0,0,-1
0,0,-1
0,0,-1
0,0,-1
0,0,-1
0,0,-1
0,0,-1
0,0,-1
0.027356,-0.17666,0.47552
0.027852,-0.18553,0.48609
0.029833,-0.20676,0.51907
0.068311,0.58027,1.514
0.067725,0.55553,1.5044
0.067033,0.53241,1.4837
0.065794,0.5018,1.4679
0.064291,0.47448,1.4232
0.061927,0.4397,1.38
0.057971,0.39848,1.2873
0.053725,0.35321,1.1938
0.050816,0.3209,1.1335
0.049008,0.29534,1.0877
0.047896,0.27459,1.0593
0.046479,0.25278,1.0359
0.044905,0.23557,1.0039
0.044024,0.21568,0.97279
0.037318,0.17672,0.82831
0.027011,0.11905,0.6061
0.022647,0.094601,0.50434
0.022186,0.085446,0.493
0.021972,0.079728,0.48824
0.021723,0.071617,0.48619
0.021591,0.065803,0.47918
0.021439,0.058664,0.47871
0.021288,0.053584,0.47356
0.021243,0.046463,0.47321
0.021204,0.04153,0.47184
0,0,-1
0,0,-1
0,0,-1
0,0,-1
0,0,-1
0,0,-1
0,0,-1
0,0,-1
0,0,-1
0,0,-1
0,0,-1
0,0,-1
0,0,-1
0,0,-1
0,0,-1
0,0,-1
0,0,-1
0,0,-1
0,0,-1
0,0,-1
0,0,-1
0,0,-1
0,0,-1
0,0,-1
0,0,-1
0,0,-1
0,0,-1
0,0,-1
0,0,-1
0,0,-1
0,0,-1
0,0,-1
0,0,-1
0,0,-1
0,0,-1
0.021511,-0.1693,0.47419
0.02166,-0.17812,0.48188
0.022724,-0.19288,0.49885
0.029362,-0.25565,0.64829
0.050432,0.58659,1.5301
0.049866,0.55845,1.5189
0.049406,0.53903,1.4939
0.04852,0.50974,1.4734
0.047318,0.48399,1.4442
0.045944,0.44802,1.3971
0.043466,0.40789,1.3179
0.040295,0.36452,1.2324
0.037317,0.32493,1.1419
0.035937,0.2988,1.1023
0.035057,0.27541,1.0597
0.033954,0.25288,1.0385
0.032938,0.23933,1.008
0.032154,0.21678,0.97635
0.031228,0.1972,0.95028
0.023444,0.14218,0.72326
0.017775,0.10114,0.53925
0.01649,0.086129,0.50505
0.016074,0.080055,0.49199
0.016025,0.072,0.4887
0.015847,0.066727,0.48324
0.015773,0.058917,0.48062
0.015657,0.05367,0.47912
0.015558,0.046883,0.47449
0.015501,0.041757,0.47389
0.015407,0.034859,0.47063
0,0,-1
0,0,-1
0,0,-1
0,0,-1
0,0,-1
0,0,-1
0,0,-1
0,0,-1
0,0,-1
0,0,-1
0,0,-1
0,0,-1
0,0,-1
0,0,-1
0,0,-1
0,0,-1
0,0,-1
0,0,-1
0,0,-1
0,0,-1
0,0,-1
0,0,-1
0,0,-1
0,0,-1
0,0,-1
0,0,-1
0,0,-1
0,0,-1
0,0,-1
0,0,-1
0,0,-1
0,0,-1
0,0,-1
0.015619,-0.16399,0.47577
0.015898,-0.17131,0.48047
0.016079,-0.17967,0.48625
0.017923,-0.20655,0.54327
0.039652,-0.47319,1.1969
0.031987,0.58989,1.537
0.031745,0.56331,1.531
0.031454,0.54328,1.5126
0.030949,0.5127,1.4885
0.030219,0.48729,1.4541
0.029532,0.45412,1.4134
0.028144,0.41913,1.352
0.026419,0.37716,1.2771
0.024012,0.33026,1.1582
0.022946,0.29903,1.1089
0.022141,0.27648,1.0647
0.021496,0.25542,1.0392
0.020808,0.23939,1.0098
0.020468,0.21761,0.98538
0.019725,0.20371,0.96298
0.018712,0.17854,0.91443
0.012173,0.10874,0.58417
0.010995,0.091844,0.53353
0.010328,0.081016,0.50205
0.010121,0.072631,0.48912
0.010043,0.066915,0.48779
0.0099441,0.059692,0.48428
0.0098944,0.054219,0.48135
0.0098676,0.046951,0.47796
0.0098009,0.04189,0.47509
0.0097649,0.035042,0.47385
0,0,-1
0,0,-1
0,0,-1
0,0,-1
0,0,-1
0,0,-1
0,0,-1
0,0,-1
0,0,-1
0,0,-1
0,0,-1
0,0,-1
0,0,-1
0,0,-1
0,0,-1
0,0,-1
0,0,-1
0,0,-1
0,0,-1
0,0,-1
0,0,-1
0,0,-1
0,0,-1
0,0,-1
0,0,-1
0,0,-1
0,0,-1
0,0,-1
0,0,-1
0,0,-1
0,0,-1
0,0,-1
0.009871,-0.15743,0.47434
0.0099924,-0.16556,0.47882
0.010138,-0.17343,0.48834
0.010419,-0.18462,0.49976
0.018261,-0.33151,0.86827
0.029939,-0.56421,1.4259
0.013504,0.59426,1.5418
0.013419,0.56698,1.5321
0.013219,0.54669,1.5199
0.013039,0.5163,1.5006
0.012748,0.49304,1.47
0.012455,0.45994,1.437
0.011925,0.42661,1.38
0.011322,0.38828,1.3164
0.010283,0.34033,1.187
0.0095751,0.30432,1.1289
0.0092087,0.2779,1.0761
0.0089658,0.25618,1.0456
0.0086406,0.23869,1.012
0.0084373,0.21831,0.98555
0.0082023,0.20437,0.96314
0.0079606,0.18414,0.93814
0.0062129,0.13648,0.73456
0.0047651,0.096456,0.56078
0.0044065,0.084132,0.52145
0.004242,0.073738,0.50169
0.0041587,0.067188,0.48964
0.0041314,0.059948,0.48754
0.0041044,0.054699,0.48471
0.0040804,0.047424,0.48215
0.0040576,0.04218,0.4785
0.004027,0.035231,0.47687
0.004012,0.03019,0.47427
0,0,-1
0,0,-1
0,0,-1
0,0,-1
0,0,-1
0,0,-1
0,0,-1
0,0,-1
0,0,-1
0,0,-1
0,0,-1
0,0,-1
0,0,-1
0,0,-1
0,0,-1
0,0,-1
0,0,-1
0,0,-1
0,0,-1
0,0,-1
0,0,-1
0,0,-1
0,0,-1
0,0,-1
0,0,-1
0,0,-1
0,0,-1
0,0,-1
0,0,-1
0,0,-1
0.0041269,-0.15222,0.47587
0.0041836,-0.15915,0.47995
0.0042438,-0.16779,0.48846
0.004366,-0.17761,0.49945
0.0046967,-0.19921,0.53542
0.012343,-0.53649,1.4071
0.012912,-0.58043,1.4679
-0.0051673,0.59366,1.5522
-0.0051852,0.5709,1.5406
-0.0051797,0.54983,1.5316
-0.0051342,0.52181,1.5094
-0.0050715,0.49595,1.4816
-0.0049941,0.46599,1.4544
-0.0048459,0.43434,1.4066
-0.0046912,0.39955,1.345
-0.0043536,0.3534,1.2446
-0.0040433,0.31066,1.1554
-0.0037827,0.27989,1.0841
-0.0037119,0.25847,1.0485
-0.0036002,0.23868,1.0121
-0.003541,0.22061,0.98763
-0.0034499,0.20373,0.96299
-0.0033875,0.18606,0.94029
-0.0032404,0.16698,0.90272
-0.0025088,0.11788,0.68835
-0.0019463,0.087367,0.53798
-0.0018872,0.076797,0.51807
-0.0018245,0.068673,0.50243
-0.0017984,0.060453,0.49191
-0.0017853,0.054821,0.48732
-0.0017749,0.047812,0.48438
-0.0017686,0.042479,0.48023
-0.0017607,0.035382,0.47876
-0.0017578,0.030342,0.47722
-0.0017545,0.023406,0.47638
0,0,-1
0,0,-1
0,0,-1
0,0,-1
0,0,-1
0,0,-1
0,0,-1
0,0,-1
0,0,-1
0,0,-1
0,0,-1
0,0,-1
0,0,-1
0,0,-1
0,0,-1
0,0,-1
0,0,-1
0,0,-1
0,0,-1
0,0,-1
0,0,-1
0,0,-1
0,0,-1
0,0,-1
0,0,-1
0,0,-1
0,0,-1
0,0,-1
-0.0016565,-0.14601,0.4764
-0.0016658,-0.15463,0.48032
-0.0016788,-0.16151,0.48778
-0.0016923,-0.17298,0.49798
-0.0017926,-0.18879,0.52863
-0.0031795,-0.34891,0.94245
-0.004935,-0.56009,1.4714
-0.0049471,-0.59089,1.4824
-0.023974,0.59665,1.5563
-0.024002,0.57139,1.5446
-0.023761,0.55266,1.5382
-0.02357,0.52357,1.5224
-0.023258,0.50135,1.4974
-0.022845,0.47002,1.4741
-0.022255,0.44202,1.4214
-0.02153,0.40901,1.3855
-0.020194,0.36981,1.2892
-0.018893,0.32493,1.2113
-0.016995,0.28675,1.0985
-0.016396,0.25909,1.0545
-0.015885,0.24153,1.0263
-0.01555,0.2224,0.99148
-0.015117,0.2035,0.96289
-0.014879,0.18701,0.94686
-0.014291,0.17029,0.91274
-0.013816,0.15145,0.87554
-0.0093619,0.095888,0.59106
-0.0084344,0.079279,0.5344
-0.0081076,0.070508,0.51271
-0.0079114,0.061635,0.50201
-0.0078038,0.055473,0.49245
-0.0077209,0.047931,0.48799
-0.007676,0.04282,0.48586
-0.0076204,0.035543,0.48073
-0.0075484,0.030436,0.47777
-0.0075395,0.02345,0.47683
-0.0075443,0.018404,0.47655
0,0,-1
0,0,-1
0,0,-1
0,0,-1
0,0,-1
0,0,-1
0,0,-1
0,0,-1
0,0,-1
0,0,-1
0,0,-1
0,0,-1
0,0,-1
0,0,-1
0,0,-1
0,0,-1
0,0,-1
0,0,-1
0,0,-1
0,0,-1
0,0,-1
0,0,-1
0,0,-1
0,0,-1
0,0,-1
0,0,-1
-0.0074865,-0.14156,0.47773
-0.0075664,-0.1483,0.48225
-0.0076704,-0.15692,0.49206
-0.0077526,-0.16565,0.50012
-0.0081711,-0.18383,0.52517
-0.013043,-0.29902,0.83763
-0.022447,-0.53678,1.4486
-0.023128,-0.56994,1.4907
-0.023249,-0.59415,1.5018
-0.043046,0.5988,1.5591
-0.042776,0.57383,1.5511
-0.042809,0.55704,1.5457
-0.042391,0.5292,1.5392
-0.04165,0.50527,1.5103
-0.04109,0.47544,1.4861
-0.040178,0.44906,1.4438
-0.039158,0.41705,1.4059
-0.037055,0.38037,1.3389
-0.034993,0.34515,1.2658
-0.031523,0.29614,1.1492
-0.029783,0.26273,1.0746
-0.028621,0.24148,1.0272
-0.027697,0.22233,0.99876
-0.027325,0.20344,0.98388
-0.02642,0.18854,0.95494
-0.025834,0.17291,0.91426
-0.024993,0.15344,0.89862
-0.022548,0.13041,0.80156
-0.016528,0.087597,0.59219
-0.014811,0.072986,0.53138
-0.01417,0.063088,0.51338
-0.014087,0.056506,0.50249
-0.013819,0.048649,0.49407
-0.01372,0.042925,0.49023
-0.013611,0.035951,0.48952
-0.013477,0.030821,0.48663
-0.013334,0.023603,0.47671
-0.013325,0.018398,0.47642
0,0,-1
0,0,-1
0,0,-1
0,0,-1
0,0,-1
0,0,-1
0,0,-1
0,0,-1
0,0,-1
0,0,-1
0,0,-1
0,0,-1
0,0,-1
0,0,-1
0,0,-1
0,0,-1
0,0,-1
0,0,-1
0,0,-1
0,0,-1
0,0,-1
0,0,-1
0,0,-1
0,0,-1
0,0,-1
-0.013357,-0.13554,0.47945
-0.013516,-0.14406,0.48543
-0.013735,-0.15102,0.49398
-0.014018,-0.1618,0.50485
-0.014464,-0.1739,0.52192
-0.022448,-0.28162,0.81364
-0.040149,-0.51784,1.4487
-0.041403,-0.55613,1.4975
-0.04172,-0.57599,1.5088
-0.041973,-0.60119,1.52
-0.061708,0.59907,1.5606
-0.061837,0.57615,1.5597
-0.061757,0.55835,1.5511
-0.061228,0.53232,1.5429
-0.060735,0.51126,1.5288
-0.059776,0.48252,1.5044
-0.058286,0.45466,1.4681
-0.057159,0.42436,1.4382
-0.05462,0.39246,1.3692
-0.052418,0.35735,1.3157
-0.048246,0.31556,1.2079
-0.044455,0.27765,1.1239
-0.04144,0.24241,1.035
-0.040186,0.22531,1.0085
-0.039215,0.20684,0.9884
-0.038627,0.18846,0.95873
-0.037171,0.17302,0.93638
-0.036128,0.15698,0.90655
-0.034952,0.14406,0.88197
-0.031818,0.11756,0.7952
-0.023853,0.081772,0.59373
-0.021283,0.065486,0.53214
-0.02063,0.057982,0.51393
-0.020215,0.049621,0.50303
-0.019865,0.043765,0.49683
-0.019832,0.036532,0.49492
-0.019624,0.030977,0.48979
-0.019589,0.023959,0.48868
-0.019216,0.018669,0.48116
-0.019217,0.01178,0.48105
0,0,-1
0,0,-1
0,0,-1
0,0,-1
0,0,-1
0,0,-1
0,0,-1
0,0,-1
0,0,-1
0,0,-1
0,0,-1
0,0,-1
0,0,-1
0,0,-1
0,0,-1
0,0,-1
0,0,-1
0,0,-1
0,0,-1
0,0,-1
0,0,-1
0,0,-1
0,0,-1
-0.019263,-0.13166,0.48383
-0.01951,-0.13801,0.48866
-0.019826,-0.14693,0.49522
-0.020378,-0.15702,0.51052
-0.021084,-0.17183,0.52879
-0.028867,-0.24111,0.72519
-0.058044,-0.50454,1.4529
-0.059836,-0.53682,1.5019
-0.060339,-0.56197,1.5147
-0.060417,-0.58376,1.5265
-0.060957,-0.60706,1.5292
-0.080639,0.59966,1.5594
-0.080732,0.5762,1.5602
-0.08076,0.55989,1.5599
-0.080246,0.53492,1.5551
-0.079827,0.51359,1.539
-0.078699,0.48589,1.5188
-0.077086,0.46179,1.4933
-0.075785,0.43169,1.4619
-0.073388,0.40371,1.4108
-0.07073,0.37068,1.3669
-0.066677,0.33282,1.2794
-0.062569,0.29526,1.1986
-0.05643,0.2566,1.0893
-0.053511,0.2282,1.0275
-0.051401,0.21032,0.99293
-0.050623,0.18921,0.97579
-0.049168,0.17675,0.94576
-0.047611,0.15715,0.91756
-0.04651,0.14412,0.88544
-0.045252,0.12917,0.87382
-0.041866,0.1102,0.80369
-0.031583,0.07462,0.60884
-0.027752,0.060391,0.53602
-0.027181,0.050677,0.51543
-0.026371,0.044623,0.50846
-0.026173,0.036934,0.49929
-0.025976,0.031423,0.49733
-0.025696,0.024264,0.4927
-0.025538,0.018924,0.48985
-0.02553,0.011943,0.48742
-0.025417,0.0068486,0.48325
0,0,-1
0,0,-1
0,0,-1
0,0,-1
0,0,-1
0,0,-1
0,0,-1
0,0,-1
0,0,-1
0,0,-1
0,0,-1
0,0,-1
0,0,-1
0,0,-1
0,0,-1
0,0,-1
0,0,-1
0,0,-1
0,0,-1
0,0,-1
-0.025328,-0.11984,0.48486
-0.025397,-0.12524,0.48727
-0.0255,-0.13339,0.49015
-0.025949,-0.14027,0.49726
-0.026653,-0.15213,0.51292
-0.02847,-0.16761,0.54728
-0.042425,-0.26317,0.81902
-0.075724,-0.48582,1.4608
-0.078283,-0.52269,1.5081
-0.079103,-0.5424,1.522
-0.079107,-0.56948,1.531
-0.079768,-0.58727,1.5376
-0.08001,-0.61155,1.5402
-0.098947,0.59636,1.557
-0.099501,0.57643,1.561
-0.099653,0.56073,1.56
-0.099618,0.5384,1.5579
-0.098845,0.5189,1.554
-0.098156,0.48985,1.5321
-0.09639,0.46734,1.5134
-0.094884,0.43854,1.4873
-0.092108,0.40968,1.4404
-0.089924,0.37983,1.4039
-0.085767,0.34948,1.3317
-0.081521,0.31423,1.2779
-0.075542,0.27943,1.1807
-0.069375,0.24066,1.0917
-0.065781,0.21466,1.017
-0.062809,0.19318,0.98119
-0.060581,0.17862,0.94878
-0.05955,0.16043,0.92454
-0.057451,0.14454,0.89193
-0.056665,0.13066,0.87717
-0.055574,0.11866,0.86789
-0.051666,0.098849,0.80937
-0.038998,0.068927,0.60945
-0.036371,0.055884,0.56917
-0.034484,0.047053,0.53681
-0.033085,0.038016,0.5133
-0.032558,0.031943,0.50353
-0.032293,0.024609,0.49738
-0.031939,0.019189,0.49335
-0.031811,0.012083,0.49184
-0.031577,0.0069644,0.49071
-0.031433,-8.4064e-05,0.48993
-0.03132,-0.0051212,0.48733
-0.031195,-0.01204,0.48499
0,0,-1
0,0,-1
0,0,-1
-0.03081,-0.035595,0.47912
-0.03093,-0.040726,0.48243
0,0,-1
0,0,-1
0,0,-1
0,0,-1
0,0,-1
0,0,-1
-0.031042,-0.083602,0.48186
-0.03103,-0.088485,0.48347
-0.031117,-0.095907,0.48456
-0.031267,-0.10117,0.48542
-0.031394,-0.1084,0.48817
-0.031371,-0.11401,0.48773
-0.031749,-0.12193,0.49052
-0.031862,-0.12712,0.4946
-0.032222,-0.13643,0.50469
-0.033272,-0.14694,0.52091
-0.035416,-0.16479,0.55047
-0.063614,-0.30447,0.99116
-0.09411,-0.47223,1.4733
-0.096949,-0.50216,1.5153
-0.097977,-0.52819,1.5283
-0.098206,-0.54875,1.538
-0.098711,-0.57283,1.5428
-0.099143,-0.59082,1.5468
-0.0994,-0.61413,1.5544
-0.11766,0.59541,1.5559
-0.11826,0.57597,1.5599
-0.11843,0.56028,1.5612
-0.1187,0.53844,1.5617
-0.11818,0.51927,1.5532
-0.11797,0.49528,1.5454
-0.11632,0.47374,1.527
-0.11456,0.44539,1.5096
-0.11198,0.42008,1.4712
-0.10951,0.39016,1.4363
-0.10549,0.36082,1.3829
-0.10203,0.32948,1.3337
-0.09613,0.29894,1.2687
-0.090035,0.26241,1.1834
-0.082595,0.23067,1.0931
-0.078112,0.20007,1.0166
-0.072843,0.18002,0.96463
-0.071667,0.16077,0.94487
-0.06912,0.146,0.90629
-0.068187,0.13171,0.89312
-0.066528,0.12156,0.87619
-0.062542,0.10168,0.82624
-0.061615,0.090657,0.80967
-0.052688,0.068087,0.69268
-0.044176,0.050842,0.57659
-0.042461,0.040982,0.5575
-0.039835,0.03278,0.52155
-0.038959,0.025202,0.51047
-0.038723,0.019502,0.50461
-0.038432,0.012308,0.49941
-0.037961,0.0070342,0.49516
-0.037786,-8.7182e-05,0.49508
-0.037716,-0.0051962,0.49455
-0.037564,-0.012199,0.4923
-0.037553,-0.017248,0.48979
-0.037473,-0.024147,0.48866
-0.037546,-0.029186,0.48883
-0.037221,-0.036207,0.48837
-0.037263,-0.041234,0.48797
-0.037214,-0.048155,0.48575
-0.037376,-0.053286,0.48623
-0.037313,-0.060175,0.4866
-0.037263,-0.065084,0.48773
-0.037251,-0.071905,0.48542
-0.037338,-0.077522,0.48601
-0.037311,-0.084507,0.48839
-0.037279,-0.089688,0.48778
-0.03743,-0.09695,0.49152
-0.03766,-0.10246,0.4917
-0.037962,-0.11036,0.49682
-0.037991,-0.11604,0.49646
-0.038562,-0.12455,0.50151
-0.039118,-0.13204,0.51118
-0.04058,-0.14337,0.52858
-0.049977,-0.18458,0.65545
-0.083394,-0.32561,1.0921
-0.11424,-0.46057,1.4951
-0.11562,-0.48818,1.52
-0.11682,-0.51034,1.5315
-0.11742,-0.53349,1.5419
-0.11789,-0.55164,1.5479
-0.11812,-0.57427,1.5509
-0.11849,-0.59422,1.5584
-0.11842,-0.61806,1.5571
-0.13587,0.5942,1.5447
-0.1367,0.5748,1.5576
-0.13719,0.55921,1.5599
-0.13774,0.53934,1.5632
-0.13779,0.52301,1.5646
-0.13695,0.49653,1.5571
-0.13599,0.4777,1.5462
-0.13465,0.45071,1.5252
-0.13202,0.42853,1.5008
-0.12964,0.39835,1.4708
-0.12708,0.37391,1.4308
-0.12236,0.34097,1.3863
-0.11825,0.31593,1.337
-0.11166,0.28143,1.2715
-0.10475,0.25111,1.1862
-0.098341,0.21894,1.1134
-0.090908,0.18974,1.02
-0.083973,0.16589,0.96463
-0.080841,0.1492,0.91982
-0.080195,0.13327,0.90736
-0.078556,0.12161,0.88821
-0.074367,0.10321,0.8411
-0.072396,0.093001,0.82643
-0.071784,0.079561,0.81008
-0.064014,0.063619,0.72522
-0.053649,0.044662,0.60638
-0.049579,0.035267,0.55767
-0.047438,0.026456,0.53492
-0.045944,0.02027,0.51795
-0.045497,0.012512,0.50945
-0.044695,0.0071151,0.50294
-0.044625,-9.0629e-05,0.50203
-0.044566,-0.0052594,0.50072
-0.044275,-0.012324,0.49953
-0.043984,-0.017458,0.49634
-0.043956,-0.024482,0.49415
-0.043936,-0.029729,0.49387
-0.04368,-0.036672,0.49306
-0.043645,-0.041769,0.49253
-0.043588,-0.048777,0.49147
-0.043566,-0.053836,0.49137
-0.043583,-0.060775,0.49141
-0.043544,-0.065792,0.49263
-0.043558,-0.072889,0.49166
-0.043869,-0.078384,0.4914
-0.043935,-0.085334,0.49313
-0.044034,-0.090825,0.49309
-0.044289,-0.098798,0.4997
-0.04462,-0.10461,0.50342
-0.044813,-0.11296,0.50671
-0.045428,-0.11934,0.51471
-0.047022,-0.13016,0.52957
-0.051559,-0.15143,0.59353
-0.071143,-0.21881,0.80839
-0.1275,-0.40871,1.4472
-0.13319,-0.44696,1.5071
-0.13449,-0.47061,1.5281
-0.13607,-0.49539,1.5377
-0.13659,-0.5131,1.5472
-0.13708,-0.53829,1.5521
-0.13746,-0.55406,1.5553
-0.13773,-0.57954,1.5604
-0.138,-0.59795,1.5634
-0.13782,-0.62004,1.5712
-0.15415,0.59023,1.5411
-0.15523,0.57199,1.5507
-0.15587,0.55792,1.5583
-0.15649,0.53877,1.5652
-0.15669,0.52307,1.5654
-0.15624,0.49914,1.5604
-0.15528,0.48097,1.5533
-0.15419,0.45588,1.5437
-0.15278,0.43398,1.5221
-0.15054,0.40689,1.498
-0.14766,0.38332,1.473
-0.14426,0.35387,1.4341
-0.13933,0.32792,1.3896
-0.13475,0.29739,1.3407
-0.1284,0.27116,1.2801
-0.12262,0.2422,1.2245
-0.11352,0.21031,1.1272
-0.10561,0.18116,1.0458
-0.096191,0.15601,0.96664
-0.092364,0.13617,0.92078
-0.091139,0.12318,0.89916
-0.086264,0.10543,0.85639
-0.084561,0.094534,0.84117
-0.082345,0.081233,0.82957
-0.081752,0.07175,0.81523
-0.081153,0.059037,0.80698
-0.06765,0.042663,0.6778
-0.058719,0.028624,0.58579
-0.054368,0.021019,0.54134
-0.053,0.012969,0.52797
-0.052689,0.0073126,0.52155
-0.052032,-9.5673e-05,0.51612
-0.051529,-0.0054144,0.51183
-0.051286,-0.012644,0.50558
-0.05096,-0.01778,0.50272
-0.050712,-0.02484,0.50068
-0.050685,-0.030022,0.50214
-0.050583,-0.037225,0.49992
-0.050643,-0.042501,0.5001
-0.050478,-0.049637,0.49946
-0.050411,-0.054793,0.50201
-0.050328,-0.062004,0.5013
-0.050435,-0.067185,0.50269
-0.050627,-0.074567,0.5017
-0.050614,-0.08017,0.50202
-0.050749,-0.087378,0.5042
-0.051119,-0.093103,0.51039
-0.051367,-0.10186,0.51123
-0.052783,-0.10866,0.524
-0.053466,-0.11954,0.53343
-0.058268,-0.135,0.58127
-0.070776,-0.17336,0.70151
-0.13165,-0.33744,1.3086
-0.15083,-0.40805,1.4958
-0.15309,-0.4316,1.5278
-0.15399,-0.45549,1.5338
-0.15513,-0.47401,1.5435
-0.15571,-0.498,1.5482
-0.15644,-0.51577,1.5544
-0.1567,-0.53992,1.5548
-0.15723,-0.55907,1.5603
-0.15736,-0.58331,1.5655
-0.15739,-0.59979,1.5737
-0.15735,-0.62302,1.5717
-0.17213,0.58802,1.5418
-0.17343,0.57028,1.5482
-0.17416,0.55665,1.5533
-0.17516,0.53798,1.5612
-0.17559,0.52244,1.5636
-0.17544,0.50089,1.5647
-0.17474,0.48323,1.5614
-0.17438,0.45709,1.5543
-0.17272,0.43855,1.5395
-0.17148,0.41239,1.5247
-0.16894,0.39051,1.5001
-0.16576,0.36291,1.4793
-0.16252,0.33972,1.4396
-0.15842,0.31173,1.3977
-0.15292,0.28631,1.3622
-0.14849,0.25863,1.3141
-0.13983,0.23175,1.2509
-0.13281,0.20269,1.1753
-0.12097,0.17358,1.0705
-0.11234,0.14837,1.0016
-0.10808,0.13267,0.95883
-0.10372,0.11314,0.90958
-0.096651,0.096555,0.85634
-0.095466,0.083299,0.84371
-0.094067,0.072765,0.83214
-0.094147,0.060749,0.83192
-0.092571,0.052175,0.8237
-0.092276,0.039663,0.81739
-0.081678,0.028085,0.72428
-0.070369,0.01539,0.62403
-0.062879,0.0078525,0.55797
-0.060294,-0.00010147,0.53681
-0.05909,-0.005513,0.52308
-0.0587,-0.012864,0.52028
-0.058224,-0.018093,0.51364
-0.057902,-0.025384,0.51152
-0.057871,-0.03068,0.51304
-0.058101,-0.038259,0.51334
-0.058218,-0.043654,0.51627
-0.058143,-0.05098,0.51561
-0.058295,-0.056253,0.515
-0.057836,-0.063308,0.51328
-0.058179,-0.068768,0.51261
-0.058493,-0.076748,0.51877
-0.05912,-0.083286,0.52446
-0.05985,-0.091613,0.53362
-0.061506,-0.10025,0.54256
-0.064249,-0.1127,0.56544
-0.075213,-0.13873,0.66759
-0.093274,-0.18391,0.82968
-0.14655,-0.3025,1.3007
-0.16872,-0.37061,1.4972
-0.17172,-0.39411,1.5255
-0.1727,-0.41668,1.5346
-0.1737,-0.43533,1.5426
-0.17429,-0.45871,1.5461
-0.17476,-0.47697,1.5527
-0.17547,-0.50143,1.5567
-0.17591,-0.51914,1.5598
-0.17628,-0.54387,1.5636
-0.17658,-0.55969,1.5702
-0.17671,-0.5839,1.5724
-0.17704,-0.60123,1.5776
-0.17759,-0.62528,1.5768
-0.18955,0.5828,1.5282
-0.19137,0.56807,1.5373
-0.19206,0.55503,1.5423
-0.19355,0.53632,1.5582
-0.19418,0.52095,1.5596
-0.19452,0.50035,1.5646
-0.19463,0.48334,1.5652
-0.19358,0.45973,1.5589
-0.19238,0.44163,1.5508
-0.19127,0.41669,1.5404
-0.18946,0.39606,1.5264
-0.18756,0.36984,1.5039
-0.18406,0.34817,1.4809
-0.18187,0.3224,1.4519
-0.17691,0.30111,1.4192
-0.17355,0.27524,1.3917
-0.16777,0.24919,1.3443
-0.16125,0.22269,1.2943
-0.15086,0.19568,1.2138
-0.14342,0.16992,1.1585
-0.1364,0.14985,1.0985
-0.12514,0.12306,0.99747
-0.11651,0.10493,0.93674
-0.11425,0.089673,0.9147
-0.1103,0.07657,0.87875
-0.10882,0.064054,0.86852
-0.10782,0.054751,0.85106
-0.10761,0.042189,0.85173
-0.10767,0.033311,0.85714
-0.10727,0.020989,0.85752
-0.10443,0.011737,0.82592
-0.095921,-0.00015152,0.76302
-0.083632,-0.0071252,0.67172
-0.077258,-0.015343,0.61861
-0.072269,-0.020433,0.5819
-0.070952,-0.028342,0.56881
-0.070915,-0.034253,0.5685
-0.070351,-0.041791,0.56448
-0.068775,-0.046647,0.55272
-0.068688,-0.054447,0.55201
-0.069678,-0.060125,0.55446
-0.069853,-0.068896,0.56076
-0.07032,-0.075717,0.56578
-0.071542,-0.084811,0.57099
-0.077458,-0.098424,0.62056
-0.087337,-0.12114,0.70016
-0.11848,-0.17467,0.9519
-0.15584,-0.24731,1.2498
-0.18518,-0.30841,1.4877
-0.18849,-0.33628,1.5122
-0.19052,-0.35652,1.5274
-0.19189,-0.38115,1.5388
-0.1924,-0.39822,1.5415
-0.19285,-0.42009,1.5457
-0.1936,-0.43861,1.5517
-0.19422,-0.46141,1.5551
-0.19441,-0.47976,1.56
-0.19553,-0.50339,1.5628
-0.1954,-0.52138,1.567
-0.19553,-0.54463,1.5686
-0.19624,-0.56295,1.5766
-0.19645,-0.58395,1.5776
-0.19716,-0.6022,1.5825
-0.19713,-0.62697,1.5797
-0.20694,0.58225,1.5169
-0.20871,0.56409,1.5323
-0.20954,0.55274,1.5393
-0.2115,0.53456,1.5494
-0.21219,0.51928,1.5542
-0.21311,0.49948,1.561
-0.21323,0.48283,1.5633
-0.21301,0.46128,1.56
-0.21255,0.44387,1.5578
-0.21132,0.41941,1.5483
-0.20992,0.40042,1.5363
-0.20828,0.37505,1.5293
-0.20607,0.3555,1.5072
-0.20349,0.33001,1.4896
-0.20018,0.30899,1.4736
-0.19736,0.28577,1.4452
-0.19342,0.26474,1.4158
-0.18881,0.23864,1.3843
-0.18167,0.21531,1.3332
-0.17675,0.19088,1.2945
-0.17082,0.17053,1.2471
-0.16067,0.14441,1.1761
-0.15243,0.12575,1.1177
-0.15157,0.10948,1.1157
-0.14432,0.092923,1.058
-0.14213,0.076186,1.0326
-0.13994,0.064432,1.019
-0.13948,0.049904,1.0195
-0.14014,0.039401,1.0199
-0.14159,0.025228,1.0311
-0.14509,0.01495,1.0568
-0.15047,-0.00022598,1.0985
-0.15613,-0.011917,1.1464
-0.15864,-0.028925,1.1635
-0.1586,-0.040964,1.1631
-0.15752,-0.056983,1.1538
-0.15606,-0.06845,1.1415
-0.1458,-0.079078,1.0599
-0.13473,-0.083397,0.98735
-0.13456,-0.097391,0.98608
-0.14387,-0.11511,1.0519
-0.15414,-0.13881,1.1209
-0.16924,-0.16526,1.2318
-0.17915,-0.19466,1.3082
-0.19805,-0.2301,1.4502
-0.20508,-0.25976,1.5067
-0.20949,-0.28128,1.5315
-0.21058,-0.30408,1.5349
-0.21054,-0.32069,1.5374
-0.21092,-0.34266,1.5394
-0.21126,-0.36012,1.5425
-0.21145,-0.38327,1.547
-0.21264,-0.40036,1.5534
-0.21309,-0.42342,1.5545
-0.21308,-0.44009,1.5619
-0.2136,-0.46415,1.5616
-0.21475,-0.48179,1.567
-0.21479,-0.50556,1.5684
-0.21517,-0.5233,1.5687
-0.21549,-0.54602,1.576
-0.21615,-0.56296,1.5825
-0.21632,-0.5869,1.58
-0.21627,-0.60381,1.5832
-0.21628,-0.62738,1.579
-0.22255,0.57742,1.5044
-0.2259,0.56096,1.5217
-0.22734,0.54926,1.5315
-0.22942,0.53228,1.5442
-0.23016,0.51764,1.55
-0.23133,0.49813,1.5576
-0.23176,0.48206,1.5609
-0.23183,0.46054,1.5604
-0.23201,0.44533,1.561
-0.23096,0.42114,1.5569
-0.23,0.40296,1.5487
-0.22894,0.37868,1.5369
-0.22688,0.36044,1.5302
-0.2252,0.33598,1.5132
-0.22319,0.31691,1.497
-0.22062,0.29181,1.4834
-0.21788,0.27343,1.4648
-0.21473,0.24879,1.4441
-0.20865,0.22731,1.4028
-0.20591,0.20347,1.3795
-0.20102,0.18624,1.3549
-0.1933,0.16016,1.3029
-0.19198,0.14576,1.2922
-0.19036,0.12536,1.2719
-0.18908,0.11165,1.2676
-0.18683,0.092425,1.2559
-0.18663,0.079444,1.2509
-0.18679,0.061483,1.2518
-0.18704,0.048541,1.2563
-0.18747,0.030642,1.257
-0.19011,0.017951,1.279
-0.19228,-0.00027577,1.2917
-0.19605,-0.013858,1.3124
-0.19827,-0.033186,1.332
-0.20303,-0.047861,1.3662
-0.20575,-0.068604,1.3847
-0.21167,-0.085231,1.4148
-0.21485,-0.10732,1.4429
-0.21915,-0.12441,1.4687
-0.22127,-0.14687,1.4852
-0.22341,-0.16407,1.5035
-0.22485,-0.18703,1.514
-0.22694,-0.20433,1.5278
-0.22846,-0.22763,1.5316
-0.22953,-0.24455,1.5415
-0.23021,-0.26716,1.5482
-0.23123,-0.28498,1.5492
-0.23116,-0.30658,1.5536
-0.23079,-0.32323,1.5509
-0.23077,-0.34494,1.5515
-0.23101,-0.36236,1.5516
-0.23201,-0.38463,1.5554
-0.23277,-0.40182,1.5598
-0.23275,-0.4257,1.5651
-0.23308,-0.44265,1.565
-0.2339,-0.46499,1.568
-0.23426,-0.48342,1.5723
-0.23459,-0.50637,1.5711
-0.23472,-0.52276,1.5764
-0.23503,-0.54633,1.5794
-0.2359,-0.5648,1.5815
-0.23549,-0.58786,1.5835
-0.23614,-0.60421,1.5842
-0.23511,-0.62566,1.5784
-0.23938,0.57196,1.4946
-0.24163,0.55743,1.5089
-0.24408,0.54451,1.5192
-0.24657,0.52965,1.5357
-0.24759,0.5158,1.5421
-0.24943,0.49583,1.5539
-0.24947,0.48035,1.5542
-0.25026,0.46,1.5578
-0.25034,0.44455,1.5591
-0.24992,0.42116,1.5543
-0.24935,0.40457,1.5556
-0.24861,0.38065,1.5482
-0.24771,0.36296,1.5355
-0.24567,0.33966,1.5322
-0.24422,0.32084,1.521
-0.2427,0.29726,1.5102
-0.24095,0.27983,1.4941
-0.2381,0.25548,1.4811
-0.23415,0.23561,1.4553
-0.23109,0.21265,1.4378
-0.22802,0.19505,1.4182
-0.22224,0.17017,1.3812
-0.2225,0.15592,1.3828
-0.22155,0.1355,1.3761
-0.22185,0.12137,1.3774
-0.22204,0.1015,1.3782
-0.22229,0.087205,1.3757
-0.22183,0.067641,1.3751
-0.22238,0.053345,1.3757
-0.22249,0.033703,1.3827
-0.22367,0.019594,1.3851
-0.22541,-0.00031102,1.396
-0.22746,-0.014966,1.413
-0.2298,-0.03548,1.4317
-0.23227,-0.050959,1.4439
-0.23524,-0.072671,1.458
-0.23939,-0.089147,1.4858
-0.24097,-0.11137,1.501
-0.24395,-0.12826,1.5129
-0.2454,-0.15069,1.5275
-0.24667,-0.16798,1.5323
-0.2479,-0.19032,1.5409
-0.2489,-0.20756,1.5488
-0.24973,-0.23045,1.5509
-0.25077,-0.24738,1.5541
-0.25038,-0.26948,1.5514
-0.25084,-0.28651,1.5581
-0.25073,-0.30845,1.5584
-0.25051,-0.3244,1.5572
-0.2499,-0.34708,1.5563
-0.25123,-0.36319,1.557
-0.25187,-0.38587,1.5609
-0.25212,-0.40393,1.5679
-0.25227,-0.42658,1.5662
-0.25271,-0.44339,1.5713
-0.2527,-0.4667,1.5741
-0.25386,-0.48469,1.5756
-0.25386,-0.50671,1.5775
-0.25452,-0.52429,1.5812
-0.25436,-0.54749,1.58
-0.25502,-0.56481,1.584
-0.25467,-0.5869,1.5836
-0.25507,-0.6033,1.5845
-0.25504,-0.62703,1.5838
-0.25489,0.56813,1.4779
-0.25818,0.55225,1.4989
-0.26024,0.54278,1.5119
-0.26318,0.52578,1.5308
-0.26542,0.51268,1.5355
-0.26688,0.4945,1.5458
-0.26754,0.47884,1.5487
-0.26829,0.45913,1.5547
-0.26867,0.4429,1.5527
-0.26879,0.42089,1.5543
-0.26874,0.40438,1.5543
-0.26799,0.38081,1.5502
-0.26711,0.36428,1.5444
-0.26577,0.34099,1.5373
-0.26448,0.32385,1.5314
-0.26407,0.30027,1.5269
-0.26249,0.28333,1.5196
-0.26069,0.25973,1.5095
-0.25742,0.24157,1.4913
-0.25518,0.21825,1.4765
-0.25318,0.20126,1.4645
-0.24844,0.1768,1.4379
-0.24875,0.16212,1.4396
-0.24986,0.14236,1.4467
-0.25084,0.12767,1.448
-0.25121,0.10706,1.4503
-0.2514,0.091808,1.4499
-0.2512,0.070988,1.449
-0.25132,0.056039,1.4496
-0.25146,0.035608,1.4517
-0.25279,0.020606,1.4626
-0.25376,-0.00034118,1.4686
-0.25601,-0.015633,1.4781
-0.25788,-0.037209,1.4899
-0.2602,-0.052999,1.5036
-0.26096,-0.074954,1.5114
-0.26437,-0.091481,1.5256
-0.26504,-0.1138,1.5307
-0.26698,-0.13073,1.5425
-0.2678,-0.15289,1.5441
-0.26904,-0.16974,1.5504
-0.26913,-0.19248,1.5573
-0.27023,-0.20932,1.5582
-0.26994,-0.23201,1.5605
-0.27048,-0.24797,1.5626
-0.27041,-0.27045,1.5605
-0.27083,-0.28721,1.5641
-0.2703,-0.30946,1.5631
-0.27006,-0.32535,1.562
-0.27021,-0.3476,1.5582
-0.27026,-0.36376,1.5606
-0.27122,-0.38647,1.5646
-0.27161,-0.40461,1.5679
-0.27213,-0.42739,1.5714
-0.27223,-0.44409,1.5713
-0.27316,-0.46814,1.5772
-0.27313,-0.48509,1.5806
-0.27335,-0.50846,1.5821
-0.27351,-0.52486,1.5829
-0.2732,-0.54818,1.5798
-0.27401,-0.56539,1.5864
-0.27411,-0.58746,1.5811
-0.27406,-0.60327,1.5823
-0.27381,-0.62721,1.5834
-0.26991,0.56158,1.4668
-0.27353,0.54847,1.4819
-0.27592,0.53659,1.4944
-0.27936,0.52247,1.5157
-0.28179,0.50859,1.5237
-0.28441,0.49155,1.5379
-0.28526,0.47681,1.5411
-0.2864,0.4568,1.5489
-0.2867,0.44181,1.5496
-0.28708,0.42004,1.5531
-0.28748,0.40373,1.552
-0.28617,0.38166,1.5483
-0.28557,0.3645,1.5489
-0.2845,0.34165,1.5395
-0.28415,0.32491,1.5374
-0.28338,0.3015,1.5325
-0.2835,0.28558,1.5319
-0.28201,0.26242,1.5221
-0.27919,0.24493,1.5112
-0.27774,0.22202,1.5059
-0.276,0.20466,1.4921
-0.27233,0.18108,1.4718
-0.27267,0.16605,1.4735
-0.27512,0.14624,1.4884
-0.27717,0.13193,1.4967
-0.27701,0.11063,1.4961
-0.27706,0.094888,1.4972
-0.2773,0.073539,1.4986
-0.27795,0.058142,1.5041
-0.2781,0.036796,1.5064
-0.27919,0.021254,1.5108
-0.28128,-0.00036565,1.518
-0.28252,-0.016122,1.5218
-0.28252,-0.037994,1.5259
-0.28432,-0.054063,1.5357
-0.285,-0.076513,1.5401
-0.28655,-0.092675,1.5473
-0.28685,-0.11513,1.5471
-0.2882,-0.13187,1.5549
-0.28804,-0.15422,1.5539
-0.28877,-0.17066,1.5615
-0.28935,-0.19326,1.5604
-0.29022,-0.20987,1.5644
-0.29037,-0.23217,1.5663
-0.29005,-0.24868,1.5682
-0.28977,-0.27139,1.5693
-0.29054,-0.28792,1.5686
-0.29052,-0.30983,1.5658
-0.29,-0.32573,1.5628
-0.2892,-0.34747,1.5609
-0.29028,-0.36436,1.5657
-0.29028,-0.38727,1.5686
-0.29108,-0.40559,1.5755
-0.29146,-0.42797,1.5717
-0.29214,-0.44563,1.5743
-0.29238,-0.46896,1.5783
-0.29301,-0.48553,1.5794
-0.293,-0.5089,1.581
-0.29281,-0.52411,1.581
-0.29229,-0.54805,1.58
-0.29321,-0.56461,1.5838
-0.29285,-0.58654,1.583
-0.2927,-0.60322,1.581
-0.29157,-0.62532,1.5795
-0.28403,0.55356,1.4503
-0.28835,0.54051,1.4706
-0.29161,0.5301,1.4826
-0.29552,0.51681,1.5015
-0.29795,0.50669,1.5159
-0.30028,0.48762,1.5274
-0.30161,0.47478,1.535
-0.30396,0.4554,1.5423
-0.30407,0.43994,1.5449
-0.30513,0.41924,1.5496
-0.30562,0.40331,1.5493
-0.30531,0.38083,1.548
-0.30483,0.36507,1.5474
-0.30379,0.3413,1.5425
-0.30305,0.32541,1.5363
-0.30317,0.30244,1.5369
-0.30223,0.28556,1.532
-0.30212,0.2638,1.5323
-0.3006,0.24651,1.5213
-0.29947,0.22359,1.5148
-0.29566,0.20628,1.5047
-0.29392,0.18347,1.4915
-0.29401,0.16805,1.4901
-0.29531,0.14711,1.4958
-0.3005,0.13395,1.5219
-0.30086,0.11255,1.5261
-0.30108,0.096811,1.5272
-0.3022,0.075206,1.5288
-0.30247,0.059375,1.5315
-0.30285,0.037524,1.5361
-0.30296,0.021606,1.5364
-0.30379,-0.00038846,1.5365
-0.30432,-0.016371,1.5436
-0.30472,-0.038452,1.5455
-0.30584,-0.054673,1.55
-0.30628,-0.077089,1.5495
-0.30737,-0.093395,1.5548
-0.30764,-0.11589,1.5586
-0.30795,-0.13225,1.5621
-0.30773,-0.15449,1.563
-0.30895,-0.17135,1.5654
-0.30914,-0.19374,1.5673
-0.30936,-0.21003,1.5676
-0.30932,-0.23242,1.5678
-0.30989,-0.24954,1.5702
-0.3099,-0.27229,1.5684
-0.31034,-0.28852,1.5684
-0.3098,-0.31033,1.5694
-0.30919,-0.32625,1.5664
-0.30925,-0.34812,1.5657
-0.30901,-0.36515,1.569
-0.30991,-0.38838,1.5742
-0.31102,-0.4057,1.5728
-0.31129,-0.42896,1.5751
-0.31155,-0.44583,1.5762
-0.31171,-0.46903,1.5799
-0.31214,-0.48604,1.5799
-0.31151,-0.508,1.578
-0.31198,-0.52479,1.578
-0.31213,-0.54798,1.581
-0.31176,-0.5639,1.5807
-0.31146,-0.58553,1.5802
-0.31122,-0.60167,1.5779
-0.31072,-0.62457,1.5705
-0.29806,0.54788,1.429
-0.30226,0.53426,1.4539
-0.30555,0.52523,1.4665
-0.31046,0.51289,1.4935
-0.31314,0.50151,1.5016
-0.31688,0.48571,1.5153
-0.31799,0.47146,1.5212
-0.32048,0.45274,1.5343
-0.32136,0.43807,1.5371
-0.32282,0.41779,1.5425
-0.32252,0.40239,1.5454
-0.32331,0.38057,1.5447
-0.32336,0.36451,1.5435
-0.32196,0.3415,1.5427
-0.3223,0.32487,1.539
-0.32134,0.30339,1.5387
-0.32108,0.2861,1.5362
-0.32084,0.26373,1.5329
-0.32036,0.24777,1.5313
-0.31909,0.22504,1.5226
-0.31755,0.20771,1.5134
-0.31309,0.18376,1.4999
-0.31347,0.1685,1.5017
-0.31803,0.14962,1.5228
-0.31989,0.13452,1.5293
-0.32027,0.11286,1.5311
-0.3208,0.097114,1.5361
-0.32168,0.075373,1.5378
-0.32205,0.059678,1.5426
-0.32263,0.037655,1.5441
-0.32338,0.021711,1.5475
-0.32399,-0.00040864,1.5477
-0.32428,-0.016472,1.55
-0.32449,-0.038683,1.5507
-0.32531,-0.054835,1.5516
-0.32567,-0.077158,1.5535
-0.32658,-0.093604,1.5582
-0.32716,-0.11593,1.5604
-0.32747,-0.13232,1.5654
-0.32832,-0.15511,1.5672
-0.3284,-0.17123,1.5682
-0.32804,-0.19368,1.5695
-0.32835,-0.2103,1.5713
-0.32861,-0.23304,1.5694
-0.32905,-0.24973,1.571
-0.32977,-0.27209,1.5688
-0.32926,-0.28848,1.5701
-0.32872,-0.31063,1.5703
-0.3282,-0.3267,1.5697
-0.32792,-0.34875,1.5679
-0.32888,-0.36594,1.5687
-0.32946,-0.38847,1.5724
-0.32978,-0.40648,1.577
-0.32965,-0.42939,1.5739
-0.33061,-0.44564,1.5813
-0.33114,-0.4684,1.5783
-0.33122,-0.48482,1.5787
-0.33076,-0.50766,1.5772
-0.33118,-0.52437,1.5776
-0.33123,-0.54661,1.5776
-0.3308,-0.56222,1.5772
-0.32932,-0.58392,1.5744
-0.32914,-0.59897,1.5723
-0.32886,-0.61865,1.5708
-0.31196,0.54016,1.412
-0.31608,0.52871,1.4323
-0.31964,0.51902,1.4459
-0.32534,0.50606,1.4713
-0.32846,0.49518,1.487
-0.33202,0.48094,1.5043
-0.33396,0.46719,1.5122
-0.33633,0.45039,1.5235
-0.33795,0.43582,1.5292
-0.33949,0.41632,1.5385
-0.34008,0.4006,1.5383
-0.34118,0.37965,1.541
-0.34121,0.3636,1.5412
-0.34077,0.34091,1.5414
-0.34047,0.32506,1.5414
-0.34049,0.30274,1.5377
-0.33967,0.28641,1.5378
-0.34014,0.26445,1.5362
-0.33912,0.24835,1.5344
-0.33877,0.22603,1.5298
-0.33718,0.20903,1.5187
-0.33299,0.18533,1.506
-0.33339,0.16993,1.5078
-0.33727,0.1499,1.5243
-0.33925,0.13473,1.5321
-0.33965,0.11312,1.5346
-0.34091,0.097375,1.5402
-0.3416,0.075594,1.5413
-0.34195,0.059743,1.5421
-0.3429,0.037733,1.5457
-0.34303,0.021712,1.5483
-0.3442,-0.00042788,1.5498
-0.34432,-0.016509,1.5527
-0.34434,-0.038747,1.5568
-0.34425,-0.054962,1.5569
-0.34482,-0.077378,1.5595
-0.34558,-0.093653,1.5606
-0.34649,-0.11621,1.5637
-0.34774,-0.13283,1.5659
-0.34806,-0.15532,1.5662
-0.34772,-0.17157,1.5703
-0.34754,-0.19396,1.5717
-0.34789,-0.21038,1.5711
-0.34813,-0.23318,1.5709
-0.3488,-0.24959,1.5714
-0.34855,-0.27211,1.569
-0.34802,-0.28826,1.5705
-0.34795,-0.31073,1.569
-0.34734,-0.32653,1.5686
-0.34703,-0.34868,1.5675
-0.34798,-0.36563,1.5707
-0.34838,-0.3886,1.5703
-0.34873,-0.40616,1.5756
-0.34926,-0.42857,1.5755
-0.34966,-0.44589,1.5787
-0.3496,-0.46857,1.5751
-0.34975,-0.48452,1.5751
-0.34908,-0.50652,1.5742
-0.34963,-0.52258,1.5756
-0.3496,-0.54538,1.5741
-0.34914,-0.56096,1.5727
-0.34751,-0.58158,1.5684
-0.34607,-0.5974,1.5632
-0.34445,-0.61703,1.5598
-0.32397,0.53361,1.3924
-0.32922,0.52118,1.4151
-0.333,0.51211,1.4286
-0.33891,0.50182,1.4545
-0.34189,0.48884,1.4705
-0.34727,0.4756,1.4896
-0.3502,0.46344,1.5017
-0.3528,0.44657,1.5129
-0.35443,0.43229,1.5207
-0.35608,0.41442,1.5301
-0.35698,0.39865,1.5327
-0.35818,0.37804,1.5343
-0.35854,0.36184,1.5351
-0.35897,0.34056,1.5375
-0.35903,0.32434,1.5384
-0.35941,0.3031,1.5396
-0.35844,0.28651,1.5364
-0.35899,0.26489,1.5391
-0.35824,0.24853,1.5347
-0.35771,0.2263,1.5337
-0.35686,0.20968,1.5258
-0.35362,0.18588,1.5131
-0.35404,0.17044,1.5148
-0.35649,0.15022,1.5267
-0.3587,0.13491,1.5348
-0.35929,0.11341,1.5375
-0.36039,0.097544,1.5406
-0.36074,0.075684,1.5426
-0.36115,0.059776,1.5457
-0.36196,0.03772,1.5476
-0.36216,0.021739,1.5508
-0.36263,-0.00044897,1.5532
-0.3637,-0.016556,1.5537
-0.36419,-0.038844,1.5568
-0.36385,-0.055077,1.5584
-0.36447,-0.077463,1.5596
-0.36498,-0.09375,1.5611
-0.36621,-0.11638,1.564
-0.36654,-0.13284,1.5661
-0.36665,-0.1552,1.5684
-0.36682,-0.17149,1.568
-0.36643,-0.19385,1.569
-0.36714,-0.21053,1.5695
-0.36743,-0.23303,1.5702
-0.36744,-0.2495,1.5714
-0.36671,-0.27224,1.5692
-0.36665,-0.28827,1.569
-0.36657,-0.3104,1.5694
-0.36608,-0.32664,1.5681
-0.36529,-0.34854,1.5647
-0.36675,-0.36518,1.5672
-0.36733,-0.38894,1.5701
-0.36785,-0.40572,1.572
-0.36792,-0.42846,1.5749
-0.36801,-0.4459,1.5759
-0.36784,-0.46743,1.5713
-0.36807,-0.48394,1.5747
-0.36728,-0.50583,1.5715
-0.36774,-0.52242,1.5719
-0.36698,-0.54409,1.5691
-0.36583,-0.55904,1.5653
-0.36457,-0.57967,1.5621
-0.36337,-0.59395,1.557
-0.36204,-0.61211,1.5499
-0.33644,0.52677,1.3714
-0.34151,0.51395,1.3952
-0.34553,0.50492,1.4127
-0.35175,0.49495,1.4359
-0.35524,0.48458,1.4495
-0.36041,0.4706,1.4692
-0.36453,0.45855,1.4814
-0.36762,0.44251,1.4977
-0.36986,0.42824,1.5092
-0.37248,0.41081,1.5169
-0.37306,0.3957,1.5206
-0.37525,0.37585,1.5281
-0.37518,0.36046,1.53
-0.37605,0.33964,1.5336
-0.37652,0.32389,1.5351
-0.37719,0.30238,1.538
-0.37644,0.28647,1.5383
-0.37685,0.26515,1.5362
-0.37707,0.24869,1.5374
-0.37678,0.22643,1.5337
-0.37575,0.20995,1.5316
-0.37165,0.18602,1.5111
-0.3721,0.17056,1.5128
-0.37605,0.1502,1.5303
-0.37724,0.1349,1.541
-0.37862,0.1137,1.5435
-0.37901,0.097791,1.5448
-0.37936,0.07559,1.5459
-0.38014,0.059648,1.5473
-0.38058,0.037724,1.5485
-0.38104,0.021694,1.5515
-0.3821,-0.00047029,1.555
-0.38213,-0.016613,1.5556
-0.38303,-0.038897,1.5575
-0.38318,-0.055116,1.5603
-0.38395,-0.077465,1.5639
-0.38449,-0.093874,1.5647
-0.38488,-0.11643,1.5643
-0.38535,-0.13273,1.5661
-0.38525,-0.1551,1.5653
-0.38526,-0.17146,1.5672
-0.38557,-0.1941,1.5687
-0.38654,-0.21033,1.571
-0.38605,-0.23315,1.5699
-0.38569,-0.24959,1.5712
-0.38524,-0.2717,1.5679
-0.38511,-0.28787,1.5677
-0.3855,-0.31047,1.567
-0.38477,-0.32629,1.5646
-0.38389,-0.34801,1.5621
-0.3858,-0.36555,1.5649
-0.38622,-0.38832,1.571
-0.38651,-0.40527,1.5726
-0.38615,-0.42781,1.5714
-0.38607,-0.44477,1.5719
-0.38635,-0.46638,1.567
-0.38674,-0.48341,1.5693
-0.38567,-0.50521,1.5676
-0.3848,-0.52079,1.568
-0.38421,-0.54211,1.5628
-0.38321,-0.5576,1.5589
-0.38152,-0.57804,1.5526
-0.38027,-0.59118,1.547
-0.37913,-0.61036,1.5409
-0.34605,0.51497,1.3463
-0.35321,0.50714,1.3741
-0.35824,0.49778,1.392
-0.36429,0.489,1.4206
-0.36771,0.478,1.4317
-0.3733,0.46394,1.4535
-0.37739,0.4531,1.4651
-0.38113,0.4368,1.483
-0.38432,0.42599,1.4965
-0.38712,0.40701,1.5029
-0.38964,0.39413,1.511
-0.39136,0.37393,1.5214
-0.39226,0.35902,1.5247
-0.39347,0.33867,1.5282
-0.39396,0.32297,1.5298
-0.39448,0.30165,1.5338
-0.3948,0.28618,1.5341
-0.39515,0.26449,1.5376
-0.39494,0.24872,1.5341
-0.39532,0.22662,1.5338
-0.39456,0.21014,1.5313
-0.39107,0.18653,1.5157
-0.39154,0.17102,1.5174
-0.39429,0.15019,1.5353
-0.39629,0.1354,1.5412
-0.39681,0.11352,1.5436
-0.39815,0.09763,1.5444
-0.39904,0.075713,1.5482
-0.39939,0.05988,1.5462
-0.39967,0.037738,1.5504
-0.39977,0.021724,1.5526
-0.40046,-0.00049267,1.554
-0.4008,-0.016623,1.5567
-0.40118,-0.039019,1.5586
-0.40215,-0.055237,1.5631
-0.40246,-0.07776,1.5639
-0.40376,-0.093962,1.5643
-0.40349,-0.11627,1.5629
-0.4034,-0.13253,1.5639
-0.40345,-0.15493,1.5644
-0.40368,-0.17142,1.5668
-0.40425,-0.19407,1.5667
-0.40436,-0.21045,1.569
-0.40378,-0.23271,1.5688
-0.40389,-0.24906,1.5671
-0.40358,-0.27113,1.566
-0.40439,-0.28766,1.5667
-0.40355,-0.30988,1.5637
-0.40279,-0.3256,1.5608
-0.40281,-0.34742,1.5591
-0.4039,-0.36525,1.5629
-0.40391,-0.38727,1.5668
-0.40418,-0.40438,1.5702
-0.40416,-0.42669,1.5672
-0.40351,-0.44289,1.5668
-0.40429,-0.46523,1.5629
-0.40336,-0.48245,1.5666
-0.40344,-0.50365,1.5625
-0.40227,-0.51868,1.5614
-0.40103,-0.53969,1.5579
-0.40064,-0.55525,1.552
-0.39888,-0.574,1.544
-0.3954,-0.58819,1.5375
-0.39355,-0.605,1.5292
-0.35739,0.50826,1.3206
-0.363,0.49668,1.3488
-0.36684,0.49036,1.3638
-0.37609,0.48066,1.3985
-0.38039,0.47117,1.4155
-0.38639,0.45761,1.437
-0.39084,0.4489,1.4498
-0.39382,0.43209,1.4636
-0.39836,0.42105,1.4809
-0.40097,0.40342,1.4933
-0.40385,0.38967,1.5006
-0.40618,0.37133,1.5096
-0.40726,0.35677,1.5139
-0.41021,0.33705,1.5197
-0.41023,0.32163,1.5227
-0.41135,0.30067,1.5289
-0.41138,0.2849,1.5296
-0.41248,0.2637,1.5331
-0.41315,0.248,1.5333
-0.41352,0.22594,1.5325
-0.41312,0.2097,1.5302
-0.4091,0.18633,1.5181
-0.40958,0.17083,1.5198
-0.41324,0.15081,1.5354
-0.4148,0.13515,1.5378
-0.41688,0.11356,1.5438
-0.41721,0.097698,1.5446
-0.41755,0.075751,1.5461
-0.41775,0.05986,1.5506
-0.41877,0.037738,1.5515
-0.41886,0.021702,1.5527
-0.41995,-0.00051521,1.5548
-0.41991,-0.016649,1.5586
-0.41997,-0.039019,1.5602
-0.42028,-0.0552,1.5621
-0.42163,-0.077584,1.5626
-0.4215,-0.093741,1.5633
-0.42148,-0.11616,1.5626
-0.42161,-0.13237,1.5617
-0.42167,-0.15483,1.5637
-0.42255,-0.17137,1.5666
-0.42225,-0.19377,1.5655
-0.42209,-0.20996,1.5669
-0.42174,-0.23209,1.5648
-0.42208,-0.24834,1.5628
-0.42225,-0.27056,1.5653
-0.42223,-0.28731,1.564
-0.4214,-0.30906,1.5607
-0.42125,-0.32467,1.5577
-0.4205,-0.34608,1.5554
-0.42141,-0.36422,1.5598
-0.42166,-0.38654,1.5612
-0.42194,-0.40274,1.5607
-0.42193,-0.42548,1.5608
-0.42126,-0.44129,1.5619
-0.42042,-0.46345,1.5605
-0.42094,-0.47899,1.5609
-0.41983,-0.50002,1.5564
-0.41933,-0.51643,1.5537
-0.41792,-0.53589,1.5497
-0.41633,-0.55126,1.5447
-0.41344,-0.57,1.5351
-0.41199,-0.58402,1.527
-0.40942,-0.60326,1.5199
-0.36545,0.49871,1.2956
-0.36852,0.48476,1.3159
-0.38071,0.48382,1.3544
-0.38387,0.46946,1.3657
-0.39304,0.46628,1.3987
-0.39557,0.45092,1.4055
-0.40371,0.44146,1.4369
-0.40453,0.42352,1.4443
-0.41138,0.41682,1.4632
-0.41372,0.39733,1.4677
-0.41876,0.38779,1.4925
-0.42056,0.36715,1.4908
-0.42409,0.35543,1.5085
-0.4249,0.33336,1.5125
-0.42725,0.32097,1.5182
-0.42694,0.29839,1.5151
-0.42851,0.28409,1.5197
-0.42913,0.2626,1.5263
-0.43135,0.24706,1.5322
-0.4313,0.2253,1.5319
-0.4303,0.20951,1.5299
-0.42659,0.18573,1.5151
-0.42131,0.16782,1.4919
-0.43108,0.15039,1.5307
-0.43388,0.13546,1.5374
-0.43506,0.11328,1.5429
-0.43588,0.097607,1.5474
-0.4352,0.07561,1.5484
-0.43719,0.059681,1.5479
-0.43616,0.037638,1.5492
-0.43792,0.021629,1.5499
-0.43905,-0.00053839,1.5549
-0.44026,-0.016692,1.5605
-0.43727,-0.038809,1.5604
-0.43972,-0.055167,1.5587
-0.43884,-0.07728,1.5594
-0.43936,-0.093726,1.5597
-0.43919,-0.11609,1.5577
-0.43971,-0.13221,1.5595
-0.44053,-0.15416,1.5637
-0.43959,-0.17092,1.5631
-0.44017,-0.19359,1.564
-0.43928,-0.20914,1.5642
-0.43928,-0.2314,1.5603
-0.44036,-0.24755,1.5632
-0.43982,-0.2702,1.5635
-0.44006,-0.28631,1.5612
-0.4397,-0.30893,1.5606
-0.43803,-0.32335,1.5551
-0.43761,-0.34484,1.543
-0.43796,-0.36276,1.5552
-0.43969,-0.38541,1.5526
-0.43936,-0.40158,1.5562
-0.43905,-0.42187,1.5482
-0.43902,-0.44002,1.5616
-0.43799,-0.46213,1.5519
-0.43677,-0.477,1.5529
-0.43732,-0.4974,1.552
-0.43614,-0.51096,1.5412
-0.43253,-0.53282,1.5314
-0.43022,-0.54325,1.5268
-0.42762,-0.56473,1.5165
-0.42593,-0.57588,1.5113
-0.42369,-0.59766,1.5048
