0.2736,0.33985,0.87879
0.27407,0.32351,0.87562
0.27295,0.31563,0.86571
0.27772,0.3049,0.88878
0.29132,0.31332,0.93088
0.29623,0.3012,0.9554
0.30421,0.30186,0.97511
0.30713,0.28699,0.98171
0.30642,0.28006,0.98308
0.30522,0.26537,0.98275
0.30208,0.25233,0.97027
0.30034,0.2364,0.96204
0.30221,0.22791,0.96614
0.30352,0.2161,0.96609
0.30565,0.20923,0.98189
0.29953,0.18979,0.95666
0.30493,0.18182,0.97874
0.30377,0.16975,0.9854
0.29444,0.1534,0.94591
0.29793,0.14151,0.95806
0.3003,0.1322,0.9572
0.2904,0.11473,0.93679
0.29577,0.10738,0.94874
0.29841,0.093707,0.95514
0.28952,0.081829,0.91836
0.28793,0.067971,0.92014
0.28313,0.057156,0.90479
0.28353,0.044552,0.905
0.27668,0.034293,0.88099
0.27588,0.021521,0.88317
0.27882,0.012382,0.8895
0.28731,-0.00035655,0.91632
0.30584,-0.010506,0.98112
0.3116,-0.024988,0.9944
0.29444,-0.033921,0.94898
0.2537,-0.040305,0.81514
0.17389,-0.033224,0.55314
0.166,-0.039538,0.53017
0.15836,-0.04293,0.50728
0.15604,-0.049457,0.49945
0.15457,-0.053823,0.49051
0.15174,-0.060254,0.48536
0.15009,-0.064842,0.47757
0.14961,-0.071514,0.4748
0,0,-1
0.1477,-0.08227,0.471
0.14642,-0.085796,0.46782
0,0,-1
0,0,-1
0,0,-1
0,0,-1
0,0,-1
0,0,-1
0,0,-1
0,0,-1
0,0,-1
0,0,-1
0,0,-1
0,0,-1
0,0,-1
0,0,-1
0,0,-1
0,0,-1
0,0,-1
0.27357,0.34719,0.90191
0.27393,0.33575,0.90586
0.27478,0.32951,0.91853
0.28213,0.32305,0.94409
0.28936,0.32207,0.96153
0.30098,0.32135,1.0039
0.30397,0.31591,1.0199
0.30904,0.30614,1.0297
0.3104,0.29489,1.031
0.31089,0.28109,1.0345
0.30829,0.2673,1.0228
0.30926,0.2534,1.0256
0.30272,0.23757,1.0062
0.30359,0.22383,1.0091
0.30247,0.21287,1.004
0.30092,0.19864,0.99987
0.30129,0.18748,1.0015
0.3013,0.17352,1.0038
0.30124,0.16289,1.004
0.29956,0.14756,0.99126
0.29522,0.13576,0.98954
0.29573,0.12131,0.99012
0.29606,0.11122,0.99121
0.29005,0.094918,0.96558
0.28864,0.084941,0.96507
0.28597,0.070327,0.95409
0.28048,0.059666,0.93552
0.27806,0.045551,0.92608
0.27646,0.035834,0.92647
0.27832,0.022626,0.92782
0.28262,0.0131,0.94405
0.29491,-0.00036307,0.98452
0.30383,-0.01082,1.0089
0.30046,-0.025055,0.99778
0.26962,-0.03216,0.90843
0.19943,-0.032918,0.6573
0.16181,-0.032553,0.54054
0.15686,-0.038846,0.52128
0.15197,-0.042795,0.507
0.14994,-0.049613,0.50014
0.14803,-0.053801,0.49088
0.14631,-0.060394,0.48699
0.14472,-0.064913,0.47987
0.14222,-0.070643,0.47173
0,0,-1
0,0,-1
0,0,-1
0,0,-1
0,0,-1
0,0,-1
0,0,-1
0,0,-1
0,0,-1
0,0,-1
0,0,-1
0,0,-1
0,0,-1
0,0,-1
0,0,-1
0,0,-1
0,0,-1
0,0,-1
0,0,-1
0,0,-1
0.27171,0.36342,0.9447
0.27063,0.34824,0.94632
0.27146,0.33956,0.94925
0.28104,0.33602,0.97425
0.28851,0.33535,1.0029
0.29495,0.32885,1.0241
0.30136,0.32673,1.0474
0.30247,0.31282,1.0512
0.30325,0.30101,1.0539
0.30493,0.28692,1.064
0.30566,0.27663,1.0666
0.30237,0.25643,1.0473
0.30146,0.2462,1.0494
0.30233,0.23249,1.0525
0.30218,0.22207,1.0538
0.30234,0.20633,1.0545
0.30048,0.19486,1.0504
0.2999,0.17894,1.0393
0.29641,0.1668,1.0321
0.29701,0.15238,1.0294
0.29741,0.14189,1.0308
0.29435,0.12548,1.0189
0.29272,0.11486,1.0187
0.29229,0.099263,1.0118
0.28985,0.088796,1.0085
0.28801,0.073688,1.0018
0.28043,0.061801,0.9746
0.28002,0.047496,0.97069
0.27814,0.037468,0.9654
0.28028,0.023671,0.9715
0.28665,0.013952,0.99947
0.29627,-0.00036377,1.0345
0.29553,-0.010948,1.0297
0.29241,-0.025307,1.012
0.2409,-0.029525,0.83202
0.16815,-0.029211,0.58565
0.15217,-0.031954,0.5274
0.1489,-0.038492,0.51638
0.14511,-0.042872,0.50256
0.14405,-0.049489,0.49702
0.14132,-0.053955,0.49029
0.14029,-0.060288,0.48613
0.13863,-0.064954,0.48143
0,0,-1
0,0,-1
0,0,-1
0,0,-1
0,0,-1
0,0,-1
0,0,-1
0,0,-1
0,0,-1
0,0,-1
0,0,-1
0,0,-1
0,0,-1
0,0,-1
0,0,-1
0,0,-1
0,0,-1
0,0,-1
0,0,-1
0,0,-1
0,0,-1
0.26993,0.37713,0.97488
0.26798,0.35923,0.96992
0.26881,0.35028,0.97295
0.27536,0.34584,1.0031
0.28293,0.34313,1.023
0.29201,0.33873,1.0604
0.29396,0.33121,1.0636
0.29718,0.32167,1.0859
0.29882,0.31122,1.0887
0.30038,0.29664,1.085
0.3011,0.286,1.0876
0.30206,0.27119,1.0911
0.29713,0.25311,1.0787
0.29631,0.23828,1.0726
0.2954,0.22761,1.0729
0.29239,0.21036,1.0605
0.29291,0.19953,1.0617
0.2936,0.18352,1.063
0.29377,0.17219,1.0678
0.2927,0.15731,1.07
0.2931,0.14648,1.0714
0.29361,0.13169,1.0718
0.29036,0.11872,1.0515
0.2881,0.10301,1.0473
0.2872,0.091079,1.0357
0.28264,0.075417,1.0278
0.27897,0.064228,1.0081
0.27711,0.049252,1.0064
0.27955,0.039385,1.0195
0.28085,0.024906,1.0246
0.28978,0.014786,1.0579
0.29265,-0.00035911,1.058
0.2869,-0.01116,1.039
0.2725,-0.024546,0.97402
0.19671,-0.024883,0.70787
0.15436,-0.027944,0.56089
0.14494,-0.031287,0.52523
0.14259,-0.038227,0.5114
0.13864,-0.042645,0.50264
0.13756,-0.04956,0.49808
0.13562,-0.053711,0.48995
0.13402,-0.060326,0.48677
0.13246,-0.064353,0.47729
0,0,-1
0,0,-1
0,0,-1
0,0,-1
0,0,-1
0,0,-1
0,0,-1
0,0,-1
0,0,-1
0,0,-1
0,0,-1
0,0,-1
0,0,-1
0,0,-1
0,0,-1
0,0,-1
0,0,-1
0,0,-1
0,0,-1
0,0,-1
0,0,-1
0.26673,0.38575,1.0122
0.26485,0.37214,0.99852
0.26568,0.36287,1.0017
0.27305,0.35753,1.032
0.2807,0.35654,1.0766
0.29119,0.35394,1.1094
0.29523,0.34627,1.1282
0.29706,0.33513,1.1324
0.29783,0.32426,1.1349
0.29569,0.30471,1.125
0.29577,0.29328,1.1257
0.29672,0.27858,1.1293
0.29938,0.26886,1.1416
0.30025,0.25333,1.1449
0.29118,0.2344,1.102
0.28973,0.21758,1.1049
0.28645,0.2031,1.0909
0.28713,0.18855,1.0958
0.28617,0.17698,1.0951
0.28667,0.16111,1.0868
0.28429,0.14862,1.0808
0.2836,0.13338,1.0811
0.28296,0.12145,1.0769
0.28283,0.10589,1.0777
0.27903,0.093194,1.0571
0.27723,0.077909,1.0582
0.27742,0.067003,1.0589
0.28019,0.05227,1.0713
0.28032,0.041242,1.0725
0.28446,0.026186,1.0741
0.29089,0.015543,1.108
0.2877,-0.00035396,1.0808
0.27507,-0.011178,1.0422
0.25262,-0.023837,0.96075
0.16668,-0.022322,0.63003
0.14532,-0.027373,0.54964
0.13722,-0.031265,0.52676
0.13472,-0.038104,0.5097
0.13235,-0.042628,0.50343
0.13151,-0.049386,0.49859
0.12956,-0.05372,0.48989
0.12842,-0.060177,0.48565
0.12672,-0.06435,0.47873
0,0,-1
0,0,-1
0,0,-1
0,0,-1
0,0,-1
0,0,-1
0,0,-1
0,0,-1
0,0,-1
0,0,-1
0,0,-1
0,0,-1
0,0,-1
0,0,-1
0,0,-1
0,0,-1
0,0,-1
0,0,-1
0,0,-1
0,0,-1
0,0,-1
0.25998,0.39495,1.0369
0.25924,0.38197,1.0361
0.26064,0.37366,1.0394
0.2684,0.37035,1.0763
0.2774,0.36922,1.1079
0.2839,0.36174,1.1325
0.28691,0.35398,1.1407
0.28874,0.33915,1.1531
0.29173,0.33163,1.1614
0.29278,0.31798,1.1687
0.29345,0.30659,1.1715
0.29369,0.28802,1.1739
0.29343,0.27556,1.1731
0.29429,0.25964,1.1765
0.29218,0.24668,1.1625
0.2872,0.22663,1.1411
0.28723,0.21316,1.1422
0.28458,0.19567,1.134
0.28438,0.18421,1.1358
0.28494,0.16743,1.1324
0.28091,0.15342,1.1225
0.27824,0.1372,1.1017
0.27652,0.12356,1.1024
0.27552,0.10783,1.0969
0.27578,0.096563,1.0961
0.27508,0.080594,1.0951
0.27646,0.069765,1.0959
0.27726,0.054245,1.1026
0.27899,0.042877,1.1053
0.28037,0.027153,1.1196
0.27919,0.015627,1.119
0.27846,-0.00034364,1.1152
0.26058,-0.011052,1.0398
0.23355,-0.02338,0.92979
0.1499,-0.02116,0.59561
0.13697,-0.027055,0.54503
0.13096,-0.031337,0.51798
0.12794,-0.037882,0.51017
0.12628,-0.042644,0.50109
0.12558,-0.049305,0.49636
0.12375,-0.053827,0.49157
0.12196,-0.060057,0.48439
0.12122,-0.064525,0.48011
0.12026,-0.071248,0.4763
0,0,-1
0,0,-1
0,0,-1
0,0,-1
0,0,-1
0,0,-1
0,0,-1
0,0,-1
0,0,-1
0,0,-1
0,0,-1
0,0,-1
0,0,-1
0,0,-1
0,0,-1
0,0,-1
0,0,-1
0,0,-1
0,0,-1
0,0,-1
0.25562,0.41283,1.0757
0.25419,0.39482,1.0653
0.25499,0.385,1.073
0.26348,0.37966,1.1034
0.27169,0.3819,1.1473
0.28004,0.373,1.1685
0.27877,0.36074,1.163
0.27982,0.34662,1.1762
0.28823,0.34394,1.2073
0.28924,0.32787,1.2116
0.28924,0.31678,1.2106
0.29018,0.30039,1.2145
0.29083,0.28842,1.2173
0.28925,0.26811,1.2106
0.28969,0.25566,1.2073
0.28675,0.2361,1.198
0.28649,0.22323,1.1974
0.28023,0.20213,1.1704
0.27989,0.19001,1.1706
0.27982,0.1733,1.1632
0.27249,0.15763,1.1464
0.27138,0.14032,1.1367
0.27032,0.12774,1.1331
0.27024,0.11129,1.1302
0.27096,0.10002,1.1358
0.2732,0.084453,1.1409
0.2734,0.072636,1.1416
0.27433,0.056229,1.144
0.27475,0.044372,1.1482
0.27701,0.028145,1.1495
0.27295,0.016007,1.1257
0.26809,-0.00033014,1.1205
0.24547,-0.01096,1.0276
0.21616,-0.022449,0.90549
0.13763,-0.020324,0.57357
0.12944,-0.027003,0.54168
0.12403,-0.031238,0.51904
0.12133,-0.037921,0.50795
0.12032,-0.042504,0.50206
0.11903,-0.049287,0.49644
0.11783,-0.05385,0.49231
0.11638,-0.060214,0.48573
0.11496,-0.064658,0.47852
0,0,-1
0,0,-1
0,0,-1
0,0,-1
0,0,-1
0,0,-1
0,0,-1
0,0,-1
0,0,-1
0,0,-1
0,0,-1
0,0,-1
0,0,-1
0,0,-1
0,0,-1
0,0,-1
0,0,-1
0,0,-1
0,0,-1
0,0,-1
0,0,-1
0.24775,0.42177,1.0872
0.2475,0.40207,1.0903
0.24964,0.39462,1.1013
0.25774,0.39346,1.1466
0.26923,0.39862,1.1914
0.27353,0.38499,1.202
0.27466,0.37495,1.2095
0.27569,0.36003,1.2212
0.27803,0.35011,1.2276
0.28091,0.33404,1.2389
0.28162,0.32307,1.2444
0.2826,0.30831,1.2502
0.28324,0.29416,1.253
0.2835,0.27776,1.2475
0.28212,0.26198,1.2438
0.27955,0.2424,1.2312
0.27887,0.23002,1.2287
0.27682,0.21153,1.2197
0.27727,0.19915,1.2194
0.27537,0.18034,1.2158
0.27209,0.16448,1.195
0.26746,0.14507,1.1748
0.26487,0.13199,1.1649
0.26525,0.11541,1.1666
0.2655,0.10336,1.1719
0.26654,0.086663,1.1733
0.26598,0.074242,1.174
0.26697,0.057527,1.175
0.26849,0.046016,1.1799
0.26786,0.028708,1.1804
0.26399,0.016352,1.166
0.2556,-0.00031847,1.1289
0.23361,-0.010969,1.0293
0.19625,-0.021767,0.86684
0.1296,-0.020144,0.56864
0.12227,-0.0268,0.53761
0.11762,-0.031145,0.51527
0.11533,-0.038014,0.50871
0.11418,-0.042525,0.50267
0.11328,-0.049321,0.49732
0.11202,-0.053807,0.49195
0.1108,-0.06053,0.48891
0,0,-1
0,0,-1
0,0,-1
0,0,-1
0,0,-1
0,0,-1
0,0,-1
0,0,-1
0,0,-1
0,0,-1
0,0,-1
0,0,-1
0,0,-1
0,0,-1
0,0,-1
0,0,-1
0,0,-1
0,0,-1
0,0,-1
0,0,-1
0,0,-1
0,0,-1
0.24031,0.42827,1.1049
0.24138,0.41423,1.1127
0.24348,0.4082,1.1342
0.25465,0.41063,1.1906
0.26355,0.41099,1.2324
0.27177,0.40578,1.2713
0.27305,0.39416,1.2749
0.27408,0.37744,1.2699
0.27455,0.3635,1.2733
0.27552,0.34653,1.2828
0.27636,0.33413,1.286
0.27726,0.31662,1.2896
0.27788,0.30401,1.2851
0.27671,0.28583,1.289
0.27685,0.27306,1.2916
0.27361,0.2513,1.278
0.27227,0.23715,1.2684
0.27292,0.21952,1.2714
0.27336,0.20666,1.2756
0.27271,0.18882,1.2783
0.26901,0.17242,1.2499
0.26762,0.15321,1.2449
0.26774,0.13984,1.2389
0.2633,0.12109,1.2292
0.26265,0.10802,1.2286
0.26295,0.089926,1.2161
0.26217,0.077225,1.2152
0.25984,0.059356,1.2145
0.25916,0.046821,1.2099
0.25577,0.02913,1.1987
0.2532,0.016553,1.1834
0.24209,-0.00030308,1.1317
0.22172,-0.010984,1.033
0.17571,-0.020384,0.81925
0.1215,-0.020129,0.56887
0.11561,-0.026749,0.53242
0.11129,-0.031052,0.51601
0.10938,-0.037903,0.50819
0.10793,-0.042707,0.50337
0.107,-0.049437,0.49816
0.10604,-0.053978,0.49319
0.10543,-0.060674,0.49014
0,0,-1
0,0,-1
0,0,-1
0,0,-1
0,0,-1
0,0,-1
0,0,-1
0,0,-1
0,0,-1
0,0,-1
0,0,-1
0,0,-1
0,0,-1
0,0,-1
0,0,-1
0,0,-1
0,0,-1
0,0,-1
0,0,-1
0,0,-1
0,0,-1
0,0,-1
0.23198,0.43939,1.1457
0.23302,0.42499,1.1509
0.23675,0.41921,1.1678
0.24846,0.42332,1.2314
0.25678,0.42607,1.2695
0.26417,0.4151,1.3003
0.26685,0.40763,1.3196
0.26786,0.39168,1.3259
0.26854,0.3777,1.3295
0.26918,0.36036,1.3298
0.26784,0.34494,1.3248
0.26871,0.32711,1.324
0.26778,0.31252,1.3245
0.26858,0.29448,1.3275
0.26867,0.28117,1.328
0.2696,0.26375,1.3338
0.26989,0.24951,1.334
0.27075,0.23176,1.3402
0.27127,0.2173,1.3381
0.27184,0.19855,1.3409
0.26637,0.17976,1.3107
0.26388,0.1601,1.3036
0.2633,0.14531,1.2875
0.25913,0.12604,1.2819
0.25588,0.11173,1.265
0.25464,0.092553,1.2568
0.25303,0.079023,1.2422
0.24908,0.060643,1.2287
0.24585,0.047124,1.218
0.24415,0.029614,1.2089
0.23778,0.016606,1.1811
0.22893,-0.00029025,1.1251
0.20968,-0.010853,1.0345
0.15486,-0.018904,0.75874
0.11435,-0.019907,0.56473
0.10892,-0.026748,0.53365
0.10445,-0.03112,0.51688
0.10344,-0.037852,0.50781
0.10207,-0.042664,0.50367
0.10118,-0.049547,0.49936
0.10009,-0.054062,0.49438
0.099704,-0.060739,0.48993
0,0,-1
0,0,-1
0,0,-1
0,0,-1
0,0,-1
0,0,-1
0,0,-1
0,0,-1
0,0,-1
0,0,-1
0,0,-1
0,0,-1
0,0,-1
0,0,-1
0,0,-1
0,0,-1
0,0,-1
0,0,-1
0,0,-1
0,0,-1
0,0,-1
0,0,-1
0.22315,0.44875,1.169
0.22415,0.43405,1.1743
0.22874,0.4306,1.2052
0.24117,0.43878,1.2682
0.24787,0.43354,1.2977
0.25495,0.42694,1.3394
0.25718,0.4185,1.3432
0.25861,0.4011,1.3616
0.25884,0.38942,1.3676
0.26058,0.37126,1.3725
0.26045,0.35628,1.3695
0.26131,0.33788,1.3726
0.26172,0.32415,1.3703
0.26201,0.30615,1.3738
0.26243,0.29103,1.3766
0.26326,0.27209,1.3852
0.26351,0.2582,1.3878
0.26356,0.23897,1.3838
0.26278,0.22479,1.3824
0.2631,0.20381,1.3716
0.26011,0.18748,1.3634
0.25775,0.16566,1.3466
0.25344,0.15081,1.3302
0.251,0.13042,1.3223
0.24911,0.11527,1.313
0.24587,0.095666,1.2912
0.24135,0.080272,1.2666
0.23859,0.06139,1.2519
0.23451,0.047596,1.2297
0.22861,0.029631,1.2117
0.22303,0.016524,1.1609
0.21544,-0.00027818,1.1219
0.19225,-0.010664,1.0111
0.14203,-0.018523,0.7411
0.10582,-0.019626,0.55548
0.10172,-0.026635,0.53494
0.098412,-0.031187,0.51807
0.097744,-0.037898,0.50897
0.096041,-0.042593,0.50359
0.095262,-0.049562,0.49995
0.094481,-0.054197,0.49431
0.093981,-0.060852,0.4896
0,0,-1
0,0,-1
0,0,-1
0,0,-1
0,0,-1
0,0,-1
0,0,-1
0,0,-1
0,0,-1
0,0,-1
0,0,-1
0,0,-1
0,0,-1
0,0,-1
0,0,-1
0,0,-1
0,0,-1
0,0,-1
0,0,-1
0,0,-1
0,0,-1
0,0,-1
0.21376,0.45678,1.1897
0.21473,0.44239,1.2036
0.21956,0.44207,1.2265
0.22941,0.44642,1.2931
0.23821,0.445,1.3365
0.24211,0.4332,1.3561
0.24557,0.42522,1.3738
0.2475,0.40862,1.3862
0.24901,0.39762,1.4006
0.24989,0.37986,1.406
0.2505,0.36622,1.4095
0.25119,0.3473,1.406
0.25131,0.33334,1.4069
0.25206,0.31328,1.4111
0.25258,0.29953,1.4141
0.25323,0.28004,1.4184
0.25369,0.26584,1.421
0.25269,0.24425,1.4148
0.25245,0.22974,1.4097
0.2504,0.20889,1.4099
0.2494,0.1917,1.3987
0.24839,0.17177,1.3976
0.2473,0.157,1.3946
0.2448,0.13474,1.375
0.23957,0.1183,1.3455
0.23531,0.097188,1.3173
0.23085,0.082476,1.2949
0.22663,0.062355,1.2704
0.22005,0.047592,1.2323
0.21272,0.02919,1.1913
0.20873,0.016258,1.163
0.19902,-0.00026511,1.1184
0.17812,-0.01057,0.98325
0.13326,-0.018555,0.74271
0.097983,-0.019219,0.54879
0.094898,-0.026557,0.53392
0.092742,-0.031257,0.51919
0.091706,-0.037972,0.51007
0.090108,-0.042677,0.50468
0.089281,-0.04966,0.50042
0.088475,-0.054284,0.49526
0,0,-1
0,0,-1
0,0,-1
0,0,-1
0,0,-1
0,0,-1
0,0,-1
0,0,-1
0,0,-1
0,0,-1
0,0,-1
0,0,-1
0,0,-1
0,0,-1
0,0,-1
0,0,-1
0,0,-1
0,0,-1
0,0,-1
0,0,-1
0,0,-1
0,0,-1
0,0,-1
0.20131,0.46319,1.2132
0.20435,0.45411,1.2248
0.20979,0.45123,1.2693
0.21892,0.45646,1.319
0.22524,0.45146,1.3531
0.2303,0.44372,1.3852
0.23418,0.43659,1.4107
0.23538,0.42014,1.4207
0.23605,0.40458,1.4245
0.23721,0.38559,1.4265
0.23748,0.37114,1.4211
0.23656,0.35056,1.4258
0.23675,0.33662,1.4317
0.23781,0.31738,1.4389
0.23881,0.30507,1.4454
0.24075,0.28645,1.4538
0.2412,0.27192,1.4565
0.23943,0.24899,1.4449
0.2391,0.23321,1.4447
0.23889,0.21304,1.4388
0.23916,0.19791,1.4403
0.2378,0.17585,1.4335
0.23491,0.16025,1.4178
0.23202,0.13775,1.4002
0.2288,0.12112,1.379
0.22396,0.09941,1.3497
0.21782,0.082974,1.3105
0.21294,0.062374,1.2729
0.20503,0.047698,1.2306
0.19863,0.029259,1.1937
0.1908,0.016129,1.1508
0.18417,-0.00025209,1.1159
0.16406,-0.010479,0.98419
0.12468,-0.018646,0.7452
0.091493,-0.019251,0.5499
0.0885,-0.02654,0.53042
0.086745,-0.031313,0.52016
0.085507,-0.038049,0.51353
0.084139,-0.043,0.50572
0.083367,-0.049903,0.50143
0.082616,-0.054354,0.49468
0,0,-1
0,0,-1
0,0,-1
0,0,-1
0,0,-1
0,0,-1
0,0,-1
0,0,-1
0,0,-1
0,0,-1
0,0,-1
0,0,-1
0,0,-1
0,0,-1
0,0,-1
0,0,-1
0,0,-1
0,0,-1
0,0,-1
0,0,-1
0,0,-1
0,0,-1
0,0,-1
0.19126,0.47448,1.2291
0.19383,0.46307,1.2586
0.19956,0.46649,1.2904
0.20853,0.46365,1.3483
0.213,0.46259,1.3901
0.21859,0.4536,1.4233
0.22178,0.44571,1.438
0.22316,0.42872,1.4461
0.22376,0.41485,1.45
0.22382,0.39353,1.455
0.22437,0.37782,1.4547
0.22351,0.35888,1.4553
0.22402,0.34407,1.4569
0.22517,0.32475,1.4631
0.22573,0.31025,1.4697
0.22685,0.2909,1.4795
0.22768,0.27684,1.4788
0.22823,0.25628,1.4824
0.22704,0.2392,1.4733
0.22641,0.21734,1.4723
0.22562,0.20196,1.4642
0.22489,0.18017,1.4567
0.22168,0.16256,1.4422
0.21847,0.1404,1.4225
0.21567,0.12362,1.4041
0.21146,0.10177,1.3698
0.20145,0.08298,1.3061
0.19433,0.062187,1.2499
0.18983,0.047541,1.233
0.18408,0.029069,1.191
0.17682,0.016168,1.1479
0.1685,-0.0002385,1.0819
0.15235,-0.010378,0.98217
0.11978,-0.019343,0.77468
0.086497,-0.019906,0.56506
0.08229,-0.026584,0.53142
0.080506,-0.031366,0.52115
0.079407,-0.038161,0.5162
0.078148,-0.043074,0.50668
0.077516,-0.049994,0.50435
0.076722,-0.054449,0.4971
0.076246,-0.061364,0.49319
0,0,-1
0,0,-1
0,0,-1
0,0,-1
0,0,-1
0,0,-1
0,0,-1
0,0,-1
0,0,-1
0,0,-1
0,0,-1
0,0,-1
0,0,-1
0,0,-1
0,0,-1
0,0,-1
0,0,-1
0,0,-1
0,0,-1
0,0,-1
0,0,-1
0,0,-1
0.17679,0.47752,1.2418
0.17886,0.46377,1.2605
0.18414,0.46721,1.2924
0.19562,0.47614,1.388
0.20089,0.47259,1.4197
0.20599,0.46339,1.4411
0.20778,0.45447,1.4672
0.20888,0.43589,1.4731
0.20944,0.42211,1.4781
0.21075,0.40244,1.4835
0.21127,0.38807,1.4872
0.21211,0.36905,1.495
0.21266,0.35438,1.4997
0.21337,0.33477,1.5078
0.21393,0.31982,1.5119
0.21596,0.29867,1.5161
0.21491,0.28352,1.519
0.21533,0.26245,1.5227
0.21529,0.24587,1.5134
0.21454,0.22315,1.5097
0.21397,0.20597,1.5066
0.21127,0.18352,1.494
0.209,0.16588,1.4739
0.20525,0.14271,1.4523
0.20137,0.12583,1.4174
0.19575,0.10316,1.388
0.18498,0.082911,1.3075
0.17612,0.061502,1.245
0.17234,0.046956,1.2022
0.16346,0.028108,1.1548
0.15546,0.015512,1.0837
0.14193,-0.00021172,1.0055
0.13751,-0.010327,0.95936
0.11324,-0.019757,0.79432
0.08125,-0.020151,0.5731
0.077299,-0.026855,0.54222
0.074342,-0.031444,0.52206
0.073686,-0.038313,0.51716
0.072113,-0.043142,0.50727
0.071529,-0.050209,0.50574
0.070873,-0.054612,0.49796
0.07049,-0.06156,0.4954
0,0,-1
0,0,-1
0,0,-1
0,0,-1
0,0,-1
0,0,-1
0,0,-1
0,0,-1
0,0,-1
0,0,-1
0,0,-1
0,0,-1
0,0,-1
0,0,-1
0,0,-1
0,0,-1
0,0,-1
0,0,-1
0,0,-1
0,0,-1
0,0,-1
0,0,-1
0.15184,0.44745,1.1733
0.15741,0.4554,1.2232
0.16761,0.4615,1.2916
0.1808,0.48463,1.4014
0.18895,0.48973,1.4622
0.19177,0.47327,1.4809
0.19276,0.46342,1.4984
0.19495,0.44495,1.5048
0.19547,0.4306,1.5089
0.19688,0.41123,1.5154
0.19794,0.39654,1.5254
0.19881,0.37883,1.5331
0.20066,0.36478,1.5479
0.20151,0.34558,1.5532
0.20298,0.33056,1.561
0.20395,0.31022,1.5773
0.20535,0.295,1.5811
0.20585,0.2733,1.5849
0.20564,0.25714,1.584
0.20393,0.23263,1.5757
0.2027,0.21457,1.5615
0.20125,0.19123,1.5471
0.19816,0.17209,1.5328
0.19532,0.14799,1.5047
0.18917,0.12885,1.4617
0.18317,0.1041,1.415
0.17042,0.083327,1.3105
0.16424,0.062409,1.2541
0.15651,0.046555,1.2033
0.14587,0.027305,1.112
0.13919,0.015112,1.0749
0.12999,-0.0002043,1.0071
0.12594,-0.010335,0.96092
0.10576,-0.020128,0.80504
0.07564,-0.020568,0.58081
0.071037,-0.027109,0.54327
0.068089,-0.031489,0.52324
0.067611,-0.038485,0.51799
0.066075,-0.043333,0.5085
0.065676,-0.050282,0.50655
0.064986,-0.054724,0.49906
0.064568,-0.061676,0.49775
0,0,-1
0,0,-1
0,0,-1
0,0,-1
0,0,-1
0,0,-1
0,0,-1
0,0,-1
0,0,-1
0,0,-1
0,0,-1
0,0,-1
0,0,-1
0,0,-1
0,0,-1
0,0,-1
0,0,-1
0,0,-1
0,0,-1
0,0,-1
0,0,-1
0,0,-1
0.11433,0.36987,0.95913
0.11611,0.36777,1.0192
0.14336,0.44469,1.2288
0.17102,0.50394,1.4596
0.18383,0.5214,1.5639
0.18667,0.5103,1.5912
0.18832,0.49745,1.6057
0.18946,0.47675,1.6125
0.18969,0.46101,1.6169
0.19064,0.43919,1.6218
0.19083,0.42265,1.6195
0.19185,0.40166,1.6314
0.19197,0.38509,1.6355
0.19287,0.36368,1.642
0.19294,0.34725,1.6457
0.19407,0.32542,1.6504
0.19383,0.30822,1.6535
0.1943,0.28534,1.6536
0.19399,0.26763,1.6529
0.19245,0.24241,1.6412
0.19166,0.22415,1.6303
0.18969,0.1991,1.6158
0.18732,0.17991,1.5957
0.18324,0.15389,1.5531
0.17959,0.13469,1.5288
0.17101,0.10753,1.4598
0.16631,0.08951,1.4171
0.15392,0.064478,1.3061
0.14208,0.046629,1.2051
0.1354,0.028111,1.1512
0.12901,0.015458,1.0979
0.12267,-0.00019905,1.0329
0.11433,-0.010358,0.96233
0.10318,-0.021827,0.8687
0.072459,-0.021713,0.6178
0.065517,-0.027834,0.55114
0.062182,-0.031944,0.53088
0.061544,-0.03874,0.51875
0.060451,-0.043522,0.51153
0.059811,-0.050349,0.50787
0.059136,-0.054999,0.49979
0.058625,-0.061776,0.49848
0,0,-1
0,0,-1
0,0,-1
0,0,-1
0,0,-1
0,0,-1
0,0,-1
0,0,-1
0,0,-1
0,0,-1
0,0,-1
0,0,-1
0,0,-1
0,0,-1
0,0,-1
0,0,-1
0,0,-1
0,0,-1
0,0,-1
0,0,-1
0,0,-1
0,0,-1
0.097853,0.3545,0.91494
0.10428,0.36819,1.0204
0.11386,0.38323,1.0769
0.1646,0.53645,1.561
0.16697,0.53144,1.5865
0.17123,0.51694,1.6213
0.17156,0.5035,1.6261
0.17219,0.48252,1.6324
0.17218,0.46565,1.6338
0.17269,0.44397,1.6398
0.17297,0.42788,1.6408
0.17354,0.40536,1.6465
0.17379,0.38902,1.648
0.17417,0.36649,1.6531
0.17439,0.34944,1.6534
0.17486,0.32673,1.658
0.17501,0.30998,1.6612
0.17533,0.2869,1.6627
0.17477,0.26901,1.6585
0.17457,0.24488,1.6579
0.17306,0.22605,1.6457
0.17242,0.20147,1.6354
0.17054,0.18282,1.6198
0.16846,0.15754,1.6001
0.16471,0.13802,1.5567
0.16145,0.11311,1.5325
0.15256,0.092004,1.4476
0.14335,0.066914,1.3632
0.13422,0.048759,1.2586
0.126,0.029206,1.1777
0.12161,0.016243,1.153
0.11586,-0.00020614,1.0995
0.11016,-0.010826,1.0343
0.1001,-0.023679,0.9457
0.073392,-0.024725,0.69636
0.060158,-0.028417,0.56956
0.056744,-0.032334,0.53186
0.055655,-0.039029,0.52453
0.054338,-0.04369,0.51287
0.05371,-0.050335,0.50926
0.053285,-0.055065,0.50251
0.052989,-0.061955,0.49954
0,0,-1
0,0,-1
0,0,-1
0,0,-1
0,0,-1
0,0,-1
0,0,-1
0,0,-1
0,0,-1
0,0,-1
0,0,-1
0,0,-1
0,0,-1
0,0,-1
0,0,-1
0,0,-1
0,0,-1
0,0,-1
0,0,-1
0,0,-1
0,0,-1
0,0,-1
0.10394,0.4288,1.1102
0.10058,0.39335,1.0745
0.1063,0.40533,1.1388
0.14681,0.54059,1.5669
0.15112,0.53827,1.6163
0.1519,0.52159,1.6275
0.15228,0.50454,1.6323
0.15286,0.48394,1.6384
0.15299,0.4676,1.6423
0.15315,0.44533,1.6437
0.1534,0.42919,1.6459
0.15394,0.40668,1.6513
0.1541,0.38968,1.6528
0.15445,0.36702,1.6573
0.15464,0.35042,1.6585
0.15497,0.32736,1.6622
0.15509,0.31049,1.6651
0.15535,0.2873,1.6666
0.15556,0.27,1.666
0.1549,0.24534,1.6598
0.15378,0.22679,1.6501
0.1531,0.20217,1.6414
0.15158,0.18327,1.6248
0.14996,0.15853,1.6069
0.14694,0.13889,1.5751
0.14373,0.11376,1.5435
0.1372,0.093185,1.473
0.12923,0.068009,1.3867
0.11991,0.049471,1.2831
0.11202,0.029645,1.2011
0.10982,0.016428,1.1691
0.10522,-0.00020514,1.127
0.099622,-0.01151,1.0728
0.093988,-0.024923,1.0042
0.071974,-0.027345,0.77482
0.055554,-0.029332,0.59008
0.050463,-0.032442,0.53608
0.049459,-0.039483,0.52849
0.048446,-0.043884,0.51625
0.048039,-0.050799,0.51182
0.04721,-0.055082,0.5031
0.046816,-0.061883,0.49997
0,0,-1
0,0,-1
0,0,-1
0,0,-1
0,0,-1
0,0,-1
0,0,-1
0,0,-1
0,0,-1
0,0,-1
0,0,-1
0,0,-1
0,0,-1
0,0,-1
0,0,-1
0,0,-1
0,0,-1
0,0,-1
0,0,-1
0,0,-1
0,0,-1
0,0,-1
0.098996,0.46145,1.2034
0.096542,0.43533,1.1818
0.096977,0.42542,1.191
0.12912,0.54798,1.589
0.1318,0.54304,1.6223
0.13285,0.52276,1.6355
0.13322,0.50737,1.638
0.13326,0.48511,1.6438
0.1334,0.46875,1.6442
0.13356,0.44595,1.6465
0.13373,0.42979,1.649
0.13414,0.40707,1.6529
0.13428,0.3901,1.6545
0.13451,0.36743,1.6588
0.13459,0.35076,1.6601
0.13488,0.32741,1.6639
0.13503,0.31064,1.6648
0.1353,0.28734,1.6662
0.13522,0.27003,1.6647
0.13491,0.24558,1.661
0.13416,0.22702,1.6532
0.1334,0.20238,1.6431
0.13236,0.18404,1.632
0.13093,0.15927,1.6155
0.12827,0.13959,1.5836
0.12555,0.1144,1.5506
0.12109,0.094617,1.4893
0.11467,0.069752,1.4162
0.10579,0.050283,1.2917
0.09771,0.029681,1.2024
0.096931,0.016637,1.1812
0.092636,-0.00020183,1.1384
0.089322,-0.011655,1.1031
0.084907,-0.02615,1.0466
0.070945,-0.030328,0.86465
0.052021,-0.03189,0.64225
0.04491,-0.033097,0.54863
0.043694,-0.039792,0.53589
0.042423,-0.043928,0.51882
0.041855,-0.051169,0.51548
0.041191,-0.055134,0.50362
0,0,-1
0,0,-1
0,0,-1
0,0,-1
0,0,-1
0,0,-1
0,0,-1
0,0,-1
0,0,-1
0,0,-1
0,0,-1
0,0,-1
0,0,-1
0,0,-1
0,0,-1
0,0,-1
0,0,-1
0,0,-1
0,0,-1
0,0,-1
0,0,-1
0,0,-1
0,0,-1
0.091128,0.50406,1.3104
0.083844,0.44671,1.2061
0.084104,0.43566,1.2101
0.11127,0.55397,1.6082
0.1127,0.54418,1.6293
0.11339,0.52492,1.6415
0.11368,0.5089,1.6416
0.11386,0.48654,1.6459
0.1137,0.46961,1.6469
0.11389,0.44611,1.648
0.11391,0.42976,1.6502
0.11419,0.40698,1.652
0.11423,0.39015,1.6523
0.11444,0.36749,1.6561
0.11446,0.35028,1.6581
0.11477,0.32722,1.6633
0.11491,0.3104,1.6614
0.11495,0.2871,1.6648
0.11492,0.26998,1.6654
0.11477,0.24571,1.6625
0.11422,0.22759,1.6546
0.1137,0.20256,1.6457
0.11278,0.18422,1.6356
0.11177,0.15944,1.6221
0.11003,0.14037,1.5916
0.10783,0.11541,1.5671
0.10434,0.096232,1.5061
0.10005,0.071099,1.4537
0.091818,0.051535,1.3282
0.083637,0.0298,1.2083
0.082576,0.016975,1.2001
0.079389,-0.00019991,1.1477
0.077863,-0.011865,1.1175
0.074826,-0.026449,1.0681
0.065186,-0.033109,0.93752
0.050102,-0.036068,0.7215
0.038797,-0.033733,0.56393
0.037352,-0.040048,0.54108
0.036404,-0.044544,0.52497
0.035992,-0.051338,0.51756
0.035529,-0.05618,0.51149
0,0,-1
0,0,-1
0,0,-1
0,0,-1
0,0,-1
0,0,-1
0,0,-1
0,0,-1
0,0,-1
0,0,-1
0,0,-1
0,0,-1
0,0,-1
0,0,-1
0,0,-1
0,0,-1
0,0,-1
0,0,-1
0,0,-1
0,0,-1
0,0,-1
0,0,-1
0,0,-1
0.078423,0.52552,1.3692
0.069741,0.45239,1.2255
0.069954,0.4412,1.2296
0.092407,0.55817,1.6196
0.093396,0.54713,1.6378
0.09384,0.52624,1.6458
0.093857,0.50982,1.6475
0.093985,0.48688,1.6486
0.09395,0.47073,1.649
0.093881,0.44651,1.6473
0.093981,0.42971,1.6492
0.094161,0.40678,1.6496
0.094159,0.38992,1.6506
0.09419,0.36689,1.6556
0.094281,0.34993,1.6561
0.094528,0.32726,1.6584
0.094599,0.31049,1.6615
0.094741,0.28717,1.6656
0.09482,0.26998,1.666
0.094696,0.24588,1.6644
0.094238,0.22775,1.6568
0.093858,0.20277,1.6487
0.093051,0.18449,1.6377
0.092397,0.16006,1.6264
0.091085,0.14074,1.5986
0.089753,0.11654,1.577
0.086888,0.09683,1.5269
0.083781,0.07246,1.4726
0.077156,0.052895,1.3641
0.070604,0.030207,1.2326
0.068643,0.017146,1.2094
0.066013,-0.00019954,1.1561
0.06466,-0.01203,1.1461
0.062878,-0.027829,1.0989
0.057047,-0.035488,0.99194
0.047336,-0.041297,0.83599
0.03458,-0.036373,0.60583
0.031897,-0.041483,0.55985
0.030289,-0.044727,0.52935
0.029847,-0.051831,0.52277
0.029425,-0.056665,0.51599
0.029143,-0.063313,0.51085
0,0,-1
0,0,-1
0,0,-1
0,0,-1
0,0,-1
0,0,-1
0,0,-1
0,0,-1
0,0,-1
0,0,-1
0,0,-1
0,0,-1
0,0,-1
0,0,-1
0,0,-1
0,0,-1
0,0,-1
0,0,-1
0,0,-1
0,0,-1
0,0,-1
0,0,-1
0.062966,0.53128,1.3793
0.055268,0.45745,1.2408
0.055433,0.44614,1.245
0.073238,0.56236,1.6336
0.073844,0.54824,1.6431
0.074135,0.52738,1.6501
0.074172,0.51104,1.6488
0.074077,0.48716,1.6495
0.074045,0.47098,1.6499
0.074028,0.44619,1.6482
0.073971,0.42962,1.6493
0.074031,0.4067,1.6491
0.073966,0.38922,1.6494
0.074055,0.36629,1.6535
0.074048,0.34955,1.6534
0.074238,0.32708,1.658
0.074356,0.30989,1.6569
0.07454,0.28689,1.6642
0.07444,0.26961,1.6623
0.074532,0.24606,1.6654
0.074223,0.22816,1.6597
0.073921,0.20323,1.6504
0.073357,0.18507,1.6387
0.072952,0.1603,1.6314
0.071973,0.14162,1.605
0.071283,0.11732,1.589
0.069082,0.098186,1.545
0.067338,0.074351,1.5079
0.062508,0.054103,1.3972
0.056247,0.030667,1.2575
0.055193,0.017402,1.2319
0.052842,-0.00019762,1.183
0.051601,-0.012124,1.1559
0.05057,-0.027935,1.1245
0.046951,-0.037433,1.0588
0.04217,-0.046193,0.92721
0.028248,-0.037741,0.62987
0.02613,-0.043194,0.58246
0.024322,-0.045754,0.5448
0.023771,-0.052082,0.52808
0.023421,-0.056901,0.52053
0.023054,-0.063565,0.51143
0.022892,-0.068369,0.50789
0,0,-1
0,0,-1
0,0,-1
0,0,-1
0,0,-1
0,0,-1
0,0,-1
0,0,-1
0,0,-1
0,0,-1
0,0,-1
0,0,-1
0,0,-1
0,0,-1
0,0,-1
0,0,-1
0,0,-1
0,0,-1
0,0,-1
0,0,-1
0,0,-1
0.046491,0.54203,1.4156
0.040842,0.4583,1.246
0.040958,0.44697,1.2501
0.053853,0.56257,1.636
0.054153,0.55021,1.6448
0.054349,0.52963,1.6547
0.054339,0.51207,1.6555
0.054213,0.48847,1.6523
0.054114,0.47116,1.6517
0.054055,0.44692,1.649
0.054046,0.42929,1.6477
0.05393,0.40584,1.6479
0.054008,0.38911,1.6481
0.053978,0.36601,1.6506
0.054018,0.34881,1.6495
0.054153,0.32615,1.6541
0.054221,0.30952,1.6566
0.05434,0.28645,1.6607
0.054315,0.26938,1.6628
0.054369,0.24597,1.664
0.054265,0.22884,1.6612
0.05411,0.20355,1.6538
0.053675,0.1856,1.6419
0.053452,0.16088,1.634
0.052901,0.14268,1.6169
0.052362,0.11808,1.5975
0.050993,0.099159,1.5604
0.049768,0.074786,1.5244
0.046649,0.055477,1.4283
0.041667,0.0318,1.2836
0.040647,0.017696,1.239
0.039188,-0.00019639,1.1902
0.037778,-0.012245,1.1585
0.037046,-0.028125,1.1357
0.035335,-0.038605,1.0853
0.03314,-0.050443,1.0124
0.023942,-0.044075,0.73082
0.020186,-0.045553,0.6158
0.01831,-0.047455,0.56186
0.017652,-0.053131,0.53868
0.01728,-0.057701,0.52518
0.017001,-0.06405,0.51592
0.016793,-0.068876,0.51301
0.016653,-0.075498,0.50676
0,0,-1
0,0,-1
0,0,-1
0,0,-1
0,0,-1
0,0,-1
0,0,-1
0,0,-1
0,0,-1
0,0,-1
0,0,-1
0,0,-1
0,0,-1
0,0,-1
0,0,-1
0,0,-1
0,0,-1
0,0,-1
0,0,-1
0,0,-1
0.029947,0.55228,1.4341
0.025929,0.46199,1.2497
0.025994,0.45058,1.2539
0.034051,0.56352,1.6365
0.034249,0.55102,1.6488
0.03436,0.52978,1.6558
0.034398,0.51329,1.656
0.034249,0.48892,1.6538
0.034232,0.47174,1.6522
0.034139,0.44732,1.6504
0.034107,0.4301,1.6482
0.03401,0.40587,1.6463
0.034036,0.38913,1.6471
0.033994,0.36519,1.6472
0.033988,0.34842,1.6475
0.034054,0.32577,1.654
0.034098,0.30889,1.6542
0.03416,0.28588,1.6582
0.034181,0.26905,1.66
0.034203,0.24586,1.6628
0.03417,0.22845,1.6617
0.034153,0.20421,1.6615
0.033923,0.18566,1.652
0.033719,0.16169,1.6392
0.033328,0.14297,1.6274
0.033048,0.11873,1.603
0.032475,0.10025,1.5795
0.031869,0.076289,1.5472
0.030016,0.056842,1.463
0.027244,0.032667,1.3265
0.025882,0.018046,1.2646
0.024865,-0.00019618,1.1938
0.024321,-0.012438,1.1811
0.023652,-0.028256,1.1474
0.022974,-0.039191,1.1224
0.022101,-0.053215,1.0794
0.018671,-0.053883,0.9134
0.013944,-0.050533,0.68077
0.011901,-0.049011,0.58013
0.011387,-0.054873,0.55454
0.011089,-0.058248,0.53691
0.010776,-0.064913,0.52092
0.010693,-0.069354,0.51766
0.010558,-0.075982,0.51014
0.010476,-0.080677,0.50613
0,0,-1
0,0,-1
0,0,-1
0,0,-1
0,0,-1
0,0,-1
0,0,-1
0,0,-1
0,0,-1
0,0,-1
0,0,-1
0,0,-1
0,0,-1
0,0,-1
0,0,-1
0,0,-1
0,0,-1
0,0,-1
0,0,-1
0.012734,0.55851,1.4528
0.010899,0.46204,1.25
0.010914,0.45062,1.2542
0.014217,0.56394,1.6364
0.014314,0.55109,1.6492
0.014339,0.52983,1.6562
0.014333,0.51381,1.66
0.014252,0.4891,1.6547
0.014245,0.47197,1.6561
0.014194,0.44785,1.6522
0.014165,0.43015,1.6519
0.014092,0.40598,1.6489
0.014092,0.38917,1.6485
0.014051,0.36521,1.6464
0.014047,0.34836,1.6477
0.014041,0.32558,1.6504
0.014025,0.30815,1.6508
0.014059,0.28542,1.6557
0.014059,0.26874,1.6584
0.014073,0.24558,1.6597
0.014065,0.2282,1.6612
0.014048,0.20424,1.6618
0.013987,0.18641,1.6553
0.013882,0.16199,1.6421
0.01377,0.14375,1.6311
0.013665,0.11964,1.6198
0.013388,0.10116,1.5946
0.013235,0.076921,1.5612
0.01269,0.058308,1.4987
0.011631,0.034024,1.3776
0.011056,0.018452,1.3126
0.010325,-0.00019888,1.2179
0.010122,-0.012594,1.1908
0.0097996,-0.029057,1.1678
0.0095312,-0.040008,1.1355
0.0094154,-0.054962,1.1019
0.008494,-0.060448,1.0123
0.0070348,-0.061752,0.83237
0.0051039,-0.050966,0.60098
0.0048594,-0.056958,0.57633
0.0046777,-0.060136,0.55167
0.0045545,-0.065757,0.53363
0.0044489,-0.070279,0.52032
0.0043726,-0.076427,0.51279
0.0043516,-0.081184,0.51032
0.004308,-0.08779,0.50567
0,0,-1
0,0,-1
0,0,-1
0,0,-1
0,0,-1
0,0,-1
0,0,-1
0,0,-1
0,0,-1
0,0,-1
0,0,-1
0,0,-1
0,0,-1
0,0,-1
0,0,-1
0,0,-1
0,0,-1
0,0,-1
-0.0049211,0.56731,1.4847
-0.0042206,0.46385,1.2501
-0.0042569,0.45239,1.2542
-0.0055646,0.56393,1.6355
-0.0056415,0.55136,1.6506
-0.0057017,0.53008,1.6575
-0.0057313,0.51352,1.66
-0.0057485,0.4891,1.6552
-0.0057794,0.47178,1.6581
-0.0058049,0.44796,1.6544
-0.0058186,0.4302,1.6519
-0.0058484,0.40597,1.6489
-0.0058548,0.38916,1.6493
-0.0058743,0.36503,1.6471
-0.0058962,0.34819,1.6477
-0.0059253,0.32509,1.6503
-0.00594,0.30812,1.6498
-0.0059714,0.28526,1.653
-0.0059922,0.26803,1.6558
-0.006025,0.24518,1.6589
-0.0060381,0.22814,1.6601
-0.0060593,0.20449,1.6597
-0.0060621,0.18671,1.6562
-0.0060417,0.16254,1.6497
-0.0059974,0.14451,1.6374
-0.0059881,0.12018,1.6303
-0.0059037,0.10179,1.6078
-0.0058368,0.077976,1.5836
-0.0055998,0.059346,1.5248
-0.0052719,0.035301,1.4394
-0.0050058,0.019243,1.3614
-0.0046738,-0.00020594,1.2565
-0.0044761,-0.012893,1.2102
-0.0044128,-0.029494,1.1878
-0.0042497,-0.04085,1.1649
-0.0041486,-0.056054,1.1346
-0.0039361,-0.063672,1.0691
-0.0036005,-0.072554,0.97548
-0.0024775,-0.056962,0.67135
-0.0021642,-0.058308,0.58956
-0.0020734,-0.061688,0.56493
-0.0020056,-0.067653,0.54946
-0.0019524,-0.071183,0.53164
-0.0018919,-0.077242,0.5193
-0.001874,-0.081887,0.51594
-0.0018515,-0.088284,0.50905
-0.0018285,-0.093134,0.5057
0,0,-1
0,0,-1
0,0,-1
0,0,-1
0,0,-1
0,0,-1
0,0,-1
0,0,-1
0,0,-1
0,0,-1
0,0,-1
0,0,-1
0,0,-1
0,0,-1
0,0,-1
0,0,-1
0,0,-1
-0.023158,0.57452,1.5034
-0.019581,0.46647,1.2587
-0.019669,0.45494,1.2629
-0.025275,0.56304,1.6342
-0.025591,0.55087,1.6491
-0.025737,0.53039,1.6561
-0.025782,0.51372,1.6581
-0.025743,0.48997,1.6546
-0.025803,0.47214,1.6579
-0.025808,0.44794,1.6552
-0.025825,0.43021,1.6518
-0.025833,0.40595,1.6481
-0.025782,0.38966,1.6503
-0.025796,0.36553,1.6492
-0.025863,0.3484,1.6491
-0.025893,0.32528,1.6481
-0.0259,0.30807,1.6507
-0.025961,0.28493,1.6507
-0.025978,0.26786,1.6513
-0.02603,0.24489,1.6549
-0.026074,0.22792,1.6567
-0.026126,0.20427,1.6592
-0.026142,0.18672,1.6577
-0.026068,0.16276,1.6533
-0.025952,0.145,1.6459
-0.025775,0.12093,1.6384
-0.025558,0.1028,1.6218
-0.025261,0.07867,1.599
-0.024522,0.060013,1.552
-0.023323,0.036297,1.4812
-0.022357,0.019984,1.4123
-0.021146,-0.00021708,1.3454
-0.019634,-0.013115,1.2413
-0.019162,-0.030136,1.2047
-0.01839,-0.041112,1.1822
-0.018136,-0.056725,1.1475
-0.017517,-0.066875,1.1129
-0.016553,-0.078024,1.0589
-0.013843,-0.07444,0.88265
-0.010548,-0.066268,0.66949
-0.0090255,-0.062618,0.56971
-0.0087442,-0.068578,0.55363
-0.0086141,-0.072857,0.54554
-0.0083307,-0.07863,0.52791
-0.0082258,-0.082507,0.51981
-0.0081072,-0.089218,0.51484
-0.0080348,-0.0934,0.51061
-0.0079939,-0.10039,0.50674
0,0,-1
0,0,-1
0,0,-1
0,0,-1
0,0,-1
0,0,-1
0,0,-1
0,0,-1
0,0,-1
0,0,-1
0,0,-1
0,0,-1
0,0,-1
0,0,-1
0,0,-1
0,0,-1
-0.041693,0.58055,1.5137
-0.035059,0.46942,1.2717
-0.0352,0.45782,1.276
-0.044966,0.56258,1.6333
-0.045512,0.5515,1.6507
-0.045743,0.53024,1.6576
-0.045836,0.51389,1.6565
-0.045785,0.49009,1.6546
-0.04584,0.47207,1.6568
-0.045798,0.44781,1.6571
-0.045811,0.43039,1.654
-0.04577,0.40582,1.6477
-0.045699,0.38887,1.6502
-0.045743,0.36485,1.6484
-0.045809,0.34838,1.65
-0.045896,0.32518,1.6501
-0.045905,0.30827,1.6508
-0.045963,0.28505,1.6508
-0.045917,0.26778,1.6501
-0.046022,0.24465,1.6537
-0.046053,0.22767,1.6557
-0.04614,0.20407,1.6567
-0.046133,0.18679,1.6573
-0.04615,0.16304,1.6563
-0.045943,0.14524,1.65
-0.045809,0.12135,1.6455
-0.04536,0.10324,1.6291
-0.045098,0.079477,1.613
-0.043734,0.061036,1.566
-0.042322,0.037223,1.5149
-0.041204,0.020948,1.4774
-0.039492,-0.00023162,1.4121
-0.036301,-0.0137,1.298
-0.034386,-0.030423,1.2266
-0.033171,-0.042036,1.1964
-0.032461,-0.057739,1.1575
-0.031706,-0.068418,1.1397
-0.030662,-0.081149,1.0996
-0.0279,-0.084816,1.0093
-0.024355,-0.086433,0.87685
-0.018383,-0.071734,0.65775
-0.015797,-0.070586,0.56702
-0.015419,-0.073612,0.54867
-0.015069,-0.079935,0.54153
-0.014843,-0.084283,0.52695
-0.014513,-0.090414,0.51888
-0.014357,-0.094809,0.51403
-0.014246,-0.10108,0.51
-0.014143,-0.10593,0.50811
-0.014036,-0.11223,0.50521
0,0,-1
0,0,-1
0,0,-1
0,0,-1
0,0,-1
0,0,-1
0,0,-1
0,0,-1
0,0,-1
0,0,-1
0,0,-1
0,0,-1
0,0,-1
0,0,-1
-0.060438,0.58313,1.5255
-0.051161,0.47771,1.2973
-0.051355,0.4659,1.3016
-0.064648,0.56253,1.6318
-0.065403,0.55127,1.6484
-0.065761,0.53001,1.6554
-0.065872,0.51376,1.6559
-0.065806,0.49039,1.6566
-0.06584,0.47201,1.6562
-0.065851,0.44761,1.6542
-0.065775,0.43041,1.6534
-0.065661,0.40564,1.6508
-0.065757,0.38906,1.6492
-0.065646,0.36535,1.6481
-0.065733,0.34828,1.6495
-0.065847,0.32504,1.6509
-0.065853,0.3085,1.6513
-0.065933,0.28511,1.6521
-0.066019,0.26808,1.6524
-0.065975,0.24437,1.6527
-0.066018,0.22723,1.6538
-0.066082,0.20382,1.6553
-0.066143,0.18687,1.6563
-0.066171,0.16328,1.6565
-0.066021,0.14567,1.6541
-0.06594,0.12169,1.6484
-0.065655,0.10409,1.6408
-0.065078,0.079993,1.6267
-0.063477,0.061576,1.5856
-0.062005,0.037824,1.5467
-0.060677,0.021478,1.5146
-0.059196,-0.00024561,1.4769
-0.055958,-0.014543,1.3875
-0.051541,-0.032148,1.2873
-0.049074,-0.042808,1.223
-0.047024,-0.058736,1.1921
-0.046583,-0.069759,1.1564
-0.045056,-0.083546,1.1325
-0.042854,-0.090343,1.0738
-0.039928,-0.098296,0.99525
-0.03455,-0.09456,0.87286
-0.025912,-0.079747,0.64412
-0.022618,-0.076182,0.56604
-0.022002,-0.081161,0.54736
-0.021593,-0.085439,0.54048
-0.021446,-0.092828,0.53418
-0.021109,-0.096231,0.5233
-0.020608,-0.10263,0.51745
-0.020502,-0.10627,0.51071
-0.020328,-0.11312,0.5079
-0.020209,-0.11767,0.5039
-0.020022,-0.12405,0.50181
-0.019925,-0.12895,0.49894
0,0,-1
0,0,-1
0,0,-1
0,0,-1
0,0,-1
0,0,-1
0,0,-1
0,0,-1
0,0,-1
0,0,-1
-0.019101,-0.18975,0.48125
-0.079503,0.58965,1.5302
-0.068756,0.4895,1.324
-0.069011,0.47739,1.3284
-0.084247,0.56123,1.6278
-0.085278,0.55097,1.6476
-0.085762,0.52975,1.6545
-0.085869,0.51347,1.6575
-0.085913,0.49011,1.6581
-0.08581,0.47198,1.6574
-0.085819,0.44753,1.6549
-0.085724,0.43016,1.653
-0.085607,0.40575,1.6503
-0.08567,0.38871,1.6487
-0.085518,0.36468,1.6483
-0.085573,0.34819,1.6482
-0.08578,0.32492,1.6509
-0.085837,0.30831,1.6517
-0.085975,0.28506,1.6542
-0.086024,0.26799,1.6527
-0.086152,0.2444,1.6546
-0.086034,0.22727,1.6536
-0.086086,0.20368,1.654
-0.086122,0.18662,1.6554
-0.086238,0.16318,1.6564
-0.086248,0.14599,1.6556
-0.08607,0.1221,1.6539
-0.085918,0.10463,1.6486
-0.08532,0.080451,1.6387
-0.083536,0.062231,1.6056
-0.08188,0.038482,1.5704
-0.080741,0.021819,1.5461
-0.079433,-0.00025718,1.5255
-0.075948,-0.015413,1.4645
-0.071743,-0.034207,1.3717
-0.067546,-0.045669,1.2862
-0.063479,-0.060311,1.2182
-0.061824,-0.070954,1.1938
-0.060587,-0.086167,1.1588
-0.058609,-0.09509,1.131
-0.055596,-0.10527,1.0682
-0.051497,-0.10845,0.9843
-0.044485,-0.10667,0.86797
-0.034211,-0.087605,0.65518
-0.029543,-0.084117,0.56867
-0.028604,-0.086795,0.55004
-0.028279,-0.093495,0.53929
-0.027984,-0.098461,0.53369
-0.027446,-0.10379,0.52297
-0.027145,-0.10815,0.51749
-0.026909,-0.11464,0.51432
-0.026558,-0.11869,0.50855
-0.026426,-0.12509,0.50485
-0.026211,-0.12973,0.50289
-0.026085,-0.13635,0.50111
-0.02601,-0.14094,0.49977
-0.025857,-0.14739,0.4969
-0.025773,-0.15206,0.49547
-0.0256,-0.15796,0.49158
-0.025515,-0.16303,0.49008
-0.025395,-0.16912,0.48794
-0.025256,-0.17387,0.48676
-0.025127,-0.1798,0.48451
-0.025033,-0.18365,0.48312
0,0,-1
-0.098514,0.58998,1.5377
-0.085834,0.50037,1.3469
-0.086145,0.488,1.3514
-0.10381,0.5593,1.6252
-0.10512,0.54995,1.6466
-0.1057,0.52938,1.6544
-0.10594,0.51317,1.6579
-0.10588,0.48946,1.6571
-0.10586,0.47177,1.6586
-0.10575,0.44754,1.6532
-0.10576,0.42991,1.652
-0.10573,0.40593,1.6492
-0.10549,0.38855,1.6487
-0.10535,0.36489,1.6483
-0.10542,0.34805,1.6471
-0.10569,0.32487,1.6498
-0.10573,0.30819,1.6519
-0.10593,0.28492,1.6531
-0.10605,0.26806,1.6551
-0.10619,0.24448,1.6564
-0.1062,0.22744,1.6558
-0.10619,0.20386,1.6589
-0.10616,0.18665,1.6551
-0.10624,0.16311,1.6569
-0.10634,0.14608,1.6568
-0.10647,0.12234,1.6564
-0.10619,0.10504,1.6539
-0.10582,0.081009,1.6488
-0.10375,0.062817,1.6187
-0.10238,0.03913,1.5966
-0.10085,0.022193,1.5696
-0.10025,-0.00026842,1.5616
-0.09781,-0.016065,1.5253
-0.093501,-0.036197,1.4567
-0.089635,-0.048545,1.3849
-0.083127,-0.063709,1.2972
-0.078578,-0.073114,1.2167
-0.075914,-0.087525,1.1833
-0.074316,-0.098348,1.157
-0.072106,-0.11053,1.1262
-0.06839,-0.11611,1.0649
-0.063311,-0.1221,0.98201
-0.05523,-0.11545,0.8692
-0.04653,-0.10745,0.72704
-0.037176,-0.092125,0.58207
-0.035593,-0.095003,0.54858
-0.035004,-0.099102,0.5415
-0.034374,-0.10581,0.53444
-0.03403,-0.11073,0.52722
-0.033858,-0.11728,0.52551
-0.033603,-0.12231,0.5202
-0.033176,-0.12734,0.51151
-0.032628,-0.13167,0.50704
-0.032501,-0.13814,0.50525
-0.032327,-0.14196,0.5039
-0.032053,-0.14828,0.49757
-0.031933,-0.1531,0.49615
-0.031778,-0.15954,0.49353
-0.031691,-0.16405,0.49358
-0.031546,-0.17041,0.49138
-0.031471,-0.17497,0.48984
-0.031316,-0.18126,0.48769
-0.031253,-0.18576,0.48808
-0.031146,-0.19295,0.48572
-0.11677,0.58993,1.5395
-0.10432,0.50935,1.3785
-0.10469,0.49675,1.383
-0.12277,0.55611,1.62
-0.12497,0.54936,1.6474
-0.12564,0.52879,1.6543
-0.12594,0.51261,1.657
-0.12579,0.48879,1.657
-0.12583,0.47155,1.6573
-0.12578,0.44716,1.6526
-0.12578,0.42984,1.6513
-0.12562,0.406,1.6499
-0.12531,0.38846,1.6474
-0.12525,0.36505,1.648
-0.12526,0.34785,1.6482
-0.12553,0.32498,1.65
-0.12567,0.30791,1.6506
-0.12596,0.28467,1.6527
-0.12598,0.26782,1.6546
-0.12612,0.24449,1.6563
-0.12626,0.22752,1.6567
-0.12646,0.20415,1.659
-0.12636,0.18701,1.6582
-0.12635,0.16341,1.6566
-0.12649,0.14618,1.6582
-0.12665,0.1226,1.659
-0.1266,0.10535,1.6596
-0.12621,0.081356,1.6539
-0.12478,0.063427,1.6337
-0.1233,0.039502,1.617
-0.1218,0.02256,1.5955
-0.12182,-0.00028003,1.5936
-0.11927,-0.016489,1.5605
-0.11654,-0.037855,1.5278
-0.11118,-0.051429,1.4614
-0.10638,-0.06892,1.388
-0.098775,-0.077481,1.3003
-0.093314,-0.090922,1.2162
-0.09058,-0.10081,1.1917
-0.08773,-0.11382,1.1601
-0.085534,-0.12303,1.1241
-0.081881,-0.1324,1.0623
-0.075569,-0.13238,0.98472
-0.070369,-0.13626,0.92983
-0.058896,-0.1221,0.764
-0.049661,-0.11169,0.64808
-0.042731,-0.10297,0.56209
-0.041634,-0.10713,0.54317
-0.041045,-0.11137,0.5342
-0.040612,-0.11825,0.53118
-0.040202,-0.12314,0.52725
-0.039892,-0.12943,0.52392
-0.039513,-0.13316,0.51358
-0.039275,-0.13992,0.5092
-0.03895,-0.14419,0.50784
-0.038655,-0.15086,0.5059
-0.038426,-0.15556,0.50434
-0.038261,-0.16218,0.50228
-0.038171,-0.16587,0.49748
-0.038005,-0.17231,0.49532
-0.037868,-0.17695,0.49444
-0.037761,-0.18371,0.49325
-0.037614,-0.18829,0.49403
-0.037422,-0.19522,0.49403
-0.13573,0.59165,1.5413
-0.12394,0.52119,1.4099
-0.12437,0.50829,1.4146
-0.14152,0.55471,1.6123
-0.1445,0.54797,1.6457
-0.14543,0.5282,1.6528
-0.14561,0.5113,1.6566
-0.14597,0.48831,1.6577
-0.14581,0.47156,1.6562
-0.14579,0.44786,1.653
-0.14569,0.4302,1.6524
-0.14544,0.40588,1.6484
-0.14527,0.38863,1.6488
-0.14532,0.36493,1.6494
-0.1452,0.34794,1.649
-0.14542,0.32465,1.6498
-0.14556,0.30774,1.6493
-0.14593,0.28445,1.6511
-0.14584,0.26758,1.6531
-0.14618,0.24443,1.6553
-0.14621,0.22749,1.6565
-0.14649,0.20416,1.6592
-0.14657,0.18709,1.6594
-0.14669,0.16349,1.6612
-0.14661,0.14632,1.6606
-0.1468,0.12272,1.6643
-0.14691,0.10558,1.6632
-0.14666,0.081579,1.6592
-0.14557,0.063923,1.6491
-0.14437,0.039998,1.6328
-0.14317,0.022898,1.6223
-0.14319,-0.00029233,1.6225
-0.14115,-0.016799,1.5921
-0.13872,-0.039065,1.5718
-0.13519,-0.053892,1.5281
-0.13092,-0.073444,1.4748
-0.12335,-0.084022,1.4038
-0.11929,-0.098835,1.3382
-0.11007,-0.10464,1.2405
-0.10509,-0.11761,1.1903
-0.1019,-0.1273,1.1577
-0.098838,-0.13945,1.112
-0.094659,-0.14366,1.0632
-0.090351,-0.15119,1.0257
-0.082658,-0.14938,0.93306
-0.077063,-0.15003,0.87
-0.063543,-0.13259,0.71964
-0.055959,-0.12447,0.63434
-0.049845,-0.11691,0.56156
-0.047984,-0.12099,0.54132
-0.047221,-0.12465,0.53362
-0.046925,-0.13051,0.52896
-0.046535,-0.13536,0.52598
-0.046232,-0.14221,0.51878
-0.045752,-0.14585,0.51629
-0.045395,-0.15223,0.51372
-0.045126,-0.15668,0.51136
-0.044922,-0.16334,0.50785
-0.044779,-0.16857,0.5071
-0.044577,-0.17511,0.50307
-0.044574,-0.17921,0.50168
-0.044444,-0.18558,0.49938
-0.044398,-0.19147,0.50056
-0.044175,-0.19838,0.49815
-0.15343,0.59052,1.5441
-0.14294,0.52593,1.4271
-0.14344,0.51291,1.4318
-0.16029,0.55232,1.6049
-0.16437,0.54738,1.6441
-0.16528,0.52764,1.6515
-0.16561,0.51077,1.6539
-0.16582,0.48859,1.656
-0.16578,0.47103,1.6548
-0.16564,0.44769,1.6529
-0.16557,0.43058,1.6533
-0.16565,0.40618,1.6514
-0.16545,0.38896,1.6481
-0.16535,0.36498,1.6486
-0.16523,0.34801,1.6501
-0.16555,0.32471,1.6491
-0.16531,0.30783,1.6491
-0.16572,0.28426,1.6516
-0.16585,0.26733,1.652
-0.16604,0.24414,1.6543
-0.16626,0.22737,1.6558
-0.16659,0.20409,1.6579
-0.16671,0.18704,1.6594
-0.16687,0.16358,1.6623
-0.16704,0.14647,1.6625
-0.16726,0.12278,1.6654
-0.16751,0.10571,1.6666
-0.16724,0.081872,1.6649
-0.16627,0.064194,1.6545
-0.16539,0.040314,1.648
-0.16443,0.023056,1.6338
-0.16499,-0.00030563,1.6464
-0.16306,-0.017181,1.6245
-0.16191,-0.040031,1.6077
-0.15811,-0.055483,1.5764
-0.15551,-0.076646,1.5444
-0.1503,-0.08983,1.4928
-0.14507,-0.10664,1.447
-0.13704,-0.11543,1.3703
-0.13161,-0.12983,1.2961
-0.12333,-0.13259,1.2145
-0.11806,-0.14547,1.1606
-0.11404,-0.15178,1.1291
-0.11002,-0.16249,1.1029
-0.10277,-0.1643,1.0314
-0.098874,-0.16872,0.98411
-0.090632,-0.16519,0.89976
-0.0846,-0.16623,0.83537
-0.071147,-0.14685,0.70124
-0.063629,-0.14117,0.62896
-0.05759,-0.13366,0.57417
-0.055966,-0.1365,0.55121
-0.053644,-0.13947,0.53541
-0.053424,-0.14395,0.53163
-0.053032,-0.14803,0.52525
-0.052284,-0.15448,0.52106
-0.052484,-0.15944,0.51858
-0.05207,-0.16653,0.5146
-0.051922,-0.1714,0.51303
-0.051673,-0.17749,0.50947
-0.051368,-0.18224,0.51201
-0.051125,-0.18975,0.51037
-0.051542,-0.19601,0.51217
-0.051581,-0.20457,0.51159
-0.17204,0.59086,1.541
-0.16306,0.53551,1.4554
-0.16363,0.52225,1.4602
-0.17866,0.5496,1.5904
-0.18388,0.54759,1.64
-0.1848,0.527,1.649
-0.18527,0.51084,1.6519
-0.18579,0.48842,1.6569
-0.18584,0.47114,1.6571
-0.18568,0.44781,1.6571
-0.18541,0.43018,1.6544
-0.18556,0.40681,1.6496
-0.18556,0.38884,1.6485
-0.18525,0.36566,1.6506
-0.18526,0.34819,1.6488
-0.18545,0.32448,1.648
-0.1852,0.30784,1.6474
-0.18568,0.28443,1.6503
-0.18577,0.26726,1.6511
-0.18614,0.24396,1.6535
-0.18612,0.22712,1.6548
-0.18658,0.20413,1.6578
-0.18682,0.18731,1.6594
-0.18711,0.1638,1.6619
-0.18745,0.14669,1.6652
-0.18737,0.12291,1.6671
-0.18773,0.10574,1.6684
-0.18762,0.081853,1.6665
-0.18705,0.0644,1.6584
-0.18614,0.040475,1.6532
-0.18559,0.023269,1.6492
-0.18657,-0.00031752,1.6557
-0.18526,-0.017387,1.6472
-0.18432,-0.040687,1.6364
-0.18161,-0.056905,1.6083
-0.17914,-0.079036,1.5936
-0.17566,-0.093317,1.5639
-0.17205,-0.11357,1.5263
-0.167,-0.1248,1.4773
-0.16136,-0.14137,1.4319
-0.15355,-0.14919,1.3491
-0.14693,-0.16047,1.2981
-0.13814,-0.16308,1.2159
-0.13231,-0.17358,1.1767
-0.12552,-0.17851,1.1124
-0.12287,-0.18588,1.0788
-0.11552,-0.18766,1.0148
-0.11063,-0.1926,0.98039
-0.10312,-0.19069,0.91104
-0.096547,-0.19122,0.86242
-0.084624,-0.17585,0.75391
-0.075487,-0.16605,0.67234
-0.068362,-0.15676,0.60905
-0.06583,-0.15905,0.58603
-0.063403,-0.15947,0.56463
-0.062596,-0.16517,0.55739
-0.061627,-0.16928,0.54389
-0.061161,-0.17438,0.54065
-0.06097,-0.17929,0.53901
-0.060699,-0.18625,0.5376
-0.060634,-0.19267,0.53746
-0.060477,-0.20081,0.53559
-0.061894,-0.21026,0.55241
-0.063213,-0.22303,0.56316
-0.19063,0.58687,1.5357
-0.18351,0.54411,1.4791
-0.18415,0.53063,1.4839
-0.19569,0.54481,1.5805
-0.20285,0.54665,1.6367
-0.20443,0.52629,1.6448
-0.20494,0.51024,1.6496
-0.20579,0.48789,1.6553
-0.20607,0.47149,1.6585
-0.2059,0.44768,1.6559
-0.20579,0.43057,1.6578
-0.20547,0.40681,1.6487
-0.20563,0.38901,1.6512
-0.20519,0.36538,1.6511
-0.20534,0.34855,1.6473
-0.20514,0.32471,1.6465
-0.20538,0.30748,1.648
-0.20546,0.28449,1.6491
-0.20571,0.26741,1.6503
-0.20613,0.24433,1.6553
-0.20638,0.22744,1.6566
-0.20666,0.20403,1.6606
-0.20688,0.18713,1.6624
-0.20716,0.16375,1.665
-0.20748,0.14667,1.6664
-0.20785,0.123,1.6681
-0.20801,0.10582,1.6693
-0.20778,0.082008,1.6702
-0.20751,0.064488,1.6643
-0.20695,0.040636,1.6594
-0.20687,0.023437,1.6597
-0.20736,-0.00033013,1.6651
-0.20667,-0.017502,1.66
-0.20623,-0.04117,1.6561
-0.20465,-0.057716,1.6379
-0.20297,-0.080929,1.6297
-0.20023,-0.096284,1.6066
-0.1978,-0.11792,1.5937
-0.1947,-0.13235,1.5579
-0.19145,-0.15207,1.5323
-0.18565,-0.16247,1.4764
-0.18043,-0.1793,1.4517
-0.17349,-0.18635,1.3877
-0.16808,-0.19918,1.3361
-0.1598,-0.20155,1.2836
-0.15449,-0.21471,1.2303
-0.14688,-0.21709,1.174
-0.14225,-0.22604,1.1469
-0.13564,-0.22709,1.0937
-0.13156,-0.23678,1.061
-0.1293,-0.2399,1.0305
-0.12625,-0.24992,1.0108
-0.12428,-0.258,0.99673
-0.12211,-0.26581,0.98471
-0.11149,-0.25241,0.89641
-0.104,-0.24707,0.83134
-0.099595,-0.24507,0.79917
-0.097409,-0.2506,0.78277
-0.095081,-0.25275,0.7589
-0.094661,-0.26256,0.75563
-0.1072,-0.30577,0.86057
-0.11727,-0.35036,0.94613
-0.14353,-0.4398,1.1549
-0.15901,-0.50547,1.2794
-0.20823,0.58658,1.5283
-0.20334,0.54837,1.4841
-0.20404,0.53479,1.4889
-0.21274,0.53679,1.5598
-0.22215,0.54504,1.6305
-0.22385,0.52494,1.642
-0.22453,0.50948,1.6466
-0.22584,0.48855,1.6528
-0.22579,0.47128,1.6561
-0.22598,0.44852,1.6554
-0.22594,0.43099,1.6575
-0.22585,0.4077,1.6551
-0.22556,0.38949,1.6501
-0.22594,0.3655,1.6535
-0.22512,0.3483,1.6521
-0.22539,0.32467,1.6487
-0.22506,0.30753,1.6472
-0.22545,0.28419,1.6504
-0.22544,0.26743,1.6514
-0.22595,0.24403,1.655
-0.22619,0.22726,1.6566
-0.22686,0.20399,1.661
-0.22716,0.18718,1.6624
-0.22775,0.16374,1.6648
-0.2281,0.14676,1.6651
-0.22828,0.1231,1.6705
-0.22845,0.10594,1.6714
-0.22834,0.082026,1.6723
-0.22735,0.064474,1.6626
-0.22747,0.040703,1.6633
-0.22754,0.023512,1.6661
-0.22876,-0.0003435,1.6718
-0.22851,-0.017612,1.6697
-0.22753,-0.041434,1.6637
-0.22637,-0.058415,1.6548
-0.22541,-0.081707,1.646
-0.22363,-0.097873,1.6369
-0.22248,-0.12066,1.6279
-0.22055,-0.13595,1.6065
-0.21752,-0.15776,1.5901
-0.21427,-0.17183,1.5672
-0.21264,-0.1919,1.5497
-0.2082,-0.20258,1.5186
-0.20543,-0.22152,1.4977
-0.19989,-0.2308,1.4605
-0.19614,-0.24902,1.4376
-0.19264,-0.25779,1.4025
-0.1894,-0.27416,1.3862
-0.18667,-0.28238,1.3541
-0.18402,-0.30016,1.3464
-0.18203,-0.30896,1.3274
-0.1803,-0.32637,1.3157
-0.1794,-0.33701,1.3115
-0.17876,-0.35455,1.3069
-0.17906,-0.36951,1.307
-0.17901,-0.3888,1.3063
-0.18127,-0.4076,1.3227
-0.182,-0.42971,1.3342
-0.18494,-0.45031,1.3597
-0.1878,-0.47554,1.3767
-0.19175,-0.5011,1.4039
-0.1946,-0.52853,1.4198
-0.19787,-0.55168,1.4465
-0.1983,-0.57627,1.4603
-0.22597,0.58544,1.5216
-0.22251,0.55414,1.4974
-0.22244,0.53957,1.5023
-0.22778,0.52812,1.5398
-0.24145,0.5436,1.6275
-0.24264,0.5239,1.6358
-0.2442,0.50912,1.6441
-0.24547,0.48782,1.6536
-0.24589,0.47179,1.6539
-0.24614,0.44819,1.6558
-0.24579,0.43149,1.6567
-0.24594,0.40717,1.653
-0.24602,0.38975,1.6559
-0.24591,0.36652,1.6532
-0.24551,0.34841,1.6524
-0.24535,0.3255,1.6533
-0.24516,0.30768,1.6492
-0.24543,0.2842,1.6504
-0.24559,0.26717,1.6521
-0.24641,0.24403,1.6549
-0.24626,0.227,1.6565
-0.24677,0.20383,1.6602
-0.24721,0.18729,1.6615
-0.24769,0.16383,1.6655
-0.24819,0.14678,1.6678
-0.24882,0.12327,1.6724
-0.24877,0.10607,1.6762
-0.24844,0.082129,1.6701
-0.24823,0.064545,1.666
-0.24836,0.040743,1.6668
-0.24876,0.023542,1.6696
-0.24905,-0.00035773,1.6747
-0.24891,-0.017701,1.6733
-0.24862,-0.041596,1.6728
-0.24778,-0.058595,1.6652
-0.24726,-0.082246,1.6601
-0.24564,-0.098983,1.6538
-0.24507,-0.12236,1.6446
-0.24316,-0.13842,1.6363
-0.24251,-0.16089,1.629
-0.24048,-0.17632,1.6133
-0.23765,-0.19756,1.5966
-0.23541,-0.21211,1.5827
-0.23384,-0.23284,1.5702
-0.23125,-0.24616,1.5519
-0.22918,-0.26607,1.5404
-0.2259,-0.27982,1.5288
-0.22415,-0.29843,1.505
-0.22178,-0.31189,1.4931
-0.22082,-0.33017,1.4875
-0.22009,-0.34413,1.4785
-0.2193,-0.36371,1.4703
-0.21876,-0.37808,1.4664
-0.21861,-0.39905,1.4613
-0.21889,-0.41454,1.4631
-0.2188,-0.43457,1.4654
-0.2188,-0.45285,1.4703
-0.21892,-0.47382,1.4777
-0.22124,-0.49349,1.4879
-0.22148,-0.51827,1.4916
-0.22404,-0.53713,1.5125
-0.2245,-0.56034,1.5084
-0.22669,-0.5831,1.524
-0.22679,-0.60373,1.5261
-0.2431,0.57894,1.5156
-0.24129,0.5538,1.5001
-0.24015,0.53866,1.4999
-0.24124,0.51952,1.508
-0.26024,0.54091,1.6224
-0.26194,0.52222,1.6321
-0.26362,0.50823,1.6423
-0.26502,0.48705,1.6508
-0.26554,0.47095,1.6511
-0.26607,0.44815,1.6543
-0.26615,0.43103,1.6547
-0.26619,0.4083,1.6566
-0.26599,0.39022,1.6539
-0.26597,0.36636,1.658
-0.26598,0.34923,1.6538
-0.26576,0.32518,1.654
-0.26544,0.30813,1.6523
-0.26556,0.28456,1.6507
-0.26536,0.26745,1.653
-0.26611,0.24408,1.6536
-0.26635,0.22712,1.6556
-0.2667,0.20402,1.6589
-0.26694,0.18713,1.6612
-0.26783,0.16379,1.666
-0.26837,0.14672,1.6692
-0.26873,0.12316,1.6736
-0.26941,0.10593,1.6749
-0.26911,0.082049,1.6745
-0.26807,0.064673,1.6654
-0.26821,0.040815,1.6662
-0.26896,0.023535,1.6741
-0.26973,-0.00037257,1.6743
-0.26972,-0.017735,1.6742
-0.26915,-0.041704,1.6718
-0.26906,-0.058949,1.6707
-0.26791,-0.082558,1.6671
-0.26738,-0.099765,1.6648
-0.26686,-0.12315,1.661
-0.26617,-0.13998,1.6531
-0.26577,-0.1631,1.6473
-0.26304,-0.17892,1.635
-0.26236,-0.20178,1.6309
-0.26057,-0.21656,1.6188
-0.25897,-0.23885,1.6078
-0.25745,-0.25469,1.6
-0.25651,-0.27596,1.5931
-0.25445,-0.29027,1.5742
-0.25274,-0.31056,1.5674
-0.25091,-0.32485,1.5633
-0.24999,-0.34613,1.5544
-0.24944,-0.36135,1.5499
-0.24927,-0.3824,1.545
-0.24894,-0.39826,1.5455
-0.24828,-0.41924,1.5461
-0.24892,-0.4354,1.5421
-0.24832,-0.45892,1.5442
-0.24903,-0.47445,1.5452
-0.24892,-0.49821,1.5463
-0.24944,-0.51569,1.5534
-0.25038,-0.53799,1.5524
-0.25119,-0.55636,1.5644
-0.25016,-0.57769,1.5591
-0.25127,-0.59697,1.5619
-0.25168,-0.61819,1.5606
-0.25997,0.57619,1.5056
-0.259,0.55288,1.5017
-0.25184,0.52534,1.46
-0.25298,0.50667,1.4663
-0.2782,0.5392,1.6143
-0.28056,0.51919,1.6269
-0.28262,0.50722,1.6394
-0.2844,0.48613,1.6479
-0.28499,0.47023,1.6502
-0.28585,0.4481,1.6537
-0.28591,0.4313,1.6554
-0.28628,0.40752,1.6564
-0.28584,0.3908,1.6541
-0.28602,0.36666,1.6556
-0.28604,0.34928,1.6549
-0.28625,0.32624,1.6552
-0.28583,0.30807,1.654
-0.28593,0.28483,1.6544
-0.2857,0.268,1.6541
-0.28608,0.24435,1.657
-0.2864,0.22743,1.6553
-0.28658,0.20413,1.6583
-0.28694,0.18698,1.6621
-0.28782,0.16364,1.6665
-0.28819,0.14679,1.6685
-0.28886,0.12312,1.6715
-0.28934,0.10597,1.6744
-0.28947,0.082031,1.6756
-0.28871,0.064558,1.6657
-0.28852,0.040738,1.6665
-0.28949,0.023527,1.6708
-0.28998,-0.00038827,1.6764
-0.29005,-0.017742,1.6769
-0.28992,-0.041708,1.6742
-0.28982,-0.059028,1.6726
-0.28905,-0.082874,1.6708
-0.28865,-0.10012,1.6689
-0.28802,-0.12381,1.666
-0.2878,-0.14063,1.6641
-0.28704,-0.16397,1.6582
-0.28569,-0.1809,1.6541
-0.28499,-0.20358,1.6473
-0.28458,-0.22022,1.6432
-0.2834,-0.24277,1.637
-0.28148,-0.258,1.6291
-0.28069,-0.28061,1.6202
-0.2795,-0.29654,1.6137
-0.27851,-0.31809,1.6051
-0.27736,-0.33333,1.6019
-0.27652,-0.35522,1.5961
-0.2754,-0.37099,1.5948
-0.27504,-0.39329,1.5897
-0.27463,-0.4095,1.5921
-0.27501,-0.43166,1.5894
-0.27458,-0.44756,1.5856
-0.2739,-0.46857,1.5819
-0.2734,-0.48364,1.5819
-0.2726,-0.50737,1.5803
-0.27355,-0.52532,1.5839
-0.27368,-0.54845,1.5783
-0.27425,-0.56404,1.5756
-0.27363,-0.58544,1.5814
-0.27374,-0.60211,1.5849
-0.27427,-0.62717,1.5832
-0.27614,0.57417,1.4967
-0.27633,0.55193,1.4974
-0.26028,0.50483,1.4107
-0.26146,0.48688,1.4168
-0.29637,0.53602,1.6061
-0.29912,0.51753,1.6195
-0.30166,0.50538,1.6333
-0.3036,0.48489,1.643
-0.30432,0.46919,1.647
-0.30545,0.44748,1.6557
-0.3057,0.43076,1.6545
-0.3062,0.40829,1.6576
-0.30585,0.39029,1.6563
-0.30638,0.36715,1.6545
-0.30561,0.34932,1.6558
-0.30628,0.32587,1.6569
-0.30638,0.30903,1.6589
-0.30636,0.28516,1.6566
-0.30594,0.26759,1.6573
-0.30601,0.24438,1.657
-0.30616,0.22719,1.6562
-0.30678,0.20391,1.6592
-0.30718,0.18711,1.6622
-0.30766,0.16382,1.6647
-0.30802,0.14662,1.6662
-0.30932,0.12303,1.6711
-0.30955,0.10599,1.6727
-0.30971,0.08201,1.6725
-0.30823,0.064566,1.6669
-0.30839,0.040738,1.6677
-0.30989,0.023504,1.6727
-0.31046,-0.0004051,1.6769
-0.31046,-0.017776,1.6776
-0.3102,-0.041706,1.6746
-0.31012,-0.059056,1.6725
-0.30955,-0.082948,1.6696
-0.30946,-0.10021,1.6698
-0.30881,-0.12403,1.6682
-0.30845,-0.14124,1.6676
-0.30807,-0.16459,1.6655
-0.30776,-0.18165,1.661
-0.30687,-0.20508,1.6571
-0.30641,-0.22194,1.655
-0.30578,-0.2449,1.6514
-0.30485,-0.2616,1.6472
-0.30404,-0.28414,1.6405
-0.30308,-0.30045,1.6376
-0.30172,-0.3227,1.6334
-0.30069,-0.33835,1.6263
-0.2998,-0.36064,1.6206
-0.29915,-0.37666,1.6171
-0.2984,-0.39862,1.6147
-0.29841,-0.41456,1.6109
-0.29764,-0.43623,1.6053
-0.297,-0.45182,1.6029
-0.29582,-0.47413,1.5969
-0.29595,-0.48938,1.5925
-0.29484,-0.51166,1.5898
-0.29419,-0.52895,1.5994
-0.29453,-0.5514,1.5941
-0.29545,-0.56987,1.5919
-0.29525,-0.591,1.59
-0.29526,-0.60826,1.5928
-0.29506,-0.631,1.5971
-0.29157,0.56948,1.4877
-0.29295,0.55006,1.4924
-0.26581,0.48294,1.3491
-0.26701,0.46575,1.355
-0.31379,0.53399,1.6008
-0.31653,0.51558,1.6098
-0.31991,0.50235,1.6265
-0.32215,0.48326,1.6376
-0.32305,0.46819,1.6433
-0.32496,0.44661,1.6522
-0.32485,0.42982,1.6532
-0.32596,0.4074,1.6552
-0.32574,0.39042,1.6553
-0.32586,0.3667,1.6577
-0.32605,0.3493,1.6544
-0.32645,0.32637,1.6567
-0.32641,0.30864,1.6586
-0.32706,0.28566,1.6604
-0.32647,0.26827,1.6583
-0.32687,0.24447,1.6588
-0.32675,0.2273,1.6565
-0.32736,0.20412,1.6594
-0.32782,0.18696,1.6611
-0.32847,0.16366,1.664
-0.32884,0.14659,1.6658
-0.32926,0.12299,1.6705
-0.32965,0.10595,1.6721
-0.32924,0.082031,1.6734
-0.32839,0.064546,1.669
-0.32856,0.040719,1.6697
-0.33029,0.023505,1.673
-0.33041,-0.00042342,1.6746
-0.33034,-0.017788,1.6749
-0.32994,-0.041687,1.6745
-0.3299,-0.058997,1.674
-0.32961,-0.082846,1.6728
-0.32961,-0.10013,1.6703
-0.32932,-0.12407,1.67
-0.32907,-0.14134,1.6687
-0.32855,-0.16495,1.6666
-0.32821,-0.18197,1.6639
-0.3277,-0.20504,1.6589
-0.32661,-0.22186,1.6568
-0.32583,-0.24511,1.6536
-0.32516,-0.26187,1.6504
-0.32406,-0.28461,1.645
-0.3235,-0.30116,1.6394
-0.322,-0.32333,1.6351
-0.32205,-0.33958,1.6319
-0.32108,-0.36195,1.6268
-0.32038,-0.37816,1.6262
-0.31937,-0.40033,1.6182
-0.31905,-0.4168,1.6172
-0.31818,-0.43874,1.6128
-0.31772,-0.45553,1.6095
-0.31704,-0.47692,1.6038
-0.31644,-0.49227,1.6014
-0.31544,-0.51373,1.6059
-0.31571,-0.53002,1.6066
-0.31636,-0.55464,1.6014
-0.31675,-0.57192,1.6044
-0.31628,-0.59459,1.6033
-0.31713,-0.6113,1.609
-0.31653,-0.63561,1.6028
-0.30903,0.5662,1.4767
-0.30968,0.54763,1.4788
-0.27651,0.47329,1.3142
-0.27775,0.45644,1.3199
-0.33122,0.53088,1.5885
-0.33474,0.51249,1.6054
-0.33794,0.50035,1.6195
-0.34084,0.48173,1.6297
-0.34287,0.46654,1.6397
-0.34432,0.44551,1.6485
-0.34468,0.42854,1.6498
-0.3456,0.40664,1.654
-0.34536,0.39002,1.6553
-0.34582,0.36729,1.6565
-0.3458,0.34949,1.6575
-0.34652,0.32642,1.6583
-0.34676,0.30906,1.659
-0.34747,0.28609,1.663
-0.3472,0.26837,1.6603
-0.34724,0.24518,1.6606
-0.34773,0.22752,1.661
-0.34759,0.2042,1.6639
-0.34759,0.18716,1.6644
-0.34812,0.16382,1.6668
-0.34846,0.14672,1.6681
-0.34916,0.12311,1.67
-0.34963,0.10594,1.6731
-0.34989,0.081988,1.674
-0.34849,0.064377,1.6709
-0.34867,0.040605,1.6687
-0.35004,0.023475,1.6726
-0.35057,-0.00044258,1.6777
-0.35009,-0.017807,1.6781
-0.34997,-0.041796,1.6744
-0.34988,-0.0591,1.6738
-0.35002,-0.083012,1.6728
-0.35003,-0.10012,1.6719
-0.34973,-0.12412,1.6727
-0.34952,-0.14112,1.6684
-0.3486,-0.16478,1.6664
-0.34813,-0.18179,1.6646
-0.34736,-0.20522,1.6608
-0.34687,-0.22216,1.6603
-0.34607,-0.24528,1.6556
-0.34556,-0.26205,1.6508
-0.3448,-0.28484,1.6469
-0.344,-0.30141,1.6437
-0.34313,-0.32347,1.6374
-0.34157,-0.34031,1.6342
-0.34061,-0.36273,1.6299
-0.33996,-0.37958,1.6278
-0.33961,-0.4017,1.6251
-0.33959,-0.41811,1.6221
-0.33858,-0.4405,1.619
-0.33831,-0.45645,1.6192
-0.33706,-0.47768,1.6132
-0.3371,-0.49328,1.609
-0.33656,-0.51742,1.609
-0.33705,-0.5343,1.6048
-0.33719,-0.55726,1.6115
-0.3368,-0.57652,1.6105
-0.33715,-0.59731,1.611
-0.33769,-0.61412,1.607
-0.33708,-0.63658,1.6128
-0.3232,0.56072,1.4632
-0.32433,0.54232,1.4698
-0.29185,0.47221,1.3114
-0.29314,0.45539,1.317
-0.34902,0.52643,1.5801
-0.35222,0.50977,1.5968
-0.35624,0.49886,1.6127
-0.35892,0.47868,1.6239
-0.36066,0.4644,1.6311
-0.36342,0.44422,1.6421
-0.36391,0.42751,1.646
-0.36513,0.40633,1.6514
-0.36549,0.3893,1.6521
-0.36619,0.36682,1.657
-0.36619,0.34978,1.6568
-0.36696,0.32664,1.6601
-0.36633,0.30937,1.6586
-0.36691,0.28596,1.662
-0.36742,0.26871,1.6618
-0.3672,0.24501,1.662
-0.36709,0.22775,1.6595
-0.36776,0.20446,1.6611
-0.36821,0.1869,1.663
-0.36825,0.16385,1.6655
-0.36859,0.14674,1.668
-0.36904,0.12318,1.6703
-0.37009,0.10595,1.6717
-0.36996,0.081983,1.6709
-0.36926,0.064467,1.6686
-0.36945,0.040654,1.6693
-0.37016,0.023452,1.6739
-0.37095,-0.0004627,1.6757
-0.37103,-0.01782,1.6757
-0.37054,-0.041783,1.677
-0.37031,-0.059124,1.6751
-0.37011,-0.083061,1.6741
-0.36993,-0.10022,1.673
-0.36961,-0.124,1.6701
-0.3695,-0.14116,1.6685
-0.36869,-0.16465,1.6652
-0.36817,-0.18167,1.6623
-0.36761,-0.20511,1.6602
-0.36715,-0.22208,1.6581
-0.36583,-0.24521,1.6533
-0.36529,-0.26198,1.6507
-0.36449,-0.28499,1.644
-0.36363,-0.30159,1.6411
-0.36272,-0.32435,1.6357
-0.3627,-0.34074,1.6325
-0.36181,-0.36335,1.6317
-0.36103,-0.38002,1.6284
-0.36008,-0.40231,1.6245
-0.35948,-0.41841,1.6254
-0.35901,-0.44066,1.6199
-0.35925,-0.45719,1.6164
-0.35793,-0.47907,1.614
-0.35794,-0.49601,1.6117
-0.35737,-0.51864,1.6112
-0.35739,-0.53667,1.6147
-0.35808,-0.56092,1.6141
-0.35776,-0.57681,1.6146
-0.35761,-0.60037,1.6156
-0.35803,-0.61551,1.6193
-0.35957,-0.64192,1.6167
-0.33813,0.55673,1.4556
-0.3397,0.53844,1.4585
-0.31719,0.49006,1.359
-0.31859,0.4726,1.3648
-0.36561,0.52412,1.5673
-0.36991,0.50627,1.5848
-0.37305,0.49482,1.6055
-0.37677,0.4768,1.6175
-0.37943,0.46311,1.626
-0.38227,0.44234,1.6341
-0.38284,0.42623,1.642
-0.38413,0.40533,1.6481
-0.38449,0.38891,1.651
-0.38567,0.36654,1.655
-0.38603,0.3495,1.6572
-0.38687,0.32635,1.6611
-0.38675,0.30958,1.6594
-0.38731,0.2858,1.6624
-0.38694,0.2688,1.6619
-0.38761,0.24497,1.6641
-0.38747,0.22809,1.6615
-0.38818,0.20466,1.6641
-0.3883,0.1871,1.665
-0.38888,0.16386,1.6674
-0.38853,0.14651,1.6672
-0.39021,0.12304,1.669
-0.39074,0.10587,1.6701
-0.39052,0.081918,1.6704
-0.3891,0.064368,1.667
-0.38929,0.040584,1.6677
-0.3901,0.023415,1.6712
-0.39052,-0.00048307,1.6731
-0.39065,-0.017826,1.6736
-0.39065,-0.041793,1.6736
-0.39055,-0.059096,1.6731
-0.38987,-0.08297,1.6715
-0.38967,-0.10024,1.6696
-0.38935,-0.12397,1.668
-0.38908,-0.14124,1.6667
-0.38861,-0.16493,1.6646
-0.38857,-0.18218,1.6642
-0.38798,-0.20541,1.6616
-0.38674,-0.22216,1.66
-0.38599,-0.24496,1.6547
-0.38539,-0.2617,1.6483
-0.38428,-0.28474,1.6447
-0.3839,-0.30197,1.646
-0.38315,-0.32404,1.6392
-0.38241,-0.34115,1.636
-0.38165,-0.36339,1.6314
-0.38083,-0.38037,1.6312
-0.37986,-0.40322,1.6296
-0.3802,-0.41944,1.6262
-0.37974,-0.44173,1.6244
-0.37901,-0.45744,1.6215
-0.37788,-0.47978,1.6177
-0.37801,-0.49713,1.617
-0.37712,-0.52076,1.6153
-0.37875,-0.53865,1.6149
-0.37774,-0.562,1.6222
-0.37795,-0.57831,1.6255
-0.37867,-0.60133,1.6211
-0.37872,-0.62006,1.6205
-0.37708,-0.64266,1.6176
-0.35418,0.55399,1.4439
-0.35581,0.53541,1.4503
-0.34156,0.50151,1.397
-0.34306,0.48363,1.4029
-0.38178,0.51877,1.5578
-0.38568,0.50291,1.5749
-0.38986,0.49212,1.5956
-0.39449,0.47525,1.6101
-0.39642,0.46073,1.6191
-0.39967,0.44043,1.6285
-0.40149,0.42478,1.6362
-0.40295,0.40427,1.6453
-0.40387,0.38816,1.6495
-0.40512,0.36578,1.6543
-0.40551,0.34905,1.6546
-0.40705,0.32565,1.6584
-0.4071,0.30893,1.6581
-0.40816,0.28603,1.662
-0.40725,0.26871,1.6616
-0.40836,0.24543,1.6621
-0.40791,0.22812,1.6633
-0.40865,0.20473,1.6662
-0.40806,0.18729,1.6656
-0.40863,0.16376,1.6681
-0.40902,0.14665,1.6694
-0.41013,0.12305,1.6714
-0.41043,0.10571,1.6699
-0.41032,0.081877,1.6709
-0.40829,0.064352,1.6638
-0.40849,0.040566,1.6645
-0.40937,0.023336,1.6668
-0.40974,-0.00050542,1.6723
-0.41048,-0.01784,1.6746
-0.41086,-0.041776,1.674
-0.41069,-0.059122,1.6716
-0.40985,-0.082979,1.6707
-0.40964,-0.10025,1.6698
-0.4093,-0.12387,1.668
-0.40991,-0.14105,1.6665
-0.40947,-0.16469,1.664
-0.40907,-0.18186,1.6614
-0.40742,-0.20524,1.6588
-0.40693,-0.22186,1.6587
-0.40654,-0.24501,1.6554
-0.40595,-0.26203,1.6516
-0.40506,-0.28507,1.6479
-0.40438,-0.30165,1.6451
-0.40356,-0.3245,1.6383
-0.40283,-0.34094,1.6378
-0.40171,-0.36386,1.6332
-0.40234,-0.38025,1.6351
-0.4011,-0.4028,1.6307
-0.4002,-0.41922,1.6289
-0.40046,-0.44185,1.628
-0.39989,-0.45883,1.624
-0.39875,-0.48042,1.6207
-0.39766,-0.49819,1.6176
-0.39854,-0.52196,1.6202
-0.39784,-0.53961,1.625
-0.39846,-0.56216,1.6266
-0.39908,-0.58066,1.6254
-0.39868,-0.6039,1.6246
-0.39867,-0.62036,1.6231
-0.40092,-0.645,1.6267
-0.36672,0.54641,1.4271
-0.3684,0.53075,1.4334
-0.36551,0.51065,1.425
-0.3671,0.49243,1.431
-0.39654,0.51524,1.542
-0.4016,0.4986,1.5655
-0.40665,0.48844,1.5788
-0.41087,0.47021,1.5988
-0.41395,0.45767,1.6075
-0.41689,0.43868,1.6219
-0.41886,0.42296,1.6281
-0.42154,0.40257,1.6372
-0.42259,0.38652,1.6438
-0.42402,0.36452,1.6496
-0.42489,0.34802,1.6502
-0.42605,0.32552,1.6544
-0.42669,0.30834,1.6555
-0.42752,0.28568,1.6593
-0.42732,0.26865,1.66
-0.42822,0.24505,1.6628
-0.42818,0.22794,1.6631
-0.42863,0.2045,1.6641
-0.42856,0.18734,1.6659
-0.42914,0.1638,1.6682
-0.42889,0.14668,1.6689
-0.43005,0.12302,1.6718
-0.42993,0.10571,1.6704
-0.42974,0.081734,1.6704
-0.4283,0.064153,1.6609
-0.42817,0.040431,1.6616
-0.4285,0.023281,1.6674
-0.42975,-0.00052824,1.67
-0.4303,-0.017831,1.6706
-0.43023,-0.041724,1.6704
-0.43003,-0.059013,1.6697
-0.4295,-0.082856,1.6691
-0.42922,-0.10009,1.6683
-0.42943,-0.12385,1.6667
-0.42929,-0.14085,1.6643
-0.42871,-0.16455,1.6622
-0.42816,-0.18165,1.6602
-0.42752,-0.20512,1.6571
-0.42704,-0.22205,1.655
-0.42626,-0.24526,1.6518
-0.42564,-0.26162,1.6488
-0.42447,-0.28499,1.6448
-0.42377,-0.30157,1.6424
-0.42274,-0.32436,1.6415
-0.42265,-0.34112,1.6392
-0.42207,-0.36381,1.6346
-0.42138,-0.3804,1.6371
-0.42022,-0.40326,1.6335
-0.42058,-0.41979,1.6324
-0.4205,-0.44252,1.6304
-0.41956,-0.46009,1.6294
-0.41859,-0.48249,1.6264
-0.41869,-0.49951,1.6264
-0.4196,-0.52286,1.6258
-0.41952,-0.53967,1.6281
-0.41978,-0.564,1.6285
-0.41961,-0.58212,1.6325
-0.41951,-0.60471,1.6281
-0.41973,-0.61993,1.6319
-0.41939,-0.63874,1.6285
-0.38142,0.54284,1.4197
-0.3845,0.52701,1.4294
-0.38407,0.51249,1.4302
-0.38741,0.49777,1.4399
-0.41026,0.51044,1.5233
-0.41603,0.49418,1.5504
-0.42249,0.48539,1.5656
-0.42668,0.46725,1.584
-0.43057,0.45455,1.5989
-0.43371,0.43556,1.6113
-0.43552,0.42095,1.6182
-0.43854,0.40088,1.6319
-0.44108,0.38524,1.6361
-0.44264,0.36325,1.6423
-0.44374,0.34672,1.6452
-0.44512,0.32496,1.6501
-0.44541,0.30818,1.6531
-0.44632,0.28537,1.6583
-0.44651,0.26842,1.6577
-0.44761,0.24523,1.6619
-0.44805,0.22798,1.6608
-0.44886,0.20468,1.6636
-0.44833,0.18758,1.6653
-0.4487,0.16375,1.664
-0.44912,0.14635,1.6655
-0.44941,0.12277,1.6686
-0.44973,0.10546,1.6697
-0.4497,0.081624,1.6664
-0.44787,0.063966,1.656
-0.44726,0.040304,1.6567
-0.44816,0.02324,1.6641
-0.44931,-0.00055233,1.6658
-0.44956,-0.017835,1.6681
-0.44987,-0.041695,1.6677
-0.44975,-0.058948,1.6668
-0.449,-0.082758,1.6659
-0.44878,-0.099975,1.6656
-0.44868,-0.12372,1.6646
-0.44842,-0.14087,1.6626
-0.44798,-0.16448,1.659
-0.44705,-0.18152,1.6564
-0.44638,-0.20508,1.6538
-0.44629,-0.22173,1.6518
-0.44583,-0.24494,1.6496
-0.44484,-0.26162,1.6479
-0.44377,-0.28464,1.6445
-0.44303,-0.30118,1.6427
-0.44264,-0.32393,1.6413
-0.44284,-0.34127,1.6405
-0.44162,-0.36395,1.6376
-0.44096,-0.38059,1.6365
-0.4401,-0.40305,1.632
-0.44045,-0.41984,1.635
-0.44003,-0.44305,1.6306
-0.43893,-0.45981,1.6296
-0.44,-0.48257,1.6265
-0.43902,-0.49897,1.6258
-0.43903,-0.52285,1.6263
-0.43973,-0.54037,1.6308
-0.43948,-0.56536,1.6305
-0.43995,-0.58146,1.6297
-0.43966,-0.6031,1.6329
-0.43994,-0.61965,1.6291
-0.43977,-0.64452,1.6203
-0.39488,0.53571,1.4061
-0.3989,0.52411,1.4219
-0.40534,0.515,1.437
-0.34391,0.41912,1.2145
-0.42493,0.50373,1.5093
-0.43176,0.49273,1.538
-0.43974,0.48262,1.5597
-0.44184,0.46337,1.5662
-0.44754,0.45268,1.5952
-0.45016,0.43199,1.5946
-0.4528,0.41868,1.6104
-0.4547,0.39792,1.617
-0.45788,0.38427,1.6308
-0.45893,0.36186,1.63
-0.46342,0.34668,1.6403
-0.46188,0.32276,1.6428
-0.46464,0.30876,1.6495
-0.46442,0.28454,1.6579
-0.46679,0.26765,1.6604
-0.46624,0.24445,1.6576
-0.46772,0.2281,1.6591
-0.46897,0.20402,1.6623
-0.46946,0.18706,1.6709
-0.46832,0.1638,1.667
-0.46835,0.14648,1.6665
-0.47059,0.12268,1.6696
-0.46989,0.10548,1.6685
-0.46979,0.081413,1.6693
-0.46647,0.06374,1.6565
-0.45976,0.03971,1.638
-0.4679,0.023143,1.659
-0.46824,-0.00057768,1.6667
-0.46878,-0.017821,1.6667
-0.46894,-0.041594,1.6667
-0.46876,-0.058863,1.6646
-0.46765,-0.082528,1.6614
-0.46813,-0.099688,1.6618
-0.46646,-0.12348,1.6648
-0.46839,-0.14054,1.6582
-0.46769,-0.16399,1.6555
-0.46548,-0.18108,1.6565
-0.46566,-0.2046,1.6541
-0.46656,-0.22198,1.6511
-0.46459,-0.2444,1.6486
-0.46377,-0.2609,1.6481
-0.46328,-0.28377,1.6396
-0.46271,-0.30085,1.6404
-0.46335,-0.32431,1.6446
-0.46201,-0.3405,1.643
-0.46103,-0.3627,1.6354
-0.46088,-0.38037,1.6349
-0.46058,-0.40324,1.6346
-0.46069,-0.42132,1.6347
-0.45948,-0.4432,1.6332
-0.46003,-0.45849,1.6277
-0.45843,-0.48119,1.6257
-0.4597,-0.49869,1.6212
-0.45676,-0.52293,1.6281
-0.45814,-0.5416,1.6326
-0.45816,-0.56488,1.6204
-0.45857,-0.5802,1.6233
-0.45917,-0.60061,1.6295
-0.45928,-0.62268,1.6316
-0.45769,-0.64568,1.6283
