0.25624,0.31377,0.82272
0.2597,0.30754,0.83323
0.27028,0.31103,0.86333
0.27356,0.30043,0.87177
0.27423,0.29531,0.87762
0.27736,0.28213,0.88123
0.2731,0.271,0.86752
0.27135,0.25796,0.86625
0.27482,0.25046,0.8831
0.27266,0.23801,0.87176
0.28163,0.23563,0.89943
0.28676,0.22768,0.90969
0.29693,0.22546,0.95394
0.30753,0.22055,0.98648
0.29651,0.19774,0.93506
0.24634,0.15472,0.78557
0.15846,0.094908,0.50309
0.15194,0.083373,0.48497
0.14701,0.077135,0.46781
0.14554,0.068835,0.46593
0.14239,0.062926,0.46102
0.14374,0.056259,0.45608
0.14251,0.051075,0.45327
0.14082,0.044463,0.45143
0.13993,0.039399,0.44945
0.1395,0.032844,0.44601
0.13925,0.028277,0.44544
0,0,-1
0,0,-1
0,0,-1
0,0,-1
0,0,-1
0,0,-1
0,0,-1
0,0,-1
0,0,-1
0,0,-1
0,0,-1
0,0,-1
0,0,-1
0,0,-1
0,0,-1
0,0,-1
0,0,-1
0,0,-1
0,0,-1
0,0,-1
0,0,-1
0,0,-1
0,0,-1
0,0,-1
0,0,-1
0,0,-1
0,0,-1
0,0,-1
0,0,-1
0,0,-1
0,0,-1
0,0,-1
0,0,-1
0.14092,-0.16009,0.44833
0.14288,-0.16864,0.45547
0.14486,-0.17662,0.4612
0.14841,-0.18745,0.47174
0.25554,0.3306,0.85759
0.26457,0.32541,0.87375
0.27045,0.32206,0.89584
0.2731,0.31252,0.903
0.27389,0.30462,0.90564
0.27147,0.29276,0.90918
0.27152,0.28206,0.90457
0.27252,0.27006,0.90789
0.27371,0.26237,0.90753
0.27933,0.25057,0.91956
0.27999,0.24535,0.93926
0.28911,0.2369,0.95968
0.29565,0.23486,0.98686
0.29582,0.22014,0.98018
0.2743,0.19506,0.92521
0.1838,0.12093,0.60985
0.14775,0.092011,0.49352
0.14469,0.083202,0.48426
0.14137,0.075603,0.46936
0.13897,0.068352,0.46195
0.1377,0.062908,0.46118
0.13746,0.056179,0.45473
0.13633,0.051069,0.45348
0.13578,0.044328,0.45057
0.13477,0.039538,0.44979
0.13431,0.033002,0.44757
0.13415,0.028247,0.44695
0,0,-1
0,0,-1
0,0,-1
0,0,-1
0,0,-1
0,0,-1
0,0,-1
0,0,-1
0,0,-1
0,0,-1
0,0,-1
0,0,-1
0,0,-1
0,0,-1
0,0,-1
0,0,-1
0,0,-1
0,0,-1
0,0,-1
0,0,-1
0,0,-1
0,0,-1
0,0,-1
0,0,-1
0,0,-1
0,0,-1
0,0,-1
0,0,-1
0,0,-1
0,0,-1
0,0,-1
0,0,-1
0,0,-1
0.13445,-0.15942,0.44548
0.13625,-0.1678,0.44934
0.13731,-0.17416,0.45702
0.14098,-0.18491,0.46645
0.25579,0.34583,0.8864
0.25961,0.33504,0.90533
0.27099,0.33873,0.93679
0.27343,0.32766,0.94086
0.27291,0.31778,0.94347
0.27191,0.30361,0.94244
0.26851,0.28777,0.92857
0.27214,0.27839,0.93897
0.27284,0.26935,0.94139
0.27411,0.26206,0.95069
0.2801,0.25645,0.9763
0.28756,0.24629,0.99483
0.28819,0.23647,0.99511
0.28471,0.22084,0.98326
0.24089,0.17556,0.83691
0.15499,0.10656,0.53728
0.14024,0.090871,0.48792
0.13801,0.083049,0.47921
0.1348,0.075605,0.46837
0.1336,0.067852,0.46233
0.13215,0.062977,0.46001
0.13184,0.056267,0.45495
0.13062,0.051079,0.45423
0.13031,0.044477,0.45137
0.12946,0.039676,0.45081
0.12926,0.033034,0.44903
0,0,-1
0,0,-1
0,0,-1
0,0,-1
0,0,-1
0,0,-1
0,0,-1
0,0,-1
0,0,-1
0,0,-1
0,0,-1
0,0,-1
0,0,-1
0,0,-1
0,0,-1
0,0,-1
0,0,-1
0,0,-1
0,0,-1
0,0,-1
0,0,-1
0,0,-1
0,0,-1
0,0,-1
0,0,-1
0,0,-1
0,0,-1
0,0,-1
0,0,-1
0,0,-1
0,0,-1
0,0,-1
0,0,-1
0,0,-1
0.12884,-0.15888,0.44602
0.1296,-0.16707,0.4492
0.13181,-0.17381,0.45579
0.13324,-0.18253,0.46194
0.25477,0.35326,0.91569
0.2611,0.35087,0.94547
0.26325,0.34754,0.95966
0.26541,0.33514,0.96369
0.26619,0.32497,0.96331
0.2663,0.31093,0.96478
0.26704,0.30039,0.96981
0.26803,0.2889,0.97741
0.26908,0.28166,0.98146
0.27089,0.27132,0.98567
0.27848,0.26385,1.0123
0.27919,0.24989,1.0156
0.27726,0.23718,1
0.27086,0.21846,0.98217
0.18784,0.1439,0.67947
0.1421,0.10228,0.51829
0.13388,0.090069,0.48706
0.13183,0.082519,0.47902
0.1287,0.075105,0.46608
0.12851,0.068066,0.46348
0.12698,0.063177,0.46081
0.12655,0.056066,0.45525
0.12607,0.051243,0.45491
0.12502,0.044598,0.45231
0.12438,0.039791,0.45144
0.1241,0.033082,0.44943
0,0,-1
0,0,-1
0,0,-1
0,0,-1
0,0,-1
0,0,-1
0,0,-1
0,0,-1
0,0,-1
0,0,-1
0,0,-1
0,0,-1
0,0,-1
0,0,-1
0,0,-1
0,0,-1
0,0,-1
0,0,-1
0,0,-1
0,0,-1
0,0,-1
0,0,-1
0,0,-1
0,0,-1
0,0,-1
0,0,-1
0,0,-1
0,0,-1
0,0,-1
0,0,-1
0,0,-1
0,0,-1
0,0,-1
0,0,-1
0,0,-1
0.12444,-0.1669,0.44784
0.12518,-0.17284,0.45341
0.1271,-0.18191,0.4578
0.25154,0.36638,0.94964
0.25688,0.36232,0.97617
0.26366,0.35708,0.9919
0.26476,0.3445,0.99878
0.26461,0.33517,1.0017
0.26362,0.31889,0.99611
0.26403,0.30946,0.99275
0.26501,0.29688,0.99645
0.2657,0.28738,1.0007
0.27021,0.2774,1.0205
0.27309,0.26941,1.0268
0.27282,0.25362,1.0262
0.26673,0.23865,1.0082
0.25387,0.21423,0.95448
0.15892,0.12651,0.59308
0.13323,0.099872,0.50805
0.12776,0.090158,0.48417
0.12496,0.081796,0.47378
0.12339,0.075331,0.46747
0.12248,0.068273,0.46326
0.12168,0.063309,0.46101
0.12131,0.056153,0.45652
0.12025,0.051388,0.45535
0.1198,0.044737,0.45367
0.11925,0.039748,0.45187
0,0,-1
0,0,-1
0,0,-1
0,0,-1
0,0,-1
0,0,-1
0,0,-1
0,0,-1
0,0,-1
0,0,-1
0,0,-1
0,0,-1
0,0,-1
0,0,-1
0,0,-1
0,0,-1
0,0,-1
0,0,-1
0,0,-1
0,0,-1
0,0,-1
0,0,-1
0,0,-1
0,0,-1
0,0,-1
0,0,-1
0,0,-1
0,0,-1
0,0,-1
0,0,-1
0,0,-1
0,0,-1
0,0,-1
0,0,-1
0,0,-1
0,0,-1
0,0,-1
0.11979,-0.173,0.45203
0.12134,-0.18104,0.45684
0.25309,0.38389,1.0027
0.25627,0.37766,1.0198
0.25966,0.37135,1.0327
0.26099,0.35869,1.037
0.26177,0.34898,1.0349
0.26231,0.33413,1.0326
0.26034,0.32003,1.0297
0.26105,0.30644,1.0335
0.25971,0.29776,1.0347
0.26265,0.28434,1.0437
0.26248,0.27211,1.0392
0.26113,0.2576,1.033
0.25513,0.24079,1.011
0.24058,0.21434,0.95561
0.14034,0.11829,0.56209
0.12644,0.099436,0.50186
0.12221,0.090302,0.48735
0.1195,0.081815,0.47513
0.11826,0.076164,0.46941
0.11693,0.068673,0.46174
0.11628,0.06338,0.46127
0.11554,0.056316,0.45709
0.11503,0.051547,0.4562
0.11438,0.044864,0.45514
0,0,-1
0,0,-1
0,0,-1
0,0,-1
0,0,-1
0,0,-1
0,0,-1
0,0,-1
0,0,-1
0,0,-1
0,0,-1
0,0,-1
0,0,-1
0,0,-1
0,0,-1
0,0,-1
0,0,-1
0,0,-1
0,0,-1
0,0,-1
0,0,-1
0,0,-1
0,0,-1
0,0,-1
0,0,-1
0,0,-1
0,0,-1
0,0,-1
0,0,-1
0,0,-1
0,0,-1
0,0,-1
0,0,-1
0,0,-1
0,0,-1
0,0,-1
0,0,-1
0,0,-1
0.11427,-0.17276,0.4512
0.11483,-0.18065,0.45682
0.24714,0.39808,1.0427
0.25234,0.38989,1.0474
0.25502,0.3839,1.0684
0.25801,0.37052,1.0736
0.25662,0.36021,1.0768
0.25649,0.34373,1.0795
0.25563,0.33315,1.0653
0.2563,0.31552,1.0642
0.25598,0.30518,1.067
0.25501,0.28826,1.0544
0.25372,0.27515,1.049
0.24915,0.25828,1.0426
0.24228,0.23995,1.0137
0.22621,0.21246,0.95598
0.12909,0.11484,0.54246
0.11996,0.098818,0.50113
0.11662,0.090345,0.48686
0.11403,0.081883,0.47642
0.11334,0.076374,0.4707
0.11147,0.069179,0.46301
0.11095,0.063474,0.4621
0.10984,0.056433,0.45902
0.10946,0.051671,0.45746
0.10877,0.044785,0.45641
0,0,-1
0,0,-1
0,0,-1
0,0,-1
0,0,-1
0,0,-1
0,0,-1
0,0,-1
0,0,-1
0,0,-1
0,0,-1
0,0,-1
0,0,-1
0,0,-1
0,0,-1
0,0,-1
0,0,-1
0,0,-1
0,0,-1
0,0,-1
0,0,-1
0,0,-1
0,0,-1
0,0,-1
0,0,-1
0,0,-1
0,0,-1
0,0,-1
0,0,-1
0,0,-1
0,0,-1
0,0,-1
0,0,-1
0,0,-1
0,0,-1
0,0,-1
0,0,-1
0,0,-1
0.10866,-0.17215,0.45172
0.10883,-0.18087,0.4553
0.23902,0.40608,1.0548
0.24475,0.40092,1.0786
0.24964,0.39545,1.1031
0.25149,0.38233,1.1124
0.25224,0.37106,1.1158
0.25106,0.35508,1.1084
0.25151,0.3442,1.0951
0.24915,0.32336,1.0924
0.24605,0.31105,1.0806
0.24443,0.29165,1.0798
0.24144,0.27797,1.0568
0.23633,0.25779,1.0355
0.23055,0.2414,1.0112
0.21161,0.20586,0.92699
0.12235,0.11491,0.53754
0.11362,0.098588,0.50138
0.11002,0.09002,0.48577
0.1085,0.082255,0.47441
0.10752,0.076568,0.47122
0.10617,0.069363,0.46694
0.10574,0.063643,0.46331
0.10453,0.056684,0.46024
0.10409,0.051685,0.45944
0,0,-1
0,0,-1
0,0,-1
0,0,-1
0,0,-1
0,0,-1
0,0,-1
0,0,-1
0,0,-1
0,0,-1
0,0,-1
0,0,-1
0,0,-1
0,0,-1
0,0,-1
0,0,-1
0,0,-1
0,0,-1
0,0,-1
0,0,-1
0,0,-1
0,0,-1
0,0,-1
0,0,-1
0,0,-1
0,0,-1
0,0,-1
0,0,-1
0,0,-1
0,0,-1
0,0,-1
0,0,-1
0,0,-1
0,0,-1
0,0,-1
0,0,-1
0,0,-1
0,0,-1
0,0,-1
0,0,-1
0.10408,-0.18099,0.4541
0.23518,0.42009,1.0944
0.2389,0.41317,1.1045
0.24504,0.412,1.1427
0.2463,0.39734,1.1476
0.24682,0.38556,1.1511
0.2448,0.36543,1.1432
0.24088,0.35239,1.1274
0.24071,0.33319,1.1176
0.23699,0.31362,1.1019
0.23417,0.29713,1.087
0.22906,0.27909,1.0653
0.2233,0.25829,1.0434
0.21873,0.2398,1.0086
0.19162,0.20029,0.88897
0.11366,0.11324,0.53262
0.10768,0.098812,0.49954
0.10458,0.090243,0.48616
0.10258,0.082303,0.47559
0.10201,0.076537,0.47189
0.10073,0.069214,0.46869
0.10032,0.063959,0.46633
0.099312,0.056829,0.46217
0.098723,0.051531,0.46127
0,0,-1
0,0,-1
0,0,-1
0,0,-1
0,0,-1
0,0,-1
0,0,-1
0,0,-1
0,0,-1
0,0,-1
0,0,-1
0,0,-1
0,0,-1
0,0,-1
0,0,-1
0,0,-1
0,0,-1
0,0,-1
0,0,-1
0,0,-1
0,0,-1
0,0,-1
0,0,-1
0,0,-1
0,0,-1
0,0,-1
0,0,-1
0,0,-1
0,0,-1
0,0,-1
0,0,-1
0,0,-1
0,0,-1
0,0,-1
0,0,-1
0,0,-1
0,0,-1
0,0,-1
0,0,-1
0,0,-1
0.098259,-0.18103,0.45593
0.23363,0.44636,1.1571
0.23771,0.43685,1.1743
0.23858,0.42601,1.179
0.23948,0.40882,1.1841
0.23866,0.39642,1.1843
0.23719,0.37417,1.1659
0.23275,0.35605,1.1491
0.22863,0.33819,1.1342
0.22822,0.32312,1.1225
0.22143,0.29779,1.1019
0.21643,0.28111,1.0677
0.21115,0.25888,1.0458
0.20596,0.24035,1.0137
0.17683,0.19563,0.85943
0.1072,0.11215,0.53049
0.1014,0.098647,0.5007
0.098714,0.091053,0.4873
0.096938,0.082703,0.47736
0.096248,0.076719,0.47301
0.09538,0.069147,0.46937
0.094823,0.064273,0.46789
0.093987,0.056982,0.46413
0.093235,0.051945,0.46081
0,0,-1
0,0,-1
0,0,-1
0,0,-1
0,0,-1
0,0,-1
0,0,-1
0,0,-1
0,0,-1
0,0,-1
0,0,-1
0,0,-1
0,0,-1
0,0,-1
0,0,-1
0,0,-1
0,0,-1
0,0,-1
0,0,-1
0,0,-1
0,0,-1
0,0,-1
0,0,-1
0,0,-1
0,0,-1
0,0,-1
0,0,-1
0,0,-1
0,0,-1
0,0,-1
0,0,-1
0,0,-1
0,0,-1
0,0,-1
0,0,-1
0,0,-1
0,0,-1
0,0,-1
0,0,-1
0,0,-1
0,0,-1
0.22603,0.45444,1.1834
0.22776,0.44255,1.1939
0.23122,0.43588,1.2085
0.23207,0.4187,1.2138
0.2276,0.40229,1.2009
0.22574,0.38185,1.1916
0.22375,0.36389,1.1717
0.21977,0.34107,1.1514
0.21544,0.32413,1.1249
0.2086,0.29814,1.0981
0.20389,0.28094,1.0644
0.19947,0.26069,1.0481
0.19404,0.24087,1.0159
0.16331,0.19036,0.85362
0.10099,0.11239,0.53165
0.095528,0.098865,0.5008
0.092943,0.091255,0.49057
0.091388,0.08277,0.48087
0.09068,0.07696,0.4741
0.090007,0.069302,0.47043
0.089324,0.064259,0.4685
0.088787,0.057173,0.4654
0.087842,0.052215,0.46185
0,0,-1
0,0,-1
0,0,-1
0,0,-1
0,0,-1
0,0,-1
0,0,-1
0,0,-1
0,0,-1
0,0,-1
0,0,-1
0,0,-1
0,0,-1
0,0,-1
0,0,-1
0,0,-1
0,0,-1
0,0,-1
0,0,-1
0,0,-1
0,0,-1
0,0,-1
0,0,-1
0,0,-1
0,0,-1
0,0,-1
0,0,-1
0,0,-1
0,0,-1
0,0,-1
0,0,-1
0,0,-1
0,0,-1
0,0,-1
0,0,-1
0,0,-1
0,0,-1
0,0,-1
0,0,-1
0,0,-1
0,0,-1
0.21552,0.46493,1.2064
0.21649,0.45166,1.2211
0.21848,0.44045,1.23
0.21876,0.42264,1.2303
0.21836,0.40818,1.2199
0.21438,0.38746,1.2082
0.21094,0.3667,1.1802
0.20618,0.34234,1.1537
0.19928,0.31984,1.1095
0.19458,0.29651,1.089
0.19074,0.28151,1.0666
0.18714,0.26122,1.0395
0.18283,0.24127,1.018
0.15322,0.19075,0.85538
0.094774,0.11292,0.53408
0.089801,0.099971,0.50184
0.087196,0.091179,0.49232
0.085832,0.083009,0.48426
0.084865,0.077123,0.47672
0.084445,0.069662,0.47089
0.083817,0.064402,0.46937
0.083246,0.057321,0.46639
0.082913,0.052397,0.4642
0.082341,0.045099,0.4619
0,0,-1
0,0,-1
0,0,-1
0,0,-1
0,0,-1
0,0,-1
0,0,-1
0,0,-1
0,0,-1
0,0,-1
0,0,-1
0,0,-1
0,0,-1
0,0,-1
0,0,-1
0,0,-1
0,0,-1
0,0,-1
0,0,-1
0,0,-1
0,0,-1
0,0,-1
0,0,-1
0,0,-1
0,0,-1
0,0,-1
0,0,-1
0,0,-1
0,0,-1
0,0,-1
0,0,-1
0,0,-1
0,0,-1
0,0,-1
0,0,-1
0,0,-1
0,0,-1
0,0,-1
0,0,-1
0,0,-1
0.20498,0.4717,1.2332
0.20742,0.45863,1.2389
0.20808,0.44952,1.2422
0.2067,0.4297,1.245
0.20487,0.41198,1.2319
0.20078,0.38886,1.2125
0.19733,0.36871,1.1879
0.19251,0.34225,1.158
0.18553,0.31982,1.1115
0.18295,0.29929,1.0966
0.17809,0.27909,1.0708
0.17483,0.25893,1.0457
0.17139,0.24364,1.0278
0.14416,0.19617,0.87616
0.089672,0.11442,0.53948
0.08449,0.10034,0.50616
0.081417,0.091357,0.49425
0.080187,0.083172,0.48521
0.079757,0.077487,0.47898
0.07879,0.069982,0.47183
0.078562,0.064456,0.47031
0.077784,0.057547,0.46776
0.07742,0.052547,0.46649
0.077088,0.045749,0.46386
0,0,-1
0,0,-1
0,0,-1
0,0,-1
0,0,-1
0,0,-1
0,0,-1
0,0,-1
0,0,-1
0,0,-1
0,0,-1
0,0,-1
0,0,-1
0,0,-1
0,0,-1
0,0,-1
0,0,-1
0,0,-1
0,0,-1
0,0,-1
0,0,-1
0,0,-1
0,0,-1
0,0,-1
0,0,-1
0,0,-1
0,0,-1
0,0,-1
0,0,-1
0,0,-1
0,0,-1
0,0,-1
0,0,-1
0,0,-1
0,0,-1
0,0,-1
0,0,-1
0,0,-1
0,0,-1
0,0,-1
0.19321,0.47491,1.2458
0.19377,0.46448,1.2556
0.19417,0.45297,1.2597
0.19405,0.43536,1.2498
0.19169,0.41551,1.2361
0.18757,0.39098,1.2181
0.18333,0.36934,1.1868
0.1782,0.34251,1.1511
0.17133,0.31925,1.1134
0.17023,0.29975,1.0979
0.16589,0.27958,1.0727
0.16287,0.25939,1.0572
0.15852,0.24598,1.0379
0.14026,0.20358,0.91154
0.083978,0.1147,0.54501
0.079074,0.10092,0.51186
0.076704,0.091953,0.49772
0.074465,0.083402,0.4861
0.074066,0.07763,0.47986
0.073168,0.070112,0.47462
0.073065,0.064651,0.47253
0.072342,0.057783,0.46863
0.071901,0.052608,0.46693
0.071714,0.045836,0.46615
0,0,-1
0,0,-1
0,0,-1
0,0,-1
0,0,-1
0,0,-1
0,0,-1
0,0,-1
0,0,-1
0,0,-1
0,0,-1
0,0,-1
0,0,-1
0,0,-1
0,0,-1
0,0,-1
0,0,-1
0,0,-1
0,0,-1
0,0,-1
0,0,-1
0,0,-1
0,0,-1
0,0,-1
0,0,-1
0,0,-1
0,0,-1
0,0,-1
0,0,-1
0,0,-1
0,0,-1
0,0,-1
0,0,-1
0,0,-1
0,0,-1
0,0,-1
0,0,-1
0,0,-1
0,0,-1
0,0,-1
0.178,0.48154,1.2478
0.17966,0.4694,1.2687
0.17937,0.45642,1.2647
0.17921,0.43949,1.2586
0.17688,0.41625,1.2422
0.17308,0.3916,1.2166
0.16917,0.36992,1.1887
0.16195,0.34072,1.1432
0.15693,0.31738,1.0963
0.15277,0.29058,1.0717
0.15171,0.27843,1.0628
0.14818,0.25783,1.0493
0.14187,0.23838,1.0085
0.13133,0.2095,0.94339
0.077492,0.11489,0.54592
0.073735,0.10256,0.51965
0.070779,0.092779,0.50017
0.069591,0.083771,0.48779
0.068485,0.077762,0.48068
0.06782,0.070232,0.47686
0.067604,0.065084,0.47509
0.066818,0.05794,0.46949
0.066581,0.052865,0.46775
0.066296,0.045917,0.46554
0,0,-1
0,0,-1
0,0,-1
0,0,-1
0,0,-1
0,0,-1
0,0,-1
0,0,-1
0,0,-1
0,0,-1
0,0,-1
0,0,-1
0,0,-1
0,0,-1
0,0,-1
0,0,-1
0,0,-1
0,0,-1
0,0,-1
0,0,-1
0,0,-1
0,0,-1
0,0,-1
0,0,-1
0,0,-1
0,0,-1
0,0,-1
0,0,-1
0,0,-1
0,0,-1
0,0,-1
0,0,-1
0,0,-1
0,0,-1
0,0,-1
0,0,-1
0,0,-1
0,0,-1
0,0,-1
0.066229,-0.18388,0.46515
0.16636,0.48776,1.275
0.16703,0.47576,1.2814
0.16632,0.46398,1.2856
0.16703,0.44215,1.2903
0.16443,0.42883,1.2595
0.16259,0.40072,1.2492
0.15549,0.37307,1.1905
0.14833,0.34122,1.1449
0.14336,0.31657,1.1051
0.14138,0.29432,1.0878
0.13895,0.27884,1.0644
0.13645,0.25916,1.048
0.12994,0.23919,1.0125
0.12456,0.21233,0.95756
0.070974,0.11507,0.54677
0.067534,0.10272,0.52046
0.064826,0.092922,0.50177
0.06392,0.084041,0.48855
0.06287,0.07798,0.48445
0.062334,0.07077,0.47882
0.061973,0.065228,0.4759
0.061436,0.058053,0.47311
0.061102,0.053202,0.46849
0.060857,0.046049,0.46803
0,0,-1
0,0,-1
0,0,-1
0,0,-1
0,0,-1
0,0,-1
0,0,-1
0,0,-1
0,0,-1
0,0,-1
0,0,-1
0,0,-1
0,0,-1
0,0,-1
0,0,-1
0,0,-1
0,0,-1
0,0,-1
0,0,-1
0,0,-1
0,0,-1
0,0,-1
0,0,-1
0,0,-1
0,0,-1
0,0,-1
0,0,-1
0,0,-1
0,0,-1
0,0,-1
0,0,-1
0,0,-1
0,0,-1
0,0,-1
0,0,-1
0,0,-1
0,0,-1
0,0,-1
0,0,-1
0.061095,-0.18486,0.46608
0.16896,0.55041,1.4336
0.16947,0.53179,1.4349
0.16928,0.51528,1.4298
0.16672,0.49072,1.4091
0.16293,0.46378,1.3763
0.15562,0.42863,1.3275
0.14724,0.38738,1.2307
0.1383,0.34857,1.1777
0.13464,0.32224,1.1325
0.12929,0.30144,1.1106
0.12866,0.2842,1.092
0.12503,0.2624,1.0672
0.12296,0.24701,1.0456
0.11664,0.22203,0.99475
0.072404,0.13049,0.61411
0.061711,0.10337,0.52564
0.059271,0.093624,0.50453
0.058141,0.08436,0.49187
0.057072,0.078828,0.48656
0.056585,0.071032,0.48038
0.056257,0.065628,0.47798
0.055912,0.058303,0.47468
0.055539,0.053283,0.4703
0.055353,0.046193,0.46926
0,0,-1
0,0,-1
0,0,-1
0,0,-1
0,0,-1
0,0,-1
0,0,-1
0,0,-1
0,0,-1
0,0,-1
0,0,-1
0,0,-1
0,0,-1
0,0,-1
0,0,-1
0,0,-1
0,0,-1
0,0,-1
0,0,-1
0,0,-1
0,0,-1
0,0,-1
0,0,-1
0,0,-1
0,0,-1
0,0,-1
0,0,-1
0,0,-1
0,0,-1
0,0,-1
0,0,-1
0,0,-1
0,0,-1
0,0,-1
0,0,-1
0,0,-1
0,0,-1
0,0,-1
0,0,-1
0.055476,-0.18527,0.46879
0.15656,0.56934,1.4835
0.15727,0.54895,1.49
0.15653,0.52893,1.4688
0.15286,0.49968,1.4522
0.15056,0.47807,1.4151
0.14692,0.44638,1.3837
0.14015,0.41651,1.3331
0.13273,0.37143,1.2371
0.12453,0.33771,1.1824
0.12134,0.3076,1.138
0.11775,0.29169,1.1149
0.11613,0.26987,1.0971
0.11254,0.25229,1.071
0.11076,0.23306,1.0502
0.071392,0.14262,0.67522
0.057456,0.10734,0.54164
0.053226,0.093743,0.50518
0.052544,0.085226,0.49546
0.051447,0.079163,0.49047
0.051161,0.071214,0.48385
0.050635,0.065767,0.48138
0.050373,0.058626,0.47569
0.05008,0.053376,0.47494
0.049802,0.04635,0.47051
0,0,-1
0,0,-1
0,0,-1
0,0,-1
0,0,-1
0,0,-1
0,0,-1
0,0,-1
0,0,-1
0,0,-1
0,0,-1
0,0,-1
0,0,-1
0,0,-1
0,0,-1
0,0,-1
0,0,-1
0,0,-1
0,0,-1
0,0,-1
0,0,-1
0,0,-1
0,0,-1
0,0,-1
0,0,-1
0,0,-1
0,0,-1
0,0,-1
0,0,-1
0,0,-1
0,0,-1
0,0,-1
0,0,-1
0,0,-1
0,0,-1
0,0,-1
0,0,-1
0,0,-1
0,0,-1
0.050321,-0.18655,0.47366
0.1405,0.57852,1.5026
0.14063,0.5562,1.4971
0.14006,0.53591,1.4965
0.1393,0.5107,1.4769
0.13586,0.48673,1.4583
0.13396,0.45653,1.4217
0.12708,0.42162,1.3543
0.11883,0.37826,1.2773
0.11234,0.34267,1.1995
0.10961,0.32051,1.1723
0.10699,0.29694,1.1309
0.10468,0.27694,1.1128
0.10313,0.25859,1.0882
0.099936,0.23682,1.0557
0.076253,0.17307,0.82277
0.05285,0.11239,0.56976
0.04716,0.093848,0.50576
0.046766,0.085849,0.49638
0.045972,0.07968,0.49146
0.045408,0.071767,0.4875
0.044901,0.066349,0.48227
0.044667,0.058752,0.47999
0.044494,0.053614,0.47643
0.044289,0.046588,0.47526
0,0,-1
0,0,-1
0,0,-1
0,0,-1
0,0,-1
0,0,-1
0,0,-1
0,0,-1
0,0,-1
0,0,-1
0,0,-1
0,0,-1
0,0,-1
0,0,-1
0,0,-1
0,0,-1
0,0,-1
0,0,-1
0,0,-1
0,0,-1
0,0,-1
0,0,-1
0,0,-1
0,0,-1
0,0,-1
0,0,-1
0,0,-1
0,0,-1
0,0,-1
0,0,-1
0,0,-1
0,0,-1
0,0,-1
0,0,-1
0,0,-1
0,0,-1
0,0,-1
0,0,-1
0.044258,-0.17962,0.46936
0.044515,-0.18868,0.47568
0.12455,0.58255,1.5284
0.12376,0.5613,1.5207
0.1229,0.54293,1.5034
0.12254,0.51589,1.4985
0.12044,0.49194,1.4705
0.11747,0.46295,1.4421
0.11293,0.42832,1.3717
0.10669,0.38589,1.3144
0.099612,0.34743,1.2075
0.095728,0.3247,1.187
0.094473,0.30153,1.1527
0.093034,0.28127,1.1313
0.089905,0.26118,1.0991
0.087371,0.23804,1.0662
0.081122,0.20691,0.97409
0.049607,0.12115,0.61276
0.042582,0.097922,0.52236
0.040732,0.086084,0.49982
0.04017,0.079759,0.49416
0.03979,0.072001,0.49012
0.039282,0.06657,0.48644
0.039016,0.058882,0.48217
0.038892,0.053829,0.47964
0.038731,0.046929,0.47618
0.038572,0.04164,0.47512
0,0,-1
0,0,-1
0,0,-1
0,0,-1
0,0,-1
0,0,-1
0,0,-1
0,0,-1
0,0,-1
0,0,-1
0,0,-1
0,0,-1
0,0,-1
0,0,-1
0,0,-1
0,0,-1
0,0,-1
0,0,-1
0,0,-1
0,0,-1
0,0,-1
0,0,-1
0,0,-1
0,0,-1
0,0,-1
0,0,-1
0,0,-1
0,0,-1
0,0,-1
0,0,-1
0,0,-1
0,0,-1
0,0,-1
0,0,-1
0,0,-1
0,0,-1
0,0,-1
0.038686,-0.18061,0.47318
0.039502,-0.18963,0.47964
0.10691,0.5935,1.5432
0.10666,0.5683,1.5382
0.10592,0.54845,1.527
0.10496,0.52225,1.5113
0.10335,0.49962,1.4881
0.10126,0.47021,1.4651
0.096973,0.43616,1.3965
0.092631,0.39445,1.3422
0.087037,0.35532,1.2409
0.083768,0.32522,1.2009
0.080503,0.30756,1.1569
0.079255,0.28186,1.1368
0.077061,0.26144,1.1121
0.074796,0.24125,1.0727
0.072074,0.22021,1.0343
0.053236,0.14994,0.7625
0.036925,0.10002,0.53375
0.035489,0.087986,0.51111
0.034252,0.079831,0.49529
0.033996,0.07256,0.4923
0.03358,0.066963,0.48817
0.033354,0.059118,0.48311
0.033213,0.054045,0.48062
0.03304,0.047201,0.47857
0.032882,0.042065,0.47664
0.032701,0.034955,0.47477
0,0,-1
0,0,-1
0,0,-1
0,0,-1
0,0,-1
0,0,-1
0,0,-1
0,0,-1
0,0,-1
0,0,-1
0,0,-1
0,0,-1
0,0,-1
0,0,-1
0,0,-1
0,0,-1
0,0,-1
0,0,-1
0,0,-1
0,0,-1
0,0,-1
0,0,-1
0,0,-1
0,0,-1
0,0,-1
0,0,-1
0,0,-1
0,0,-1
0,0,-1
0,0,-1
0,0,-1
0,0,-1
0,0,-1
0,0,-1
0,0,-1
0,0,-1
0.033308,-0.18156,0.47794
0.033897,-0.19233,0.48436
0.08917,0.59917,1.5597
0.088902,0.57449,1.5515
0.088344,0.55459,1.5443
0.087814,0.52936,1.5297
0.085978,0.50251,1.5082
0.084384,0.47375,1.4745
0.081563,0.44084,1.4217
0.078167,0.40496,1.3635
0.072528,0.36198,1.2519
0.06925,0.32875,1.2091
0.067341,0.31025,1.1794
0.065616,0.28246,1.1518
0.063868,0.26317,1.1155
0.061874,0.24251,1.0775
0.060089,0.22517,1.0506
0.05548,0.1908,0.97678
0.031774,0.10443,0.55892
0.029872,0.090323,0.52422
0.028721,0.081733,0.50673
0.028191,0.072877,0.49303
0.027951,0.067368,0.48938
0.027709,0.05981,0.48532
0.027445,0.05425,0.48328
0.027366,0.047261,0.47941
0.027257,0.0422,0.47813
0.027159,0.035266,0.47683
0,0,-1
0,0,-1
0,0,-1
0,0,-1
0,0,-1
0,0,-1
0,0,-1
0,0,-1
0,0,-1
0,0,-1
0,0,-1
0,0,-1
0,0,-1
0,0,-1
0,0,-1
0,0,-1
0,0,-1
0,0,-1
0,0,-1
0,0,-1
0,0,-1
0,0,-1
0,0,-1
0,0,-1
0,0,-1
0,0,-1
0,0,-1
0,0,-1
0,0,-1
0,0,-1
0,0,-1
0,0,-1
0,0,-1
0,0,-1
0,0,-1
0.027236,-0.17658,0.47609
0.02783,-0.1833,0.48381
0.028365,-0.19619,0.49231
0.070956,0.60389,1.5773
0.070622,0.57917,1.5674
0.070316,0.55956,1.5568
0.069853,0.53184,1.5441
0.068421,0.50872,1.5211
0.067436,0.47714,1.491
0.065072,0.44769,1.4436
0.062657,0.41138,1.3853
0.058185,0.37305,1.2953
0.055612,0.33388,1.2334
0.053284,0.31215,1.1835
0.052498,0.28582,1.1528
0.050742,0.26462,1.1243
0.049375,0.24485,1.0891
0.047435,0.22529,1.0516
0.045527,0.20221,1.0125
0.029371,0.12198,0.64936
0.024207,0.093224,0.54201
0.023279,0.084601,0.51945
0.022484,0.073803,0.49808
0.02205,0.067408,0.4919
0.021999,0.060287,0.48966
0.021824,0.054691,0.4862
0.021651,0.047472,0.4836
0.021563,0.042397,0.48016
0.021447,0.035415,0.47843
0.021402,0.030344,0.47746
0,0,-1
0,0,-1
0,0,-1
0,0,-1
0,0,-1
0,0,-1
0,0,-1
0,0,-1
0,0,-1
0,0,-1
0,0,-1
0,0,-1
0,0,-1
0,0,-1
0,0,-1
0,0,-1
0,0,-1
0,0,-1
0,0,-1
0,0,-1
0,0,-1
0,0,-1
0,0,-1
0,0,-1
0,0,-1
0,0,-1
0,0,-1
0,0,-1
0,0,-1
0,0,-1
0,0,-1
0,0,-1
0,0,-1
0,0,-1
0.021737,-0.17763,0.47928
0.022122,-0.18629,0.48686
0.022802,-0.20018,0.50463
0.052136,0.60781,1.5828
0.051795,0.58215,1.5753
0.051606,0.56291,1.5675
0.051179,0.53648,1.5545
0.05034,0.51288,1.53
0.049466,0.48295,1.5048
0.048175,0.45286,1.4565
0.046545,0.42079,1.4155
0.043836,0.37859,1.3246
0.041263,0.33991,1.2419
0.039177,0.31264,1.1921
0.038556,0.28619,1.157
0.037096,0.2666,1.1248
0.036092,0.24495,1.0958
0.034946,0.22543,1.0633
0.03385,0.20264,1.0238
0.028549,0.16502,0.87413
0.019304,0.10156,0.58897
0.0174,0.086195,0.53034
0.016681,0.075459,0.51515
0.016379,0.068221,0.49891
0.016122,0.060498,0.49185
0.015992,0.055205,0.48834
0.01592,0.047852,0.48687
0.015815,0.042541,0.48342
0.015742,0.035465,0.48087
0.015659,0.030417,0.47812
0.015483,0.02344,0.47806
0,0,-1
0,0,-1
0,0,-1
0,0,-1
0,0,-1
0,0,-1
0,0,-1
0,0,-1
0,0,-1
0,0,-1
0,0,-1
0,0,-1
0,0,-1
0,0,-1
0,0,-1
0,0,-1
0,0,-1
0,0,-1
0,0,-1
0,0,-1
0,0,-1
0,0,-1
0,0,-1
0,0,-1
0,0,-1
0,0,-1
0,0,-1
0,0,-1
0,0,-1
0,0,-1
0,0,-1
0,0,-1
0.015895,-0.17111,0.47896
0.016083,-0.17977,0.48469
0.01653,-0.19074,0.49879
0.017887,-0.21286,0.54039
0.033325,0.61127,1.5916
0.033121,0.58705,1.5838
0.032854,0.56383,1.5748
0.032514,0.53941,1.562
0.032161,0.51473,1.5403
0.031564,0.48519,1.5146
0.030695,0.45726,1.4739
0.029868,0.42459,1.4327
0.028216,0.38973,1.3588
0.026717,0.35149,1.289
0.024967,0.31549,1.2043
0.02434,0.29034,1.1698
0.023455,0.26771,1.1319
0.022913,0.24502,1.0994
0.022102,0.22549,1.0637
0.021411,0.20502,1.0253
0.020506,0.18731,0.99689
0.01547,0.13069,0.75296
0.0115,0.090297,0.55593
0.010794,0.077589,0.52509
0.01043,0.069581,0.50631
0.010329,0.061256,0.4992
0.010145,0.055495,0.4926
0.01008,0.048024,0.48884
0.010029,0.042822,0.48749
0.0099479,0.03567,0.48393
0.0099004,0.030522,0.48102
0.0098608,0.023587,0.47858
0,0,-1
0,0,-1
0,0,-1
0,0,-1
0,0,-1
0,0,-1
0,0,-1
0,0,-1
0,0,-1
0,0,-1
0,0,-1
0,0,-1
0,0,-1
0,0,-1
0,0,-1
0,0,-1
0,0,-1
0,0,-1
0,0,-1
0,0,-1
0,0,-1
0,0,-1
0,0,-1
0,0,-1
0,0,-1
0,0,-1
0,0,-1
0,0,-1
0,0,-1
0,0,-1
0,0,-1
0.010051,-0.16594,0.47964
0.010147,-0.17231,0.48707
0.01038,-0.18358,0.49459
0.011033,-0.20084,0.52767
0.017506,-0.33243,0.83619
0.014034,0.61146,1.5921
0.013927,0.58765,1.5946
0.013827,0.56818,1.5846
0.013663,0.54135,1.5696
0.013464,0.52034,1.5504
0.013238,0.4906,1.5298
0.012905,0.46239,1.4873
0.012605,0.43153,1.4483
0.011997,0.39646,1.3965
0.011403,0.35965,1.3236
0.010593,0.32254,1.2239
0.010153,0.29281,1.1787
0.0097326,0.26969,1.1347
0.0095224,0.24679,1.1012
0.0091046,0.22638,1.065
0.0088517,0.20611,1.0355
0.0084967,0.18742,0.99869
0.008135,0.1633,0.95674
0.0053025,0.10053,0.62065
0.0046401,0.080676,0.5467
0.0044036,0.070802,0.51564
0.0042944,0.061733,0.50448
0.0042481,0.056182,0.49885
0.0041666,0.048499,0.49197
0.0041456,0.043114,0.48978
0.0040872,0.035754,0.48402
0.0040701,0.030483,0.48111
0.0040412,0.023589,0.47764
0,0,-1
0,0,-1
0,0,-1
0,0,-1
0,0,-1
0,0,-1
0,0,-1
0,0,-1
0,0,-1
0,0,-1
0,0,-1
0,0,-1
0,0,-1
0,0,-1
0,0,-1
0,0,-1
0,0,-1
0,0,-1
0,0,-1
0,0,-1
0,0,-1
0,0,-1
0,0,-1
0,0,-1
0,0,-1
0,0,-1
0,0,-1
0,0,-1
0,0,-1
0,0,-1
0.0042018,-0.15929,0.4814
0.0042494,-0.16775,0.48488
0.004353,-0.17708,0.4947
0.0045213,-0.19076,0.51294
0.0064534,-0.28013,0.73406
0.012418,-0.55459,1.3994
-0.0053393,0.61308,1.5976
-0.0053792,0.59017,1.5977
-0.0053975,0.57134,1.5905
-0.0053912,0.54453,1.5755
-0.0053544,0.52243,1.5628
-0.0053091,0.49305,1.5373
-0.0052089,0.46562,1.5106
-0.0051253,0.43488,1.4664
-0.0049899,0.40563,1.4233
-0.0048028,0.36945,1.3615
-0.00449,0.32956,1.2682
-0.0042169,0.29604,1.1947
-0.0040896,0.2717,1.1387
-0.0039832,0.24752,1.1027
-0.0038437,0.22713,1.064
-0.0037877,0.20682,1.0393
-0.003635,0.18939,1.0062
-0.0035254,0.16984,0.97241
-0.0028709,0.12901,0.78598
-0.0022068,0.08934,0.60857
-0.001969,0.073889,0.53948
-0.0018833,0.063494,0.51029
-0.0018523,0.056439,0.5041
-0.0018412,0.049066,0.49682
-0.0018099,0.043442,0.4934
-0.0018048,0.036008,0.48997
-0.0017849,0.030792,0.48438
-0.0017662,0.023589,0.47765
0,0,-1
0,0,-1
0,0,-1
0,0,-1
0,0,-1
0,0,-1
0,0,-1
0,0,-1
0,0,-1
0,0,-1
0,0,-1
0,0,-1
0,0,-1
0,0,-1
0,0,-1
0,0,-1
0,0,-1
0,0,-1
0,0,-1
0,0,-1
0,0,-1
0,0,-1
0,0,-1
0,0,-1
0,0,-1
0,0,-1
0,0,-1
0,0,-1
0,0,-1
-0.0016678,-0.15476,0.4829
-0.0016753,-0.16126,0.48614
-0.0016866,-0.17031,0.49322
-0.0017488,-0.18249,0.51524
-0.0019415,-0.21303,0.57621
-0.0046591,-0.52931,1.3857
-0.0049006,-0.58252,1.473
-0.024685,0.61314,1.5976
-0.024812,0.59066,1.599
-0.024791,0.57331,1.5938
-0.024666,0.54667,1.5883
-0.024448,0.52618,1.5688
-0.024044,0.49722,1.5469
-0.023752,0.47121,1.5255
-0.023255,0.44013,1.4858
-0.022543,0.41351,1.4518
-0.021947,0.38043,1.4011
-0.02057,0.34128,1.3051
-0.019311,0.30439,1.2314
-0.018032,0.27476,1.1458
-0.017567,0.24888,1.1025
-0.01689,0.22879,1.0672
-0.016553,0.20748,1.0399
-0.015871,0.18987,1.0067
-0.015475,0.16998,0.9809
-0.014944,0.15379,0.9486
-0.012038,0.11263,0.76012
-0.0091457,0.079798,0.57796
-0.0084822,0.066038,0.53809
-0.0081448,0.057641,0.51084
-0.0079928,0.049351,0.5035
-0.0079389,0.043904,0.50003
-0.0077988,0.03638,0.49368
-0.007767,0.031105,0.48951
-0.0077127,0.02397,0.48685
-0.0076306,0.018755,0.4839
0,0,-1
0,0,-1
0,0,-1
0,0,-1
0,0,-1
0,0,-1
0,0,-1
0,0,-1
0,0,-1
0,0,-1
0,0,-1
0,0,-1
0,0,-1
0,0,-1
0,0,-1
0,0,-1
0,0,-1
0,0,-1
0,0,-1
0,0,-1
0,0,-1
0,0,-1
0,0,-1
0,0,-1
0,0,-1
0,0,-1
0,0,-1
0,0,-1
-0.0076411,-0.15666,0.48848
-0.0076752,-0.16381,0.49301
-0.0079823,-0.17644,0.51026
-0.0089428,-0.20522,0.57278
-0.017219,-0.41285,1.1133
-0.022889,-0.56335,1.4698
-0.023175,-0.59303,1.4933
-0.043969,0.61349,1.5967
-0.044179,0.59109,1.5993
-0.044212,0.57547,1.6015
-0.044052,0.54768,1.5932
-0.043739,0.52872,1.5806
-0.043178,0.5013,1.5669
-0.042417,0.47434,1.5337
-0.041886,0.44447,1.5027
-0.040679,0.4191,1.4676
-0.039742,0.38762,1.4278
-0.037732,0.35386,1.3559
-0.035838,0.31563,1.2822
-0.032755,0.27617,1.1697
-0.031361,0.24966,1.1179
-0.030013,0.22901,1.0697
-0.029339,0.20929,1.0442
-0.028255,0.19112,1.0081
-0.027706,0.17179,0.99018
-0.026957,0.15565,0.96405
-0.026006,0.13764,0.92828
-0.01874,0.092583,0.66399
-0.015382,0.068218,0.55584
-0.015022,0.060444,0.5366
-0.014436,0.050292,0.51193
-0.014141,0.044191,0.50386
-0.014008,0.036811,0.49964
-0.013819,0.031289,0.49413
-0.013735,0.024205,0.49001
-0.013694,0.01894,0.49
-0.01364,0.011961,0.48801
0,0,-1
0,0,-1
0,0,-1
0,0,-1
0,0,-1
0,0,-1
0,0,-1
0,0,-1
0,0,-1
0,0,-1
0,0,-1
0,0,-1
0,0,-1
0,0,-1
0,0,-1
0,0,-1
0,0,-1
0,0,-1
0,0,-1
0,0,-1
0,0,-1
0,0,-1
0,0,-1
0,0,-1
0,0,-1
0,0,-1
-0.013651,-0.15092,0.49052
-0.013702,-0.15924,0.49674
-0.014161,-0.16879,0.51212
-0.015873,-0.19769,0.57047
-0.029836,-0.38629,1.079
-0.040805,-0.54599,1.4692
-0.041589,-0.57411,1.5001
-0.041948,-0.60005,1.5081
-0.063205,0.61235,1.5999
-0.063546,0.59142,1.5988
-0.063717,0.57563,1.6025
-0.063541,0.55128,1.5958
-0.063197,0.53153,1.5904
-0.062395,0.50426,1.5737
-0.061622,0.4808,1.5407
-0.060617,0.45021,1.5219
-0.059398,0.42483,1.4822
-0.058094,0.3929,1.4559
-0.055457,0.36281,1.3975
-0.053499,0.3304,1.3344
-0.049262,0.29307,1.229
-0.04611,0.25861,1.1467
-0.043712,0.23228,1.0805
-0.042429,0.21086,1.0584
-0.041456,0.19132,1.0208
-0.039805,0.17291,0.99613
-0.038711,0.15727,0.9656
-0.037861,0.13998,0.94277
-0.036062,0.12413,0.89609
-0.026713,0.081765,0.66405
-0.022087,0.06253,0.55629
-0.021338,0.052626,0.53444
-0.020718,0.045027,0.51443
-0.020321,0.037321,0.50847
-0.020218,0.031802,0.50328
-0.019958,0.024471,0.49652
-0.019916,0.019171,0.49643
-0.019804,0.012065,0.49339
-0.019685,0.0069127,0.49135
-0.019681,-8.0898e-05,0.48833
0,0,-1
0,0,-1
0,0,-1
0,0,-1
0,0,-1
0,0,-1
0,0,-1
0,0,-1
0,0,-1
0,0,-1
0,0,-1
0,0,-1
0,0,-1
0,0,-1
0,0,-1
0,0,-1
0,0,-1
0,0,-1
0,0,-1
0,0,-1
-0.019478,-0.12532,0.48486
-0.019401,-0.13184,0.48314
-0.019359,-0.13765,0.48651
-0.019763,-0.14646,0.4945
-0.019936,-0.15377,0.49958
-0.020424,-0.16492,0.51377
-0.022374,-0.18539,0.55664
-0.044259,-0.38729,1.1118
-0.058692,-0.52647,1.4734
-0.060109,-0.56094,1.5048
-0.060634,-0.58083,1.5151
-0.060809,-0.60172,1.5187
-0.082566,0.61104,1.591
-0.082878,0.59178,1.5984
-0.083061,0.57532,1.6023
-0.083172,0.55289,1.6038
-0.082703,0.5327,1.5934
-0.082186,0.50624,1.5837
-0.081117,0.48413,1.5642
-0.079943,0.45589,1.539
-0.078511,0.43244,1.5084
-0.076911,0.40233,1.476
-0.074479,0.37304,1.4348
-0.072142,0.34024,1.3771
-0.067726,0.307,1.3005
-0.063624,0.27189,1.2248
-0.058588,0.23636,1.1143
-0.055825,0.21193,1.0747
-0.054229,0.19598,1.0301
-0.052345,0.17498,1.0196
-0.05107,0.15959,0.98206
-0.050234,0.14167,0.94886
-0.048606,0.12734,0.93449
-0.046886,0.11082,0.89699
-0.035111,0.076131,0.66448
-0.02922,0.055073,0.56009
-0.028121,0.047298,0.5374
-0.02702,0.03818,0.52258
-0.026712,0.032317,0.51421
-0.026505,0.024827,0.50795
-0.026115,0.019448,0.50332
-0.026016,0.012158,0.49669
-0.025859,0.0070043,0.49608
-0.025859,-8.3416e-05,0.49521
-0.025792,-0.0051607,0.49052
-0.025686,-0.012154,0.48956
-0.025453,-0.017155,0.48741
0,0,-1
0,0,-1
0,0,-1
0,0,-1
0,0,-1
0,0,-1
0,0,-1
0,0,-1
0,0,-1
0,0,-1
0,0,-1
0,0,-1
0,0,-1
0,0,-1
0,0,-1
-0.02541,-0.11269,0.48816
-0.025494,-0.12133,0.49003
-0.025648,-0.12671,0.49156
-0.025838,-0.13447,0.49446
-0.025916,-0.14002,0.49857
-0.026235,-0.1496,0.50435
-0.026995,-0.15892,0.51744
-0.029999,-0.18474,0.57424
-0.056434,-0.36142,1.085
-0.077213,-0.51306,1.4796
-0.078711,-0.54066,1.5113
-0.079209,-0.56664,1.522
-0.07981,-0.5851,1.5264
-0.079875,-0.60879,1.532
-0.10158,0.61171,1.592
-0.10216,0.59077,1.5967
-0.1024,0.57421,1.6013
-0.10262,0.55318,1.604
-0.10254,0.53636,1.6035
-0.10179,0.50973,1.5896
-0.10079,0.48845,1.577
-0.099807,0.46185,1.5576
-0.097749,0.43696,1.5275
-0.096465,0.40774,1.5038
-0.093705,0.38079,1.4591
-0.090929,0.34878,1.4137
-0.086693,0.32028,1.3567
-0.083297,0.28694,1.2972
-0.076946,0.25302,1.2053
-0.071742,0.22078,1.1164
-0.067343,0.19616,1.0489
-0.064646,0.17672,1.0209
-0.063437,0.16042,0.98549
-0.061992,0.14374,0.96681
-0.060654,0.12965,0.93524
-0.059,0.11404,0.91603
-0.057884,0.10017,0.89547
-0.046645,0.071486,0.72083
-0.036134,0.049375,0.56461
-0.034694,0.039794,0.54087
-0.033854,0.033433,0.52576
-0.033615,0.025673,0.52282
-0.033372,0.020187,0.51895
-0.032687,0.012344,0.50468
-0.032337,0.0070779,0.50183
-0.032186,-8.6004e-05,0.49726
-0.032124,-0.0052201,0.49573
-0.031878,-0.012307,0.49509
-0.031744,-0.01737,0.49284
-0.031663,-0.024354,0.49232
-0.031662,-0.029513,0.49123
-0.031615,-0.03644,0.49076
0,0,-1
0,0,-1
0,0,-1
0,0,-1
0,0,-1
0,0,-1
0,0,-1
0,0,-1
0,0,-1
-0.031525,-0.097045,0.4902
-0.031585,-0.10212,0.49165
-0.031553,-0.10959,0.49021
-0.031553,-0.11466,0.49248
-0.031761,-0.12274,0.49281
-0.031995,-0.12827,0.49788
-0.032322,-0.13696,0.50266
-0.032933,-0.1433,0.5119
-0.033809,-0.15479,0.52614
-0.040364,-0.19366,0.63167
-0.071709,-0.36182,1.1188
-0.096238,-0.49677,1.492
-0.097477,-0.52697,1.5156
-0.098139,-0.54747,1.5279
-0.098766,-0.57231,1.5331
-0.099288,-0.5901,1.5411
-0.099226,-0.61237,1.5421
-0.12037,0.60935,1.5866
-0.12126,0.58946,1.5954
-0.12153,0.57374,1.5978
-0.12205,0.55302,1.6029
-0.12196,0.53637,1.6064
-0.12158,0.51187,1.5967
-0.12056,0.49082,1.5835
-0.11954,0.46494,1.5664
-0.11831,0.44164,1.5549
-0.11649,0.41402,1.5248
-0.11337,0.38875,1.4948
-0.11158,0.35956,1.456
-0.1071,0.3319,1.4071
-0.10332,0.30155,1.3535
-0.098417,0.27018,1.2849
-0.091165,0.23598,1.1999
-0.085047,0.20882,1.1133
-0.080071,0.17945,1.0488
-0.076749,0.16214,1.0007
-0.074664,0.14367,0.97544
-0.072605,0.13212,0.93894
-0.071442,0.11477,0.9234
-0.070074,0.10419,0.91172
-0.068598,0.087289,0.88299
-0.058375,0.067652,0.76644
-0.045622,0.044008,0.59484
-0.041686,0.034496,0.54511
-0.041081,0.026272,0.53265
-0.040521,0.020503,0.52853
-0.040337,0.012908,0.5272
-0.039,0.0071823,0.51339
-0.038657,-8.8881e-05,0.50449
-0.038603,-0.005303,0.50415
-0.038389,-0.012481,0.50219
-0.038287,-0.01756,0.49935
-0.038094,-0.024616,0.49769
-0.037895,-0.029671,0.49566
-0.037844,-0.0366,0.49518
-0.037761,-0.041622,0.49483
-0.037712,-0.048608,0.49492
-0.037723,-0.053875,0.49477
-0.03766,-0.060897,0.49396
-0.037703,-0.065987,0.49414
-0.037627,-0.073071,0.49316
-0.037666,-0.078137,0.49374
-0.03768,-0.085474,0.4926
-0.037858,-0.090502,0.4944
-0.038041,-0.097877,0.49766
-0.038011,-0.10296,0.49702
-0.038092,-0.11104,0.49927
-0.038282,-0.11652,0.50417
-0.038781,-0.12445,0.50502
-0.039118,-0.1325,0.51327
-0.039423,-0.14036,0.51408
-0.042613,-0.15799,0.55665
-0.053344,-0.20835,0.70075
-0.10783,-0.43511,1.4148
-0.11476,-0.48268,1.4963
-0.11662,-0.50806,1.5239
-0.11711,-0.53343,1.5332
-0.11795,-0.55184,1.5391
-0.11844,-0.57551,1.5453
-0.1186,-0.59252,1.5516
-0.11913,-0.61609,1.5538
-0.13934,0.60613,1.581
-0.1401,0.58775,1.5893
-0.14067,0.57321,1.5956
-0.14127,0.55265,1.6016
-0.14131,0.53743,1.6064
-0.14139,0.51245,1.6009
-0.14028,0.4928,1.5937
-0.13943,0.46698,1.583
-0.13855,0.44748,1.565
-0.13687,0.41927,1.548
-0.13394,0.39632,1.5206
-0.13125,0.36739,1.4894
-0.12831,0.34287,1.4501
-0.12436,0.3124,1.4082
-0.11989,0.28603,1.3551
-0.11375,0.25237,1.2857
-0.10634,0.22417,1.2089
-0.098712,0.19312,1.115
-0.092855,0.16879,1.0496
-0.087779,0.1468,0.99116
-0.085279,0.13359,0.95417
-0.083645,0.11669,0.939
-0.082646,0.10513,0.92563
-0.080876,0.090151,0.90291
-0.075908,0.07582,0.85065
-0.070591,0.058678,0.79585
-0.059759,0.042796,0.67975
-0.04973,0.027815,0.56441
-0.047756,0.020827,0.53771
-0.047012,0.012965,0.52872
-0.046746,0.0074416,0.52835
-0.046239,-9.3453e-05,0.51569
-0.045549,-0.0054095,0.51296
-0.045514,-0.012678,0.50941
-0.045093,-0.017796,0.50877
-0.044724,-0.024963,0.50735
-0.044434,-0.030132,0.50112
-0.044366,-0.037248,0.49957
-0.044293,-0.042418,0.49916
-0.044236,-0.049139,0.49852
-0.044211,-0.054235,0.49893
-0.044376,-0.061646,0.49868
-0.044331,-0.066882,0.49785
-0.044242,-0.073728,0.49952
-0.044265,-0.079149,0.50119
-0.044398,-0.086919,0.50035
-0.044366,-0.092537,0.50272
-0.044656,-0.099677,0.50646
-0.045193,-0.1052,0.50818
-0.04524,-0.11348,0.5098
-0.045486,-0.1197,0.51503
-0.046359,-0.12946,0.52423
-0.047963,-0.13873,0.5416
-0.053133,-0.16296,0.60247
-0.098419,-0.31555,1.114
-0.1306,-0.43791,1.4717
-0.13448,-0.46675,1.518
-0.13562,-0.49336,1.5285
-0.13661,-0.51304,1.5372
-0.13701,-0.53698,1.5444
-0.1374,-0.55451,1.5508
-0.13795,-0.57858,1.5555
-0.13811,-0.59604,1.56
-0.13846,-0.62009,1.5597
-0.15838,0.60431,1.5724
-0.15911,0.58544,1.5866
-0.15949,0.57137,1.593
-0.16048,0.55187,1.6
-0.16058,0.53677,1.6046
-0.16076,0.51261,1.6001
-0.1603,0.49451,1.5941
-0.15958,0.46996,1.5901
-0.15858,0.45035,1.5769
-0.15718,0.42416,1.5682
-0.15486,0.40311,1.5438
-0.15264,0.3746,1.5222
-0.14945,0.35239,1.4892
-0.14621,0.32274,1.4531
-0.14156,0.29818,1.4116
-0.13683,0.26713,1.3591
-0.13005,0.24139,1.2883
-0.12348,0.21165,1.2214
-0.11393,0.18423,1.1283
-0.10664,0.15734,1.0608
-0.099839,0.13655,0.99148
-0.097035,0.11977,0.95484
-0.095111,0.10688,0.94136
-0.093567,0.091944,0.92781
-0.089657,0.079133,0.88826
-0.086307,0.062841,0.84513
-0.085572,0.053171,0.83823
-0.085649,0.04122,0.83941
-0.068024,0.026273,0.67475
-0.057414,0.013984,0.57067
-0.053841,0.0075098,0.5324
-0.053787,-9.7979e-05,0.53229
-0.05265,-0.0055052,0.52362
-0.05263,-0.01294,0.52196
-0.052168,-0.018123,0.51616
-0.051901,-0.025368,0.51347
-0.05173,-0.030613,0.51319
-0.051273,-0.037896,0.50993
-0.051232,-0.042943,0.51009
-0.051166,-0.050141,0.50689
-0.051198,-0.055341,0.50889
-0.051114,-0.062892,0.50811
-0.051376,-0.068405,0.50757
-0.05147,-0.075483,0.50977
-0.051474,-0.08087,0.5129
-0.051394,-0.088341,0.51191
-0.051944,-0.094976,0.51218
-0.052145,-0.10279,0.51726
-0.053094,-0.10974,0.52482
-0.054057,-0.11898,0.5348
-0.056084,-0.13005,0.55815
-0.061707,-0.15129,0.61611
-0.099064,-0.25489,0.98619
-0.14011,-0.37816,1.3893
-0.15262,-0.42951,1.515
-0.15407,-0.45462,1.5252
-0.15503,-0.47284,1.5379
-0.15568,-0.49862,1.5417
-0.15628,-0.51619,1.5495
-0.15663,-0.5395,1.5542
-0.15744,-0.5574,1.559
-0.15748,-0.58093,1.5633
-0.15812,-0.59984,1.5658
-0.158,-0.62237,1.561
-0.17616,0.60082,1.5662
-0.17725,0.58388,1.5781
-0.17848,0.57043,1.5898
-0.17939,0.55096,1.5982
-0.17983,0.53538,1.6018
-0.18012,0.51253,1.5999
-0.17958,0.49512,1.5985
-0.17895,0.47117,1.5954
-0.17864,0.45231,1.5828
-0.1773,0.42747,1.5783
-0.17515,0.40611,1.5578
-0.1738,0.38044,1.5415
-0.17125,0.35925,1.5218
-0.16831,0.33239,1.492
-0.16422,0.30824,1.4579
-0.16013,0.28022,1.4172
-0.15421,0.25531,1.3663
-0.14842,0.22739,1.3129
-0.14078,0.20171,1.25
-0.13245,0.17493,1.1769
-0.1233,0.15027,1.0865
-0.11638,0.12856,1.03
-0.11228,0.11127,0.99334
-0.10958,0.096956,0.97869
-0.10407,0.082242,0.92752
-0.10045,0.066275,0.88815
-0.099555,0.055874,0.87929
-0.099644,0.043314,0.87999
-0.098492,0.033702,0.85956
-0.09588,0.02066,0.85429
-0.080088,0.010084,0.71185
-0.069719,-0.00011866,0.61772
-0.063398,-0.0059418,0.56338
-0.062363,-0.013507,0.5463
-0.059838,-0.018662,0.53374
-0.059239,-0.026125,0.52721
-0.059051,-0.031263,0.52354
-0.058823,-0.038642,0.5228
-0.058441,-0.043713,0.51858
-0.058366,-0.05104,0.51768
-0.058339,-0.056334,0.51737
-0.059386,-0.064412,0.52201
-0.059628,-0.070146,0.52436
-0.05976,-0.078089,0.52802
-0.060385,-0.084267,0.52756
-0.060769,-0.092995,0.53892
-0.061582,-0.099778,0.54189
-0.062568,-0.11066,0.55698
-0.069428,-0.12833,0.61667
-0.082615,-0.16375,0.73516
-0.13463,-0.27806,1.196
-0.16174,-0.35476,1.4329
-0.1715,-0.39116,1.5168
-0.17242,-0.41669,1.5273
-0.17371,-0.43569,1.5378
-0.17445,-0.45839,1.5442
-0.17499,-0.47773,1.5494
-0.17548,-0.5007,1.5528
-0.17622,-0.51874,1.5592
-0.17687,-0.54225,1.5609
-0.17681,-0.56024,1.5665
-0.17758,-0.58385,1.5693
-0.17777,-0.60114,1.5752
-0.17771,-0.62362,1.5695
-0.19347,0.59843,1.5537
-0.19585,0.58043,1.5716
-0.19699,0.56808,1.5829
-0.19829,0.54947,1.5948
-0.19881,0.53355,1.5978
-0.19925,0.51184,1.5995
-0.19909,0.49518,1.6007
-0.1988,0.47135,1.599
-0.19814,0.45398,1.5907
-0.19741,0.42916,1.5832
-0.19558,0.41001,1.5765
-0.19436,0.3844,1.5576
-0.19212,0.3642,1.5409
-0.18995,0.33826,1.5265
-0.18695,0.31726,1.4976
-0.18373,0.28989,1.4773
-0.17942,0.2683,1.4327
-0.17472,0.24094,1.3949
-0.1678,0.21771,1.3423
-0.16136,0.19073,1.2981
-0.15449,0.16995,1.2367
-0.149,0.14618,1.1869
-0.14187,0.1285,1.1343
-0.13639,0.1076,1.09
-0.12488,0.08824,0.99473
-0.11941,0.070624,0.94402
-0.11696,0.059901,0.93241
-0.11707,0.046434,0.93315
-0.11713,0.03638,0.93119
-0.1167,0.022954,0.92987
-0.11673,0.013195,0.93005
-0.11642,-0.00018497,0.92954
-0.11098,-0.0094143,0.89048
-0.10081,-0.02019,0.8012
-0.085339,-0.023932,0.67701
-0.079711,-0.031772,0.63735
-0.074545,-0.035788,0.59442
-0.072986,-0.043432,0.58469
-0.071891,-0.049005,0.57663
-0.071801,-0.057229,0.57528
-0.072046,-0.063188,0.57467
-0.072281,-0.071496,0.57839
-0.073282,-0.078687,0.58621
-0.075203,-0.089352,0.60332
-0.081977,-0.10431,0.65911
-0.089705,-0.12456,0.71928
-0.10948,-0.16096,0.87688
-0.13432,-0.21313,1.0767
-0.17649,-0.2944,1.4091
-0.18948,-0.33817,1.5161
-0.19282,-0.35905,1.5379
-0.19224,-0.38204,1.5439
-0.19271,-0.39785,1.5406
-0.1932,-0.42061,1.5419
-0.19389,-0.43833,1.5481
-0.19469,-0.4623,1.5529
-0.19495,-0.47952,1.5571
-0.19555,-0.50375,1.5646
-0.19649,-0.52069,1.5646
-0.19596,-0.54461,1.5663
-0.19725,-0.56097,1.5729
-0.19712,-0.58538,1.5786
-0.19759,-0.60309,1.5751
-0.19785,-0.6263,1.5761
-0.21175,0.59561,1.5495
-0.21303,0.57804,1.5624
-0.2156,0.56555,1.5793
-0.21693,0.54716,1.5907
-0.21735,0.53165,1.5935
-0.2181,0.51069,1.5975
-0.2183,0.49444,1.5986
-0.21866,0.47234,1.5981
-0.21737,0.45526,1.594
-0.21717,0.43034,1.5876
-0.21634,0.41246,1.5803
-0.2149,0.38669,1.5666
-0.21273,0.36755,1.5577
-0.21114,0.34209,1.5434
-0.20904,0.32273,1.5318
-0.20646,0.29757,1.5055
-0.20299,0.27576,1.4798
-0.19896,0.25034,1.4551
-0.19366,0.22967,1.42
-0.18997,0.20498,1.3881
-0.18604,0.18635,1.3569
-0.18315,0.16485,1.3371
-0.17877,0.14704,1.3039
-0.17388,0.12541,1.265
-0.16201,0.1039,1.182
-0.15649,0.084208,1.1371
-0.15536,0.071855,1.1329
-0.1555,0.055698,1.1338
-0.15437,0.043552,1.1254
-0.15445,0.027495,1.1259
-0.15563,0.016146,1.1324
-0.15828,-0.00023823,1.1533
-0.16235,-0.012556,1.1792
-0.16685,-0.030243,1.2081
-0.17186,-0.044044,1.2576
-0.17506,-0.063266,1.2696
-0.17497,-0.076459,1.2689
-0.1747,-0.094379,1.2655
-0.17322,-0.10701,1.2578
-0.1699,-0.12212,1.2304
-0.16973,-0.13478,1.2291
-0.17148,-0.15457,1.2496
-0.18235,-0.17847,1.3275
-0.19125,-0.20657,1.3903
-0.20335,-0.23568,1.4849
-0.20815,-0.26192,1.5101
-0.21147,-0.28207,1.535
-0.21243,-0.30625,1.5438
-0.21317,-0.32408,1.5533
-0.21385,-0.34632,1.5553
-0.21361,-0.36259,1.5549
-0.21292,-0.38541,1.5537
-0.213,-0.40145,1.5515
-0.21329,-0.42328,1.552
-0.21412,-0.44089,1.5581
-0.21464,-0.46392,1.5647
-0.21513,-0.4825,1.5653
-0.21609,-0.50517,1.5663
-0.21565,-0.52383,1.5709
-0.21671,-0.54553,1.5731
-0.21679,-0.56414,1.573
-0.21731,-0.58611,1.5779
-0.2171,-0.60433,1.5792
-0.21672,-0.62804,1.5747
-0.22885,0.58962,1.5379
-0.23129,0.57521,1.557
-0.23337,0.56374,1.5678
-0.23542,0.54474,1.5838
-0.23594,0.52993,1.5883
-0.2367,0.50927,1.5943
-0.23706,0.49343,1.5962
-0.23764,0.4702,1.5943
-0.23661,0.45452,1.5916
-0.23695,0.43043,1.5902
-0.23605,0.41333,1.5863
-0.23498,0.38796,1.5792
-0.23316,0.36997,1.5675
-0.23192,0.3454,1.5599
-0.23035,0.32626,1.5453
-0.22782,0.30233,1.5343
-0.22518,0.28214,1.5116
-0.22259,0.25689,1.4875
-0.21925,0.23857,1.4689
-0.21651,0.21466,1.4536
-0.21503,0.19821,1.4423
-0.21236,0.17558,1.424
-0.20845,0.15753,1.3948
-0.20599,0.13658,1.381
-0.19914,0.11719,1.3269
-0.19903,0.098282,1.3284
-0.1986,0.08457,1.33
-0.19877,0.065552,1.331
-0.19885,0.051491,1.3289
-0.19896,0.032503,1.3295
-0.20027,0.018884,1.332
-0.2005,-0.00028674,1.3413
-0.202,-0.014332,1.3569
-0.20415,-0.034156,1.3698
-0.20774,-0.049072,1.3929
-0.21033,-0.069923,1.4097
-0.21465,-0.085993,1.4332
-0.21726,-0.1079,1.4506
-0.22131,-0.12503,1.4783
-0.22328,-0.14812,1.4968
-0.22669,-0.1655,1.5124
-0.22736,-0.18838,1.5247
-0.22992,-0.20694,1.541
-0.22994,-0.22953,1.5459
-0.23175,-0.24684,1.5525
-0.23283,-0.2697,1.5599
-0.2333,-0.28678,1.5645
-0.2339,-0.31022,1.5627
-0.23402,-0.32747,1.5692
-0.23416,-0.34903,1.5647
-0.23404,-0.36476,1.5648
-0.23333,-0.38642,1.5598
-0.23283,-0.40237,1.5576
-0.23319,-0.42501,1.5613
-0.23368,-0.44243,1.5681
-0.23447,-0.4668,1.5679
-0.23495,-0.48379,1.5699
-0.23511,-0.50791,1.5729
-0.23573,-0.52432,1.5745
-0.23617,-0.5477,1.5756
-0.23672,-0.56431,1.5786
-0.23641,-0.58715,1.5789
-0.23673,-0.60595,1.5788
-0.23617,-0.62859,1.5836
-0.24575,0.58543,1.527
-0.24827,0.57073,1.5448
-0.25001,0.5593,1.5598
-0.25324,0.5428,1.5772
-0.25406,0.52807,1.582
-0.25536,0.50781,1.5906
-0.25586,0.49254,1.5901
-0.25594,0.47022,1.5896
-0.25573,0.45387,1.5889
-0.25577,0.42985,1.5894
-0.25523,0.41368,1.5902
-0.25407,0.38945,1.581
-0.25305,0.37169,1.5741
-0.25248,0.34762,1.5669
-0.25087,0.32923,1.5579
-0.24935,0.30479,1.5472
-0.24689,0.28678,1.5357
-0.24455,0.26168,1.5195
-0.2432,0.24524,1.5126
-0.24216,0.22242,1.5045
-0.24028,0.20486,1.4925
-0.23859,0.18212,1.4785
-0.23589,0.16493,1.4618
-0.23447,0.14346,1.456
-0.22733,0.12458,1.4106
-0.22761,0.10447,1.4122
-0.23006,0.090092,1.4245
-0.23085,0.070209,1.4312
-0.23096,0.055413,1.4318
-0.23108,0.034973,1.4327
-0.23127,0.020193,1.4355
-0.23255,-0.00032144,1.4423
-0.23393,-0.015366,1.4506
-0.23568,-0.036317,1.4582
-0.23772,-0.052043,1.4717
-0.23989,-0.073717,1.4859
-0.24299,-0.090167,1.5022
-0.24469,-0.11282,1.515
-0.24732,-0.12951,1.5293
-0.24821,-0.15241,1.5341
-0.24991,-0.16892,1.5453
-0.25125,-0.19224,1.5512
-0.25256,-0.2097,1.5618
-0.25231,-0.23266,1.5631
-0.25334,-0.24951,1.571
-0.2538,-0.27244,1.568
-0.2544,-0.2883,1.5755
-0.25394,-0.3118,1.5718
-0.25469,-0.32844,1.5741
-0.2544,-0.35027,1.573
-0.25424,-0.36627,1.5714
-0.25342,-0.38761,1.5678
-0.2531,-0.40419,1.566
-0.25295,-0.42627,1.5696
-0.25395,-0.44511,1.5705
-0.25464,-0.46863,1.5712
-0.25482,-0.48635,1.5766
-0.25526,-0.50839,1.5766
-0.25579,-0.5257,1.5804
-0.25519,-0.54847,1.5773
-0.25623,-0.56538,1.581
-0.25565,-0.58748,1.5774
-0.25622,-0.607,1.5812
-0.25594,-0.62796,1.5784
-0.26167,0.58094,1.5132
-0.26508,0.56525,1.5314
-0.26714,0.55604,1.5512
-0.27007,0.53957,1.568
-0.2723,0.52621,1.5737
-0.27378,0.50656,1.5843
-0.27424,0.49092,1.5847
-0.27468,0.46934,1.5853
-0.27491,0.45332,1.5889
-0.27488,0.42919,1.587
-0.27408,0.41321,1.59
-0.2742,0.38897,1.5806
-0.27231,0.37178,1.5767
-0.27166,0.34827,1.5685
-0.27088,0.33086,1.5659
-0.26971,0.30713,1.5591
-0.26804,0.28908,1.5482
-0.26662,0.26523,1.5397
-0.26683,0.24896,1.5382
-0.26589,0.22659,1.5348
-0.2634,0.20915,1.5236
-0.26283,0.18618,1.5138
-0.26151,0.17045,1.511
-0.26039,0.14833,1.5035
-0.25386,0.12912,1.4656
-0.25416,0.10828,1.4672
-0.25436,0.093143,1.4682
-0.25922,0.073415,1.4918
-0.25935,0.057955,1.4925
-0.25949,0.036572,1.4934
-0.26019,0.021071,1.4962
-0.26119,-0.00034832,1.5041
-0.26181,-0.016014,1.5094
-0.26258,-0.037764,1.5168
-0.26492,-0.053799,1.5265
-0.26615,-0.075985,1.5342
-0.26811,-0.092724,1.5458
-0.2696,-0.11547,1.5527
-0.27,-0.13204,1.5566
-0.27135,-0.1546,1.5627
-0.27201,-0.17125,1.5641
-0.27261,-0.19408,1.5682
-0.2734,-0.21093,1.5733
-0.27328,-0.2339,1.5736
-0.27428,-0.25078,1.5772
-0.27369,-0.27316,1.5773
-0.27468,-0.28955,1.5783
-0.27405,-0.31259,1.5781
-0.2743,-0.32915,1.5768
-0.27355,-0.35136,1.579
-0.27394,-0.36847,1.5755
-0.27308,-0.38993,1.5736
-0.27317,-0.40535,1.5722
-0.27295,-0.42817,1.5711
-0.27376,-0.44652,1.5741
-0.27426,-0.4688,1.5782
-0.27493,-0.48639,1.5802
-0.2744,-0.509,1.5823
-0.27495,-0.52656,1.5813
-0.27488,-0.54837,1.582
-0.2752,-0.56557,1.5818
-0.27591,-0.58917,1.5829
-0.2754,-0.60596,1.5788
-0.27407,-0.62681,1.5804
-0.27771,0.57501,1.4982
-0.2808,0.56084,1.5174
-0.28405,0.55024,1.5351
-0.28778,0.53524,1.555
-0.28886,0.52254,1.563
-0.29091,0.50368,1.5769
-0.29213,0.48914,1.5777
-0.29294,0.46758,1.5823
-0.29343,0.45161,1.5841
-0.29364,0.42948,1.5842
-0.29369,0.41282,1.5874
-0.29307,0.3896,1.5814
-0.29273,0.37201,1.5786
-0.29115,0.34851,1.5702
-0.29002,0.33107,1.5679
-0.28948,0.30807,1.563
-0.28831,0.29089,1.5583
-0.28691,0.26744,1.5504
-0.28646,0.25072,1.5468
-0.28578,0.22808,1.5413
-0.28479,0.21102,1.5366
-0.28416,0.18933,1.5364
-0.28439,0.173,1.536
-0.28297,0.15033,1.5261
-0.27828,0.13255,1.5018
-0.27639,0.10992,1.4865
-0.2766,0.094552,1.4875
-0.28472,0.075316,1.5313
-0.28493,0.059517,1.5366
-0.28576,0.037558,1.5388
-0.28632,0.021704,1.5416
-0.28665,-0.00037413,1.5437
-0.28729,-0.016409,1.5475
-0.2875,-0.038762,1.5503
-0.28952,-0.054919,1.5596
-0.28964,-0.07738,1.5592
-0.29044,-0.09408,1.5627
-0.29109,-0.11655,1.5676
-0.2914,-0.13335,1.5681
-0.29155,-0.15592,1.5727
-0.29283,-0.17274,1.5788
-0.29353,-0.19511,1.581
-0.29376,-0.21188,1.5805
-0.29334,-0.23501,1.58
-0.29418,-0.25141,1.5795
-0.29395,-0.27413,1.5817
-0.29401,-0.29069,1.5807
-0.29364,-0.3134,1.5834
-0.29397,-0.32954,1.5817
-0.29336,-0.35221,1.578
-0.29409,-0.36838,1.5783
-0.29339,-0.39018,1.5772
-0.29285,-0.40617,1.5734
-0.29318,-0.43035,1.5752
-0.29364,-0.4469,1.5796
-0.29442,-0.47026,1.5815
-0.2941,-0.48613,1.5807
-0.29435,-0.50915,1.583
-0.29438,-0.52672,1.5848
-0.29448,-0.54891,1.5838
-0.29534,-0.56712,1.5832
-0.29468,-0.58913,1.581
-0.29413,-0.6056,1.5764
-0.2944,-0.62696,1.5685
-0.29212,0.5674,1.4842
-0.29669,0.55504,1.5021
-0.30039,0.54473,1.529
-0.3041,0.53176,1.5472
-0.30568,0.51864,1.5536
-0.30842,0.50032,1.565
-0.30975,0.48592,1.5695
-0.31127,0.46573,1.5772
-0.31184,0.4499,1.5776
-0.31218,0.42817,1.5816
-0.31246,0.41193,1.5842
-0.31125,0.38874,1.5817
-0.3115,0.3732,1.5799
-0.31076,0.3493,1.5715
-0.30961,0.33205,1.5688
-0.30935,0.30855,1.5642
-0.30832,0.29103,1.5606
-0.30748,0.26842,1.5559
-0.30641,0.25151,1.5543
-0.30525,0.229,1.5482
-0.30538,0.21221,1.5462
-0.30516,0.19029,1.5489
-0.30524,0.17445,1.547
-0.30306,0.15145,1.537
-0.30107,0.13432,1.5242
-0.30143,0.11263,1.5257
-0.30245,0.096944,1.5268
-0.30731,0.076237,1.5537
-0.30835,0.060341,1.5588
-0.30861,0.038106,1.5622
-0.30918,0.021955,1.5631
-0.30923,-0.00039473,1.5644
-0.30971,-0.016633,1.5642
-0.30982,-0.039104,1.568
-0.3107,-0.055594,1.5688
-0.31093,-0.078103,1.571
-0.31078,-0.094465,1.5744
-0.31184,-0.11701,1.5729
-0.31163,-0.13334,1.5761
-0.31248,-0.15619,1.5815
-0.31316,-0.17353,1.5841
-0.31325,-0.19617,1.5831
-0.31352,-0.21254,1.5828
-0.31326,-0.23512,1.5838
-0.31344,-0.25163,1.587
-0.31445,-0.27457,1.5856
-0.31422,-0.29117,1.584
-0.3138,-0.31384,1.5822
-0.31356,-0.33001,1.5818
-0.31356,-0.35226,1.5823
-0.31325,-0.36897,1.5804
-0.31326,-0.39155,1.5771
-0.31276,-0.40751,1.5774
-0.31257,-0.43066,1.5804
-0.313,-0.44791,1.5839
-0.31355,-0.46953,1.5802
-0.31337,-0.48675,1.582
-0.31372,-0.5108,1.5843
-0.31408,-0.52725,1.5824
-0.31465,-0.54998,1.5837
-0.31408,-0.56615,1.5822
-0.31332,-0.58811,1.5781
-0.31407,-0.60469,1.5743
-0.31292,-0.62425,1.569
-0.30553,0.56105,1.4657
-0.31086,0.54762,1.4878
-0.31535,0.5401,1.5024
-0.32068,0.52615,1.5323
-0.32202,0.5145,1.5401
-0.3255,0.49702,1.5549
-0.32646,0.48413,1.5635
-0.32878,0.46391,1.5716
-0.32937,0.44856,1.574
-0.33056,0.42772,1.5775
-0.33034,0.41161,1.5793
-0.3302,0.38877,1.5785
-0.32985,0.37233,1.5784
-0.32979,0.34945,1.5766
-0.32954,0.33219,1.5712
-0.32856,0.30855,1.5695
-0.32759,0.29188,1.5617
-0.32747,0.26917,1.5608
-0.32614,0.25234,1.5548
-0.32544,0.22971,1.554
-0.32562,0.21348,1.5519
-0.32591,0.19128,1.5544
-0.32565,0.17498,1.555
-0.32368,0.15216,1.5493
-0.32119,0.13455,1.5338
-0.32157,0.11282,1.5354
-0.32509,0.098121,1.5488
-0.32723,0.076562,1.5594
-0.32739,0.060467,1.5619
-0.32798,0.038216,1.5664
-0.32885,0.021999,1.5673
-0.32895,-0.00041477,1.5689
-0.32996,-0.016697,1.5709
-0.33052,-0.039305,1.5724
-0.33044,-0.055648,1.5744
-0.33069,-0.078269,1.5764
-0.33106,-0.094674,1.5763
-0.33133,-0.11738,1.5754
-0.33229,-0.13396,1.5801
-0.33237,-0.15704,1.5835
-0.33253,-0.17345,1.5824
-0.33299,-0.19621,1.5873
-0.33312,-0.2126,1.5887
-0.33357,-0.23582,1.5859
-0.33368,-0.25228,1.5857
-0.33368,-0.27511,1.5846
-0.33351,-0.29147,1.5848
-0.33285,-0.31386,1.5831
-0.33293,-0.33055,1.5848
-0.33259,-0.35322,1.5823
-0.33308,-0.36959,1.5803
-0.33235,-0.3911,1.5789
-0.33188,-0.40711,1.5778
-0.33134,-0.42991,1.5806
-0.33291,-0.44725,1.5805
-0.33248,-0.46994,1.5818
-0.3335,-0.48843,1.5836
-0.33319,-0.51032,1.5814
-0.33354,-0.52617,1.581
-0.33364,-0.54988,1.5817
-0.33275,-0.56571,1.5788
-0.332,-0.58734,1.5746
-0.33215,-0.60276,1.5718
-0.33124,-0.62528,1.5711
-0.31902,0.55356,1.4421
-0.32435,0.54257,1.4692
-0.33003,0.53642,1.4939
-0.33478,0.52219,1.5116
-0.33834,0.50986,1.5265
-0.34162,0.49447,1.5471
-0.34318,0.48003,1.5519
-0.34563,0.46084,1.5608
-0.34658,0.44672,1.5641
-0.34785,0.42586,1.5718
-0.34824,0.40983,1.572
-0.34857,0.38783,1.5748
-0.34841,0.37172,1.5776
-0.34828,0.34904,1.5755
-0.34837,0.33209,1.5712
-0.3487,0.30891,1.5716
-0.34716,0.29215,1.568
-0.34704,0.26979,1.5635
-0.34654,0.25277,1.5591
-0.34527,0.23012,1.5573
-0.34557,0.2142,1.5585
-0.34621,0.19158,1.5581
-0.34519,0.17511,1.5529
-0.34412,0.1526,1.554
-0.34115,0.13538,1.5397
-0.34155,0.11351,1.5414
-0.34497,0.098595,1.5562
-0.34723,0.076777,1.5646
-0.34746,0.060628,1.5661
-0.34846,0.038247,1.5678
-0.34957,0.022054,1.5701
-0.34963,-0.00043443,1.5731
-0.34991,-0.016791,1.5746
-0.34994,-0.03937,1.575
-0.34985,-0.055691,1.5781
-0.35012,-0.078222,1.5773
-0.35097,-0.09468,1.578
-0.35121,-0.11743,1.579
-0.35111,-0.13417,1.5834
-0.35102,-0.15711,1.5855
-0.35248,-0.17348,1.5868
-0.35228,-0.1965,1.5872
-0.35269,-0.21321,1.5872
-0.35263,-0.23599,1.5871
-0.35282,-0.25244,1.5875
-0.35269,-0.2749,1.5842
-0.35259,-0.29202,1.5843
-0.35263,-0.31414,1.5862
-0.35245,-0.3306,1.5856
-0.35241,-0.3532,1.5833
-0.35182,-0.36917,1.583
-0.35106,-0.39069,1.5781
-0.35086,-0.40766,1.5803
-0.35221,-0.42958,1.5772
-0.35217,-0.44697,1.5805
-0.35226,-0.47099,1.5826
-0.35232,-0.48798,1.5819
-0.35168,-0.51,1.5806
-0.35215,-0.52667,1.5829
-0.35201,-0.54765,1.578
-0.35149,-0.56441,1.5746
-0.35025,-0.58558,1.5701
-0.34925,-0.60116,1.5669
-0.35067,-0.62076,1.5591
-0.33,0.54274,1.4185
-0.33804,0.53539,1.4453
-0.34315,0.52781,1.4714
-0.34983,0.5166,1.4986
-0.35333,0.5044,1.5079
-0.3563,0.48912,1.529
-0.3597,0.47726,1.5387
-0.36202,0.45835,1.5536
-0.36329,0.44363,1.5544
-0.36536,0.4239,1.5641
-0.36602,0.40803,1.5651
-0.36725,0.38683,1.5707
-0.36742,0.37114,1.5708
-0.3668,0.34814,1.5728
-0.36681,0.33217,1.5722
-0.36748,0.30958,1.5714
-0.36745,0.29245,1.5686
-0.36609,0.27033,1.5671
-0.36566,0.25381,1.5653
-0.36537,0.2311,1.5644
-0.36496,0.21497,1.5605
-0.36517,0.19215,1.5609
-0.36542,0.1759,1.5612
-0.36364,0.15258,1.5511
-0.36107,0.13612,1.5433
-0.36149,0.11413,1.545
-0.36492,0.098801,1.5593
-0.36632,0.076991,1.5641
-0.36756,0.060775,1.5711
-0.3681,0.038372,1.5735
-0.36822,0.022078,1.574
-0.36837,-0.00045605,1.5761
-0.36907,-0.016806,1.5776
-0.36933,-0.039374,1.5773
-0.36924,-0.055661,1.5787
-0.36952,-0.078311,1.5803
-0.37016,-0.094869,1.5806
-0.36993,-0.11763,1.5811
-0.37132,-0.13452,1.5852
-0.37119,-0.15719,1.5869
-0.3717,-0.17386,1.5863
-0.37264,-0.19682,1.5851
-0.37224,-0.21338,1.5862
-0.37211,-0.23592,1.586
-0.3718,-0.25273,1.5894
-0.37225,-0.27535,1.588
-0.37221,-0.29168,1.5863
-0.372,-0.31395,1.5856
-0.37157,-0.33054,1.5838
-0.37145,-0.35251,1.5838
-0.37086,-0.36864,1.5818
-0.37066,-0.39055,1.5801
-0.37023,-0.40697,1.5777
-0.37059,-0.43006,1.5746
-0.37158,-0.44816,1.5811
-0.37096,-0.46985,1.5787
-0.37084,-0.48654,1.5819
-0.37085,-0.50881,1.5769
-0.37086,-0.52542,1.5801
-0.37015,-0.54723,1.5758
-0.37012,-0.5624,1.5734
-0.36857,-0.58386,1.5665
-0.36736,-0.59874,1.5628
-0.36517,-0.61843,1.5561
-0.34037,0.52991,1.3879
-0.35154,0.52835,1.433
-0.35802,0.52308,1.4527
-0.36247,0.50953,1.4809
-0.36708,0.50083,1.5
-0.37189,0.4844,1.5116
-0.3736,0.47321,1.5263
-0.3782,0.45457,1.5397
-0.37981,0.44032,1.547
-0.38153,0.42131,1.5544
-0.38249,0.40622,1.5575
-0.38468,0.38536,1.5648
-0.38455,0.36976,1.5659
-0.38505,0.34786,1.5687
-0.38528,0.33147,1.5705
-0.38557,0.30944,1.5707
-0.38561,0.29267,1.5699
-0.3857,0.27043,1.5679
-0.38488,0.25403,1.5654
-0.38499,0.23182,1.5644
-0.38514,0.21512,1.5636
-0.38495,0.19284,1.5651
-0.38502,0.17593,1.5625
-0.38386,0.15335,1.5606
-0.38138,0.13623,1.5453
-0.38183,0.11422,1.547
-0.3839,0.099097,1.5587
-0.38537,0.076884,1.5674
-0.38622,0.060718,1.5687
-0.38762,0.038325,1.5695
-0.38818,0.022125,1.5746
-0.38857,-0.00047794,1.5768
-0.38869,-0.016857,1.5772
-0.38874,-0.039475,1.5779
-0.38888,-0.055881,1.5782
-0.38951,-0.078572,1.5801
-0.38953,-0.094981,1.5838
-0.38984,-0.11792,1.5859
-0.39151,-0.13438,1.5852
-0.39107,-0.15721,1.5851
-0.39146,-0.17371,1.5836
-0.39109,-0.19659,1.5839
-0.39104,-0.21304,1.5851
-0.39123,-0.23593,1.5875
-0.39145,-0.25224,1.5879
-0.39108,-0.27508,1.5859
-0.39121,-0.2915,1.5844
-0.3904,-0.3137,1.5842
-0.39041,-0.33015,1.584
-0.39025,-0.3529,1.5797
-0.39038,-0.36884,1.5809
-0.38935,-0.39077,1.5762
-0.3893,-0.40628,1.5756
-0.38884,-0.42965,1.5748
-0.39028,-0.44718,1.5781
-0.38986,-0.46931,1.5748
-0.38956,-0.48558,1.5791
-0.38908,-0.50823,1.5748
-0.38909,-0.52411,1.5748
-0.38798,-0.54537,1.5704
-0.38745,-0.56003,1.5658
-0.38631,-0.58107,1.5605
-0.38474,-0.59577,1.5573
-0.38235,-0.61538,1.5424
-0.3444,0.51583,1.3376
-0.36167,0.51891,1.4099
-0.36928,0.51385,1.4338
-0.37694,0.5031,1.4645
-0.37964,0.49258,1.4747
-0.38634,0.47832,1.4942
-0.39011,0.46644,1.5105
-0.39321,0.44932,1.5199
-0.39591,0.43728,1.535
-0.39826,0.4181,1.5437
-0.39911,0.40277,1.552
-0.40145,0.38303,1.5576
-0.40136,0.36708,1.5596
-0.4029,0.34669,1.5642
-0.40313,0.33038,1.5649
-0.40408,0.30855,1.5684
-0.40411,0.29183,1.5669
-0.40374,0.26997,1.564
-0.40417,0.25385,1.564
-0.40438,0.23189,1.5651
-0.404,0.21523,1.563
-0.4041,0.19265,1.5639
-0.40455,0.17657,1.5657
-0.40342,0.15336,1.5603
-0.39966,0.13641,1.5448
-0.40013,0.11436,1.5464
-0.40279,0.098925,1.5617
-0.4054,0.077031,1.571
-0.40634,0.06085,1.5717
-0.40698,0.038359,1.5737
-0.40713,0.022095,1.5764
-0.4083,-0.00050011,1.577
-0.40836,-0.016866,1.5787
-0.40837,-0.039514,1.5793
-0.40826,-0.055974,1.5801
-0.40862,-0.078676,1.5824
-0.40901,-0.095122,1.5833
-0.4099,-0.11785,1.5852
-0.40985,-0.13433,1.5842
-0.40977,-0.15707,1.5841
-0.40993,-0.17362,1.5826
-0.41038,-0.19652,1.5838
-0.41012,-0.21297,1.5853
-0.41,-0.23563,1.5852
-0.40994,-0.25213,1.5856
-0.41006,-0.27489,1.5837
-0.40948,-0.29107,1.5825
-0.40927,-0.31365,1.584
-0.40946,-0.33018,1.5815
-0.40878,-0.35221,1.5789
-0.40872,-0.36825,1.5779
-0.40753,-0.3898,1.5733
-0.40735,-0.40604,1.5715
-0.40688,-0.42863,1.5706
-0.40839,-0.44621,1.5737
-0.4079,-0.46823,1.5699
-0.40766,-0.48404,1.5742
-0.40722,-0.50587,1.5707
-0.40635,-0.52126,1.5686
-0.40477,-0.54335,1.5632
-0.40518,-0.55763,1.559
-0.40351,-0.57757,1.5522
-0.40203,-0.59178,1.5451
-0.39973,-0.61223,1.5381
-0.3432,0.48922,1.2782
-0.37307,0.50989,1.3814
-0.38104,0.50484,1.4132
-0.38843,0.49635,1.4434
-0.39414,0.48729,1.4555
-0.39801,0.4736,1.4834
-0.40212,0.46214,1.4926
-0.40618,0.44412,1.5055
-0.41013,0.43243,1.5191
-0.41309,0.41326,1.5274
-0.41408,0.40073,1.5348
-0.41696,0.3808,1.5422
-0.41845,0.36569,1.5496
-0.41997,0.34548,1.5563
-0.42064,0.32912,1.5577
-0.42182,0.30765,1.5619
-0.42153,0.29111,1.5624
-0.42226,0.26921,1.5619
-0.42214,0.25312,1.562
-0.42269,0.23146,1.5646
-0.42269,0.21497,1.5632
-0.42314,0.19299,1.5658
-0.42278,0.17619,1.5672
-0.42289,0.15389,1.5632
-0.41858,0.13688,1.5468
-0.41906,0.11466,1.5485
-0.4228,0.099108,1.5652
-0.42438,0.076954,1.5714
-0.42548,0.060832,1.5736
-0.42574,0.038353,1.5763
-0.42609,0.022025,1.5766
-0.42637,-0.00052268,1.5767
-0.42714,-0.016863,1.5772
-0.42752,-0.039508,1.577
-0.42747,-0.05594,1.5786
-0.4276,-0.078649,1.5812
-0.428,-0.095078,1.5837
-0.4281,-0.11781,1.5824
-0.42821,-0.13414,1.5815
-0.42847,-0.15707,1.5828
-0.4287,-0.17353,1.5816
-0.42856,-0.19623,1.582
-0.4289,-0.21265,1.5808
-0.42842,-0.23532,1.5825
-0.42895,-0.25199,1.5817
-0.4281,-0.27421,1.5804
-0.42795,-0.29065,1.5795
-0.4274,-0.31293,1.58
-0.42714,-0.32914,1.5773
-0.42736,-0.35115,1.5756
-0.42667,-0.36725,1.5747
-0.42556,-0.38882,1.5688
-0.42526,-0.40491,1.567
-0.4252,-0.42763,1.5662
-0.42644,-0.44537,1.5686
-0.42585,-0.46694,1.5659
-0.42547,-0.48234,1.5654
-0.42451,-0.50388,1.5663
-0.42393,-0.51901,1.5606
-0.42201,-0.53959,1.5542
-0.42122,-0.55462,1.5486
-0.41854,-0.57447,1.5414
-0.41716,-0.587,1.5365
-0.41433,-0.60635,1.5329
-0.33868,0.45979,1.1986
-0.38313,0.50085,1.3611
-0.39357,0.49975,1.3945
-0.39873,0.48543,1.4152
-0.40593,0.48151,1.4436
-0.40905,0.46605,1.4541
-0.41416,0.45824,1.4848
-0.4183,0.43969,1.4898
-0.42368,0.42843,1.5051
-0.42706,0.40826,1.5128
-0.43069,0.39695,1.5267
-0.43123,0.37684,1.5307
-0.43534,0.36474,1.541
-0.43504,0.34287,1.5452
-0.43839,0.32752,1.5531
-0.43636,0.3067,1.5549
-0.44029,0.29174,1.5559
-0.43944,0.26803,1.5594
-0.44119,0.25264,1.5597
-0.44167,0.23013,1.5633
-0.4409,0.21504,1.5696
-0.43984,0.19237,1.5611
-0.44327,0.17641,1.5683
-0.4415,0.15353,1.5673
-0.43787,0.13661,1.5502
-0.43005,0.11215,1.5259
-0.44202,0.099004,1.5675
-0.44298,0.076838,1.5694
-0.44374,0.060655,1.5688
-0.44383,0.038198,1.5739
-0.44366,0.021994,1.5717
-0.44519,-0.00054695,1.5742
-0.44536,-0.016871,1.5771
-0.4456,-0.039497,1.5719
-0.44797,-0.055929,1.5784
-0.44543,-0.078589,1.5822
-0.44681,-0.09506,1.5824
-0.44648,-0.11742,1.58
-0.44722,-0.13415,1.583
-0.44628,-0.15688,1.5801
-0.44734,-0.17326,1.58
-0.44607,-0.1958,1.571
-0.44705,-0.21202,1.576
-0.44746,-0.23471,1.5754
-0.44603,-0.25147,1.579
-0.44618,-0.2734,1.5756
-0.44623,-0.28979,1.5773
-0.44569,-0.31185,1.576
-0.44494,-0.32816,1.5727
-0.44517,-0.34981,1.5733
-0.4447,-0.36655,1.5682
-0.44266,-0.38754,1.5657
-0.44234,-0.40259,1.5602
-0.44338,-0.42803,1.5652
-0.44517,-0.44471,1.5641
-0.44335,-0.46474,1.5614
-0.44319,-0.48015,1.561
-0.44161,-0.50077,1.5537
-0.441,-0.51722,1.5532
-0.43898,-0.53624,1.5455
-0.4373,-0.54893,1.5382
-0.4346,-0.56709,1.527
-0.43346,-0.58356,1.5237
-0.42991,-0.60093,1.5104
