0.33071,0.40651,1.0657
0.32798,0.39079,1.0596
0.32828,0.37666,1.0482
0.32651,0.36702,1.0649
0.33051,0.35323,1.064
0.3232,0.3344,1.0439
0.3185,0.31527,1.0237
0.31939,0.30224,1.0336
0.33223,0.30272,1.0631
0.33584,0.29422,1.0825
0.33776,0.28293,1.0835
0.32612,0.2579,1.0488
0.33343,0.25397,1.0735
0.32905,0.23303,1.058
0.32485,0.22155,1.0488
0.3276,0.20665,1.0526
0.33178,0.1992,1.0681
0.33034,0.18257,1.0654
0.32881,0.17111,1.0535
0.33031,0.15749,1.0593
0.31565,0.13964,1.0196
0.32917,0.13087,1.0587
0.32495,0.11749,1.0478
0.31137,0.098985,1.0027
0.32228,0.09111,1.0416
0.32211,0.076313,1.0436
0.31418,0.063962,1.0147
0.31153,0.04884,1.0089
0.31162,0.038601,1.0001
0.31583,0.0247,1.0173
0.308,0.013769,0.98861
0.30846,-0.00038312,0.98648
0.31349,-0.010816,1.0058
0.30653,-0.02469,0.98858
0.31846,-0.036496,1.0254
0.31322,-0.050128,1.0045
0.311,-0.060228,1.003
0.30596,-0.073245,0.98504
0.29988,-0.082014,0.96724
0.29906,-0.095303,0.95801
0.29808,-0.10507,0.95776
0.2939,-0.11668,0.94208
0.29268,-0.1269,0.94175
0.29186,-0.1397,0.93387
0.28421,-0.14559,0.91366
0.29089,-0.1622,0.94012
0.28042,-0.16676,0.90669
0.28471,-0.18031,0.91149
0.29583,-0.19872,0.95553
0.31028,-0.22205,0.9977
0.31189,-0.23287,0.99596
0.26222,-0.2076,0.8434
0.18253,-0.1511,0.58538
0.17499,-0.15208,0.56056
0.16926,-0.15259,0.54405
0.16833,-0.16027,0.54134
0.16424,-0.16118,0.52231
0.16331,-0.16738,0.52023
0.15949,-0.16961,0.51087
0.15926,-0.17605,0.50792
0.15696,-0.17841,0.49918
0.15635,-0.1863,0.50152
0.15432,-0.18867,0.49428
0.15553,-0.19612,0.4979
0.32477,0.41842,1.0868
0.32263,0.39752,1.0793
0.32265,0.38753,1.0775
0.32461,0.37249,1.0841
0.32265,0.36238,1.0873
0.32382,0.34445,1.0882
0.32342,0.33425,1.0854
0.32348,0.31924,1.0843
0.32544,0.31057,1.0922
0.33133,0.30135,1.1081
0.33227,0.29054,1.1144
0.33316,0.27515,1.1142
0.33404,0.26417,1.1198
0.33764,0.24912,1.123
0.33831,0.23796,1.1252
0.33386,0.22064,1.1226
0.33446,0.20942,1.1246
0.3379,0.19382,1.1306
0.33843,0.18221,1.1324
0.33912,0.16646,1.1317
0.33735,0.15488,1.1262
0.3296,0.13532,1.1023
0.3237,0.12181,1.087
0.32416,0.10649,1.088
0.32511,0.095643,1.0889
0.32547,0.080175,1.087
0.32004,0.067904,1.0739
0.32029,0.052593,1.0747
0.32044,0.041485,1.0752
0.31673,0.025752,1.0542
0.31676,0.014775,1.0544
0.3168,-0.00039252,1.0544
0.31212,-0.011282,1.0563
0.31207,-0.02632,1.056
0.31256,-0.037203,1.0557
0.31241,-0.051957,1.0485
0.30752,-0.06184,1.0281
0.30728,-0.076357,1.0256
0.30706,-0.086934,1.0248
0.30296,-0.10061,1.0133
0.30103,-0.11057,1.0043
0.29517,-0.1228,0.99233
0.29483,-0.13202,0.99112
0.29431,-0.14583,0.9893
0.28932,-0.15407,0.96789
0.28873,-0.16761,0.96581
0.29146,-0.1785,0.97856
0.29682,-0.19589,0.98867
0.30746,-0.21507,1.0286
0.30131,-0.22365,1.0013
0.27135,-0.21347,0.91358
0.1942,-0.15952,0.6458
0.17132,-0.1469,0.5724
0.1679,-0.15176,0.55969
0.16284,-0.15306,0.545
0.15946,-0.15767,0.53089
0.15802,-0.161,0.52386
0.15485,-0.16617,0.5169
0.1535,-0.16995,0.51157
0.15203,-0.17498,0.5063
0.15077,-0.17894,0.50113
0.14922,-0.18475,0.49737
0.14876,-0.18932,0.49455
0.14885,-0.1957,0.49231
0.33107,0.44319,1.1543
0.32872,0.42448,1.1471
0.32814,0.41212,1.1483
0.32395,0.38988,1.1369
0.3209,0.37204,1.1084
0.31452,0.35212,1.1028
0.31399,0.34083,1.1004
0.31602,0.32478,1.1022
0.32787,0.32669,1.1398
0.32972,0.31217,1.1475
0.33848,0.30856,1.1839
0.33955,0.29257,1.1877
0.33845,0.27785,1.1804
0.33933,0.26178,1.1838
0.34001,0.24941,1.1855
0.3409,0.23315,1.1886
0.34157,0.2213,1.1907
0.34159,0.20463,1.1923
0.33814,0.19137,1.1804
0.33883,0.17483,1.1828
0.33494,0.15963,1.1668
0.33444,0.14325,1.1636
0.32966,0.12997,1.1507
0.33013,0.11362,1.1522
0.32903,0.10078,1.1483
0.32939,0.084485,1.1495
0.32106,0.070769,1.1187
0.31939,0.054749,1.1192
0.31895,0.04289,1.1102
0.3191,0.027015,1.1106
0.31917,0.015491,1.1103
0.31648,-0.00039037,1.1002
0.31437,-0.011704,1.0913
0.31196,-0.0272,1.0905
0.3119,-0.038504,1.0901
0.31166,-0.054048,1.0879
0.31151,-0.065287,1.0873
0.30741,-0.079791,1.0716
0.30296,-0.08946,1.0575
0.29916,-0.10364,1.0395
0.2926,-0.11164,1.0157
0.29101,-0.12576,1.014
0.29059,-0.13482,1.0109
0.29009,-0.14895,1.009
0.28762,-0.15913,1.0034
0.28912,-0.17493,1.0057
0.29344,-0.18735,1.0223
0.30694,-0.21177,1.0684
0.30639,-0.22246,1.0663
0.29515,-0.22995,1.029
0.21197,-0.17199,0.73631
0.17219,-0.14788,0.60055
0.16234,-0.14496,0.56512
0.1583,-0.15026,0.55262
0.1553,-0.15161,0.5375
0.15266,-0.15693,0.52871
0.15022,-0.16003,0.52093
0.14813,-0.16585,0.51431
0.14721,-0.16906,0.51046
0.14555,-0.17494,0.50493
0.14418,-0.17891,0.50211
0.14258,-0.18417,0.49573
0.14222,-0.18864,0.49413
0.1416,-0.19461,0.49132
0.32609,0.45293,1.179
0.32567,0.43803,1.1842
0.32465,0.42262,1.1811
0.32601,0.40685,1.1849
0.317,0.38887,1.1653
0.31805,0.37124,1.1625
0.31333,0.35452,1.1472
0.31482,0.33948,1.1514
0.32888,0.34248,1.1932
0.33801,0.32976,1.2259
0.33883,0.31946,1.2288
0.33872,0.30291,1.2245
0.33697,0.28845,1.2245
0.33064,0.2665,1.2009
0.33035,0.25346,1.2003
0.33218,0.23694,1.2065
0.33182,0.22518,1.2133
0.33117,0.20843,1.2161
0.33155,0.19545,1.212
0.32935,0.17654,1.2016
0.32727,0.16376,1.1903
0.32784,0.14696,1.1923
0.32761,0.13416,1.1904
0.32523,0.11652,1.1852
0.32544,0.10429,1.1897
0.32488,0.087151,1.1875
0.3235,0.07457,1.184
0.32123,0.05762,1.1741
0.32138,0.045394,1.1756
0.31884,0.028205,1.1634
0.31847,0.016139,1.1586
0.31583,-0.00038912,1.1527
0.31538,-0.012264,1.151
0.31445,-0.028558,1.147
0.31437,-0.040382,1.1467
0.31283,-0.056691,1.146
0.3075,-0.066846,1.1182
0.30406,-0.08235,1.1048
0.29885,-0.092299,1.0895
0.29842,-0.10711,1.0878
0.28911,-0.11574,1.0523
0.28869,-0.13027,1.0507
0.2878,-0.14102,1.0494
0.28828,-0.15579,1.0499
0.28976,-0.16731,1.0535
0.29392,-0.18504,1.068
0.30643,-0.20372,1.1199
0.30915,-0.2224,1.1171
0.29744,-0.2253,1.0886
0.27311,-0.22308,1.0013
0.17645,-0.14912,0.63845
0.16147,-0.14448,0.58663
0.15391,-0.14347,0.55681
0.15133,-0.14865,0.54531
0.14759,-0.15104,0.5359
0.14619,-0.15689,0.52905
0.14318,-0.15982,0.51993
0.14195,-0.16505,0.51352
0.14043,-0.16903,0.50851
0.13918,-0.17467,0.50259
0.13753,-0.1783,0.49883
0.13686,-0.18417,0.49441
0.13634,-0.18816,0.49169
0.13573,-0.19374,0.48926
0.32044,0.46328,1.2145
0.32113,0.44922,1.2199
0.31999,0.43803,1.2242
0.32036,0.42049,1.2294
0.32059,0.40777,1.2265
0.31632,0.38468,1.2028
0.31594,0.37315,1.2046
0.31711,0.35729,1.2091
0.32634,0.35427,1.2365
0.33272,0.33942,1.2612
0.33095,0.32743,1.2546
0.33185,0.31097,1.2673
0.33259,0.29858,1.2701
0.33338,0.28132,1.2738
0.32602,0.26227,1.2492
0.32688,0.24518,1.2525
0.32859,0.23377,1.2508
0.32936,0.21637,1.2537
0.32483,0.20075,1.2376
0.32539,0.18301,1.2366
0.32548,0.17023,1.2383
0.32472,0.15162,1.2341
0.32491,0.13989,1.2406
0.32277,0.12144,1.2305
0.31713,0.10609,1.2036
0.3161,0.088942,1.2048
0.31632,0.076492,1.2056
0.31526,0.058745,1.1976
0.31541,0.04635,1.1981
0.31218,0.028744,1.1857
0.31638,0.0169,1.2069
0.31469,-0.00038591,1.1975
0.31469,-0.012776,1.1975
0.31266,-0.029715,1.1914
0.312,-0.041884,1.1811
0.30498,-0.057855,1.1668
0.3047,-0.0693,1.1567
0.30062,-0.08488,1.1432
0.3004,-0.096644,1.1423
0.30006,-0.11261,1.1409
0.29399,-0.12267,1.1272
0.29339,-0.13799,1.1109
0.29305,-0.14937,1.1095
0.29279,-0.16575,1.117
0.29999,-0.18102,1.1422
0.303,-0.20095,1.1462
0.31357,-0.2195,1.1974
0.30278,-0.22735,1.1515
0.28515,-0.22594,1.0918
0.23802,-0.20006,0.90154
0.15993,-0.14179,0.60735
0.15027,-0.14262,0.57897
0.14591,-0.14215,0.55317
0.14354,-0.14858,0.54575
0.14106,-0.1503,0.53301
0.13848,-0.15667,0.52584
0.13691,-0.1598,0.51928
0.13542,-0.16465,0.51459
0.13454,-0.16877,0.50738
0.1328,-0.17429,0.50346
0.13132,-0.17802,0.49793
0.13032,-0.18357,0.49463
0.12988,-0.18806,0.49252
0.12919,-0.19486,0.49026
0.30877,0.47366,1.2349
0.31014,0.45809,1.2404
0.31177,0.44747,1.2458
0.31357,0.43206,1.2554
0.31179,0.41924,1.2548
0.30886,0.39426,1.239
0.30972,0.38136,1.232
0.31631,0.369,1.257
0.31968,0.36486,1.2805
0.32813,0.35574,1.312
0.32892,0.34299,1.3152
0.32739,0.32155,1.3132
0.32761,0.30872,1.3075
0.32496,0.28819,1.3003
0.32493,0.27493,1.2989
0.32396,0.25475,1.2941
0.32455,0.24167,1.2964
0.32582,0.22369,1.2971
0.32676,0.21069,1.3037
0.32702,0.19249,1.3018
0.32452,0.17789,1.2969
0.32433,0.15933,1.2943
0.32471,0.14609,1.2957
0.32241,0.12628,1.2841
0.31663,0.11094,1.2609
0.31572,0.092713,1.2599
0.31283,0.079453,1.2509
0.31306,0.061163,1.2498
0.31018,0.047613,1.2322
0.30856,0.030011,1.2325
0.30863,0.017236,1.2315
0.30868,-0.0003794,1.2288
0.3027,-0.012933,1.2105
0.30196,-0.030071,1.2024
0.30548,-0.043121,1.2184
0.30587,-0.060552,1.2217
0.30572,-0.07328,1.221
0.30472,-0.090468,1.2152
0.30308,-0.10268,1.2051
0.30019,-0.11849,1.1979
0.29951,-0.13067,1.192
0.29373,-0.14488,1.1711
0.29338,-0.15684,1.1697
0.29613,-0.17541,1.1886
0.2985,-0.189,1.1883
0.30623,-0.21336,1.2326
0.30574,-0.22578,1.2297
0.30197,-0.23892,1.2044
0.2609,-0.21578,1.0532
0.19443,-0.17264,0.77695
0.14938,-0.13814,0.59239
0.14338,-0.14075,0.56989
0.13788,-0.14176,0.553
0.13584,-0.14717,0.5419
0.13336,-0.1501,0.5306
0.13235,-0.1559,0.52478
0.13035,-0.15911,0.51958
0.12915,-0.16477,0.51443
0.12807,-0.16839,0.50697
0.12586,-0.17381,0.50109
0.12539,-0.17769,0.49846
0.12463,-0.18337,0.49544
0.12411,-0.18774,0.49197
0.12348,-0.19369,0.48746
0.29933,0.47888,1.2588
0.30066,0.46362,1.2644
0.30243,0.45666,1.279
0.30551,0.44175,1.2844
0.30461,0.42941,1.277
0.30284,0.40507,1.2682
0.30112,0.39206,1.2669
0.30717,0.38046,1.289
0.31868,0.37969,1.3336
0.32399,0.3674,1.356
0.32277,0.35326,1.3523
0.32186,0.33273,1.3496
0.3221,0.31927,1.3464
0.31784,0.29514,1.3383
0.31366,0.27827,1.3196
0.31365,0.25926,1.3135
0.31422,0.24609,1.3159
0.3173,0.22831,1.3306
0.3182,0.21665,1.3379
0.32163,0.19905,1.3423
0.3193,0.18432,1.3425
0.32042,0.16552,1.3437
0.32017,0.15143,1.3389
0.3188,0.13128,1.3289
0.31487,0.11605,1.3184
0.31316,0.096321,1.3106
0.30805,0.082139,1.2938
0.30769,0.06322,1.2905
0.30727,0.04971,1.2879
0.30411,0.03104,1.2774
0.30308,0.017835,1.2684
0.30191,-0.00037265,1.2645
0.30155,-0.013448,1.2644
0.3015,-0.031399,1.2641
0.2996,-0.044288,1.2524
0.29945,-0.062197,1.2509
0.29962,-0.075113,1.2502
0.29937,-0.093043,1.2534
0.29716,-0.10563,1.2466
0.29472,-0.12198,1.2325
0.29245,-0.1342,1.2281
0.29169,-0.15135,1.2262
0.29135,-0.16384,1.2247
0.29623,-0.18529,1.2525
0.30131,-0.20199,1.2691
0.30551,-0.22216,1.2843
0.29833,-0.22886,1.252
0.28814,-0.23954,1.2085
0.23324,-0.20444,0.97798
0.1642,-0.15303,0.68614
0.14051,-0.1372,0.58967
0.13636,-0.14012,0.56465
0.13122,-0.14195,0.5491
0.12949,-0.1472,0.54169
0.12682,-0.1497,0.52901
0.1256,-0.1559,0.52555
0.12404,-0.15885,0.51934
0.12322,-0.16507,0.51466
0.12174,-0.16856,0.50797
0.11999,-0.17364,0.50128
0.11941,-0.17779,0.49889
0.11888,-0.18381,0.49482
0.11826,-0.18805,0.49229
0.11712,-0.19375,0.49041
0.28743,0.48375,1.2618
0.28872,0.46941,1.2814
0.29072,0.46141,1.2875
0.29477,0.44974,1.3071
0.29555,0.43758,1.3116
0.2939,0.41397,1.2935
0.29473,0.4016,1.2972
0.3058,0.3963,1.3441
0.30885,0.38811,1.3661
0.31337,0.37432,1.3906
0.31325,0.35942,1.3783
0.31118,0.34084,1.3828
0.31131,0.32481,1.3773
0.30985,0.30344,1.3748
0.30509,0.28462,1.3465
0.3059,0.26609,1.3501
0.30911,0.25539,1.3656
0.3105,0.23666,1.3706
0.31233,0.2231,1.3783
0.31312,0.20504,1.3838
0.31502,0.19093,1.3891
0.31558,0.17037,1.3915
0.31381,0.15602,1.3915
0.31096,0.13464,1.3699
0.30797,0.11994,1.3624
0.30794,0.10042,1.3616
0.30606,0.085327,1.3566
0.304,0.065837,1.3432
0.29917,0.051279,1.3231
0.29425,0.031754,1.3045
0.29432,0.018255,1.3016
0.29604,-0.00036623,1.3048
0.29671,-0.013869,1.3052
0.29665,-0.032661,1.3067
0.29531,-0.046001,1.3045
0.29381,-0.06453,1.2971
0.29242,-0.077781,1.2964
0.29029,-0.09527,1.2794
0.28707,-0.10712,1.2699
0.28522,-0.12428,1.2588
0.28495,-0.13708,1.2575
0.28541,-0.15605,1.261
0.28788,-0.1708,1.272
0.29287,-0.19174,1.2895
0.30017,-0.20947,1.3102
0.29399,-0.22446,1.2956
0.29026,-0.23566,1.2854
0.27023,-0.23622,1.2003
0.19907,-0.18343,0.87914
0.1444,-0.14154,0.63541
0.13231,-0.13618,0.58483
0.12859,-0.13952,0.56505
0.12477,-0.14086,0.54657
0.12262,-0.14647,0.54141
0.12056,-0.1498,0.53034
0.11951,-0.15591,0.5244
0.11782,-0.15923,0.51908
0.11706,-0.16537,0.51466
0.11568,-0.16894,0.50772
0.11396,-0.17358,0.50239
0.11347,-0.17788,0.49762
0.11288,-0.18419,0.4951
0.11209,-0.18807,0.49267
0.11164,-0.19414,0.48752
0.27345,0.48546,1.2721
0.27723,0.4768,1.2944
0.27845,0.46739,1.305
0.2815,0.45292,1.3194
0.28234,0.4417,1.3234
0.28575,0.42679,1.3379
0.28812,0.41483,1.3421
0.29401,0.40334,1.3726
0.29768,0.39579,1.3906
0.30305,0.38055,1.4074
0.30616,0.37153,1.4251
0.30716,0.35232,1.4297
0.30645,0.33772,1.433
0.30643,0.31772,1.4372
0.3044,0.30008,1.4238
0.30391,0.27988,1.4174
0.3033,0.26553,1.42
0.30402,0.24579,1.427
0.30736,0.2324,1.4361
0.3094,0.21348,1.4432
0.30983,0.19774,1.4411
0.30944,0.17667,1.4419
0.30662,0.16111,1.4318
0.30363,0.1394,1.4136
0.3036,0.12463,1.4149
0.30166,0.10391,1.4091
0.30103,0.089372,1.4086
0.3009,0.068923,1.4077
0.29682,0.053592,1.3866
0.29496,0.033548,1.374
0.29353,0.019299,1.3712
0.29205,-0.00036761,1.3622
0.29182,-0.01442,1.3584
0.28616,-0.033423,1.3335
0.28602,-0.047298,1.333
0.2855,-0.065963,1.3253
0.28136,-0.078836,1.3185
0.28113,-0.097566,1.3173
0.28092,-0.1111,1.3151
0.2759,-0.12711,1.2874
0.27563,-0.14029,1.286
0.27637,-0.15964,1.2856
0.2819,-0.17633,1.3121
0.28602,-0.19684,1.331
0.2912,-0.21642,1.356
0.2865,-0.23159,1.3359
0.27457,-0.23464,1.2765
0.25085,-0.23308,1.1794
0.17397,-0.16859,0.80675
0.13155,-0.13609,0.61328
0.12438,-0.13396,0.57696
0.12108,-0.1396,0.56444
0.11815,-0.14054,0.54678
0.11585,-0.14644,0.53898
0.11393,-0.15012,0.5316
0.11281,-0.15622,0.52527
0.11178,-0.15959,0.51842
0.11076,-0.16563,0.51574
0.10974,-0.16925,0.50891
0.10893,-0.1755,0.50514
0.10771,-0.1786,0.49877
0.10705,-0.18459,0.49543
0.10634,-0.18838,0.49292
0.10534,-0.19419,0.48908
0.26123,0.49718,1.2913
0.26245,0.48137,1.3038
0.2683,0.47458,1.3219
0.27244,0.46326,1.3328
0.27326,0.45075,1.3458
0.27606,0.43497,1.3614
0.27696,0.42214,1.3704
0.28187,0.41098,1.3954
0.29155,0.40674,1.4396
0.29412,0.39478,1.4663
0.29535,0.38139,1.4699
0.29736,0.36299,1.4731
0.29897,0.3485,1.4765
0.29997,0.32839,1.4854
0.30048,0.31372,1.4885
0.30103,0.29329,1.4885
0.2991,0.27712,1.4889
0.29959,0.25505,1.4854
0.3003,0.24037,1.4797
0.30059,0.21963,1.4828
0.29982,0.20453,1.4812
0.29964,0.1833,1.4838
0.29998,0.16693,1.4816
0.29905,0.14581,1.4837
0.29934,0.13057,1.4838
0.29943,0.10948,1.4832
0.29964,0.093902,1.4811
0.29453,0.071573,1.4596
0.29243,0.056071,1.4473
0.29202,0.035271,1.4465
0.28879,0.020115,1.4312
0.28674,-0.00036485,1.4203
0.28407,-0.0149,1.4036
0.2798,-0.034661,1.3846
0.27973,-0.048915,1.3794
0.27931,-0.06845,1.3786
0.27836,-0.082485,1.3774
0.27511,-0.10115,1.365
0.27487,-0.11408,1.3536
0.27008,-0.13211,1.331
0.26982,-0.1458,1.3296
0.27364,-0.16625,1.3487
0.27798,-0.18339,1.3731
0.28035,-0.20505,1.3875
0.27814,-0.2185,1.3656
0.27479,-0.23597,1.3602
0.25625,-0.23203,1.2661
0.23011,-0.22444,1.1397
0.1547,-0.15827,0.76439
0.12328,-0.13484,0.60796
0.11761,-0.13423,0.57771
0.11418,-0.13835,0.56358
0.11145,-0.14056,0.54576
0.10936,-0.14676,0.53807
0.10772,-0.14991,0.53096
0.10651,-0.15616,0.52514
0.10541,-0.15944,0.51958
0.10473,-0.16593,0.51519
0.10377,-0.16961,0.50974
0.10311,-0.17535,0.50625
0.10185,-0.17901,0.49986
0.10087,-0.18373,0.49512
0.10038,-0.18803,0.49294
0.099748,-0.1942,0.49017
0.2475,0.50193,1.3131
0.25287,0.48792,1.3255
0.25738,0.48293,1.3484
0.26005,0.47167,1.3685
0.26199,0.45911,1.3729
0.26389,0.44279,1.3869
0.2664,0.43523,1.4063
0.27394,0.42692,1.4388
0.27721,0.41689,1.4642
0.28405,0.40611,1.5003
0.28475,0.39159,1.503
0.2877,0.37317,1.5177
0.2877,0.35735,1.513
0.28856,0.33721,1.5192
0.28915,0.32169,1.5218
0.29057,0.30119,1.5265
0.29205,0.28497,1.5338
0.29275,0.2662,1.5375
0.29319,0.24836,1.5388
0.29224,0.22676,1.5421
0.29239,0.21117,1.5373
0.29205,0.18957,1.5485
0.29232,0.17383,1.5406
0.29283,0.15167,1.5429
0.29239,0.13571,1.5415
0.29272,0.1138,1.5432
0.2903,0.096928,1.5379
0.2891,0.07458,1.5188
0.28607,0.058267,1.5025
0.2846,0.036489,1.4963
0.27985,0.020671,1.4718
0.27903,-0.00036083,1.4682
0.27599,-0.015342,1.4486
0.27232,-0.035856,1.4423
0.27225,-0.050453,1.4314
0.27174,-0.070815,1.4284
0.27081,-0.085359,1.4239
0.26988,-0.10561,1.4188
0.26525,-0.11829,1.3986
0.26494,-0.13813,1.3955
0.2661,-0.15283,1.3941
0.2672,-0.17345,1.4062
0.268,-0.18942,1.4099
0.26721,-0.20747,1.4072
0.26454,-0.22023,1.392
0.25884,-0.23518,1.3647
0.23447,-0.22761,1.2382
0.20662,-0.21714,1.0926
0.13766,-0.15156,0.72694
0.11595,-0.13486,0.60734
0.11051,-0.13451,0.57412
0.10757,-0.13864,0.56368
0.10461,-0.14078,0.54673
0.10281,-0.14706,0.53829
0.10115,-0.15008,0.53134
0.10034,-0.15615,0.5263
0.099087,-0.15976,0.52083
0.098661,-0.16626,0.51627
0.097659,-0.16963,0.51077
0.097052,-0.17563,0.50677
0.095592,-0.17905,0.50168
0.094867,-0.18361,0.49614
0.094392,-0.18813,0.49348
0,0,-1
0.23748,0.50919,1.3361
0.24128,0.50161,1.3544
0.24432,0.49041,1.3766
0.24712,0.47953,1.3957
0.25056,0.46845,1.4073
0.25237,0.45033,1.4185
0.25602,0.44669,1.4361
0.26298,0.4365,1.4823
0.26761,0.42785,1.5054
0.27223,0.41523,1.5259
0.27304,0.40083,1.5356
0.27405,0.37971,1.5406
0.27476,0.36502,1.5442
0.27609,0.34547,1.5584
0.27925,0.33057,1.5638
0.28047,0.3109,1.5726
0.281,0.29513,1.5768
0.28168,0.27194,1.5841
0.28152,0.25579,1.5832
0.28155,0.23374,1.586
0.28139,0.21766,1.5816
0.28128,0.19456,1.5818
0.28119,0.17797,1.582
0.28083,0.15515,1.5779
0.28021,0.13894,1.5793
0.27969,0.11605,1.5685
0.27902,0.099501,1.5695
0.27914,0.076942,1.5639
0.27746,0.060471,1.5631
0.27591,0.037962,1.5502
0.27461,0.021645,1.5431
0.27317,-0.00036261,1.5334
0.27267,-0.016165,1.5259
0.27027,-0.037796,1.5189
0.26996,-0.053377,1.5135
0.26884,-0.074827,1.5117
0.26291,-0.088932,1.4785
0.26115,-0.10853,1.468
0.26006,-0.12358,1.4668
0.25926,-0.14432,1.4649
0.25826,-0.15896,1.4616
0.25733,-0.17892,1.459
0.25757,-0.19314,1.4532
0.2525,-0.21176,1.4206
0.24913,-0.22209,1.407
0.24199,-0.23478,1.3588
0.21516,-0.22349,1.2195
0.19174,-0.21282,1.0714
0.12698,-0.14857,0.71606
0.10875,-0.13513,0.6086
0.10172,-0.13198,0.56983
0.10092,-0.13891,0.56269
0.097904,-0.14106,0.54637
0.096448,-0.14664,0.53929
0.095067,-0.15014,0.53081
0.094162,-0.1563,0.52736
0.092959,-0.16007,0.52187
0.092446,-0.16605,0.51552
0.091618,-0.16983,0.51209
0.090834,-0.17596,0.50776
0.089678,-0.17938,0.50266
0,0,-1
0,0,-1
0.088169,-0.19484,0.49258
0.22931,0.5314,1.3813
0.23187,0.52188,1.3994
0.23638,0.51348,1.4291
0.23852,0.49638,1.4393
0.24111,0.48518,1.4543
0.24386,0.46931,1.464
0.24461,0.45665,1.4794
0.25027,0.44731,1.5098
0.25676,0.43871,1.5388
0.25787,0.42059,1.5548
0.25968,0.4065,1.5654
0.26142,0.38701,1.5716
0.26448,0.37381,1.5958
0.26542,0.35357,1.6011
0.26582,0.33778,1.6045
0.26635,0.31535,1.6039
0.26584,0.29925,1.6017
0.26575,0.27636,1.6034
0.26618,0.2602,1.6082
0.26756,0.23786,1.6134
0.26811,0.22256,1.616
0.26859,0.19976,1.622
0.26882,0.18225,1.6239
0.26781,0.1593,1.6165
0.26694,0.14209,1.6127
0.26725,0.11908,1.6144
0.26715,0.10243,1.6132
0.26737,0.079285,1.6144
0.26646,0.062347,1.6105
0.26588,0.039307,1.6069
0.26405,0.022497,1.5982
0.26393,-0.00035974,1.5953
0.26384,-0.016786,1.5883
0.26155,-0.039165,1.5751
0.26001,-0.055349,1.5745
0.25965,-0.077442,1.5661
0.25706,-0.09293,1.553
0.25549,-0.11387,1.5404
0.25381,-0.12946,1.5284
0.25122,-0.14995,1.5222
0.25045,-0.16425,1.5042
0.24709,-0.18423,1.4904
0.24479,-0.19766,1.4736
0.24053,-0.21377,1.4572
0.23263,-0.22251,1.4098
0.22269,-0.2328,1.3539
0.1997,-0.22061,1.2137
0.17587,-0.20972,1.0599
0.11857,-0.14885,0.71747
0.10157,-0.13615,0.61392
0.09498,-0.13222,0.57077
0.093795,-0.13884,0.55891
0.091353,-0.14175,0.54865
0.090056,-0.14691,0.54032
0.088814,-0.15042,0.5331
0.087919,-0.15658,0.52951
0.086953,-0.16026,0.52217
0.086316,-0.16638,0.51853
0.085575,-0.17023,0.51304
0.084811,-0.17665,0.51021
0.083731,-0.17969,0.50357
0,0,-1
0,0,-1
0,0,-1
0.21789,0.54326,1.4137
0.21888,0.5274,1.4293
0.22054,0.51551,1.4355
0.22485,0.50257,1.456
0.22802,0.49132,1.4709
0.23018,0.47935,1.4933
0.23432,0.47243,1.5314
0.23798,0.45669,1.5477
0.24199,0.45064,1.5759
0.24426,0.43017,1.5884
0.24701,0.41846,1.6049
0.24816,0.39805,1.6163
0.24977,0.38362,1.625
0.25066,0.36172,1.6308
0.25104,0.34557,1.6343
0.251,0.32143,1.6317
0.25137,0.30456,1.6337
0.25109,0.28194,1.6353
0.25148,0.26494,1.6331
0.25132,0.24157,1.6414
0.25167,0.22496,1.6435
0.25314,0.20259,1.6487
0.25344,0.18578,1.6484
0.25279,0.16177,1.6444
0.25272,0.14486,1.6426
0.25248,0.12102,1.6436
0.25243,0.10409,1.6406
0.2518,0.080637,1.6405
0.25144,0.0634,1.6392
0.25137,0.039898,1.6335
0.2494,0.022883,1.6246
0.24815,-0.0003503,1.615
0.24815,-0.017068,1.6149
0.2481,-0.04012,1.6145
0.24659,-0.056511,1.6016
0.24535,-0.079362,1.5995
0.24478,-0.095179,1.589
0.24336,-0.11749,1.5823
0.24035,-0.13218,1.5632
0.23843,-0.15319,1.558
0.2365,-0.16778,1.5325
0.23223,-0.18653,1.512
0.22918,-0.19978,1.4913
0.22691,-0.21802,1.4684
0.21653,-0.22312,1.4076
0.20603,-0.232,1.341
0.18526,-0.22079,1.2121
0.16309,-0.21008,1.0618
0.11263,-0.15217,0.73001
0.094711,-0.13689,0.61654
0.088245,-0.13358,0.57197
0.087101,-0.13895,0.55991
0.084699,-0.14199,0.54918
0.083881,-0.14802,0.54422
0.082475,-0.15029,0.53278
0.081644,-0.15684,0.52941
0.080746,-0.16049,0.52308
0.080184,-0.16662,0.51756
0.079512,-0.1705,0.51441
0.078757,-0.17694,0.51108
0,0,-1
0,0,-1
0,0,-1
0,0,-1
0.20296,0.54861,1.4314
0.20197,0.52629,1.4225
0.20005,0.51056,1.4164
0.20785,0.50489,1.4673
0.21153,0.49889,1.4882
0.21432,0.48672,1.5163
0.21916,0.48121,1.5391
0.22434,0.46694,1.5742
0.22801,0.4581,1.6067
0.2306,0.44176,1.6337
0.23368,0.42879,1.6516
0.23451,0.40776,1.6591
0.23546,0.3905,1.6636
0.23672,0.37006,1.6693
0.23666,0.35337,1.6728
0.2371,0.3304,1.6787
0.23754,0.31314,1.6805
0.23811,0.28988,1.6846
0.23852,0.27299,1.682
0.2387,0.24945,1.687
0.23897,0.23165,1.6873
0.23898,0.20771,1.6904
0.23911,0.19042,1.687
0.23864,0.16624,1.6895
0.23843,0.14835,1.685
0.23854,0.12403,1.6842
0.23849,0.10657,1.6851
0.23779,0.082531,1.681
0.23734,0.064998,1.6804
0.23681,0.040906,1.6753
0.23604,0.02349,1.668
0.23418,-0.00034631,1.6568
0.23393,-0.017487,1.6542
0.23364,-0.040949,1.6504
0.23235,-0.05764,1.6402
0.23067,-0.080673,1.631
0.22975,-0.096982,1.6204
0.22821,-0.11987,1.6147
0.22519,-0.13454,1.5935
0.22222,-0.15483,1.5639
0.21981,-0.16934,1.5568
0.21569,-0.18823,1.5303
0.21324,-0.20202,1.5096
0.20208,-0.21275,1.4449
0.19554,-0.21779,1.3813
0.18517,-0.22564,1.3115
0.1703,-0.22114,1.2102
0.15048,-0.20968,1.0588
0.10916,-0.15909,0.76289
0.088727,-0.13908,0.6261
0.082044,-0.13446,0.57589
0.080382,-0.13917,0.56613
0.078157,-0.14164,0.55022
0.077402,-0.14826,0.5464
0.076105,-0.15053,0.53492
0.075403,-0.15729,0.53027
0.074689,-0.16074,0.52463
0.074007,-0.16691,0.52027
0.073371,-0.17101,0.51604
0.072875,-0.1769,0.5118
0,0,-1
0,0,-1
0,0,-1
0,0,-1
0.18459,0.5479,1.4221
0.18204,0.51052,1.3974
0.18136,0.49776,1.3955
0.18401,0.4872,1.4247
0.19095,0.49198,1.4754
0.19593,0.48428,1.5149
0.20372,0.48684,1.5683
0.20828,0.47409,1.6048
0.21046,0.46403,1.6302
0.21571,0.44958,1.6677
0.21705,0.43606,1.6728
0.2181,0.41446,1.686
0.21879,0.39712,1.6882
0.21945,0.37455,1.695
0.2195,0.35783,1.697
0.22009,0.3348,1.6993
0.22055,0.31862,1.702
0.22143,0.29496,1.7067
0.22144,0.27697,1.7126
0.22201,0.25309,1.7175
0.22233,0.23605,1.72
0.22273,0.21188,1.7231
0.2228,0.19393,1.7188
0.22306,0.1694,1.7193
0.22281,0.15117,1.7194
0.22261,0.12645,1.7184
0.22231,0.10851,1.7123
0.22135,0.084047,1.7098
0.22102,0.066208,1.7092
0.22075,0.041726,1.7087
0.22012,0.024004,1.7013
0.2199,-0.0003409,1.695
0.21883,-0.017784,1.6875
0.21713,-0.041677,1.681
0.21643,-0.058681,1.666
0.21448,-0.082022,1.6597
0.21401,-0.098827,1.6444
0.21112,-0.12126,1.6316
0.21009,-0.1369,1.6201
0.20768,-0.15771,1.6042
0.20536,-0.17284,1.5853
0.20096,-0.19134,1.5528
0.1958,-0.20255,1.515
0.18509,-0.21306,1.436
0.17577,-0.21362,1.3488
0.16511,-0.22176,1.2862
0.14678,-0.20821,1.1355
0.13163,-0.20021,1.0212
0.1016,-0.16329,0.78454
0.082936,-0.14166,0.64005
0.075372,-0.13548,0.58327
0.0741,-0.14067,0.56838
0.071652,-0.14185,0.55094
0.071025,-0.14847,0.54723
0.069982,-0.1518,0.53837
0.069112,-0.15751,0.53107
0.068409,-0.16156,0.52659
0.067785,-0.16769,0.52212
0.067202,-0.17125,0.51685
0.066748,-0.17714,0.51255
0.06618,-0.18174,0.50823
0,0,-1
0,0,-1
0,0,-1
0.17018,0.55383,1.4419
0.16833,0.53067,1.4306
0.16465,0.49839,1.4039
0.16705,0.48724,1.416
0.16756,0.47412,1.4204
0.16705,0.45561,1.4097
0.17871,0.4737,1.525
0.19033,0.47863,1.6216
0.19512,0.47218,1.664
0.20258,0.46695,1.7254
0.20355,0.45047,1.7323
0.20445,0.42806,1.7382
0.20468,0.41044,1.741
0.20509,0.38679,1.7442
0.20532,0.36898,1.7477
0.20509,0.34388,1.7467
0.20534,0.32612,1.7498
0.20539,0.30176,1.7488
0.2055,0.28406,1.751
0.20545,0.2585,1.7526
0.20564,0.24062,1.7531
0.20578,0.21562,1.7523
0.20559,0.19745,1.7524
0.20562,0.17247,1.7528
0.2054,0.15432,1.7517
0.20514,0.12903,1.7496
0.20478,0.1108,1.746
0.20482,0.085751,1.7453
0.20456,0.067539,1.7441
0.20416,0.042576,1.7399
0.20386,0.024515,1.7388
0.20386,-0.00033687,1.736
0.20331,-0.018267,1.7314
0.2026,-0.042912,1.7265
0.20217,-0.060699,1.7238
0.20167,-0.085029,1.7136
0.20058,-0.1022,1.7081
0.19909,-0.12551,1.693
0.19747,-0.14233,1.6808
0.19401,-0.16323,1.6504
0.19065,-0.17789,1.6303
0.18355,-0.19339,1.5674
0.17808,-0.20363,1.5198
0.16802,-0.21335,1.4381
0.15956,-0.21404,1.3507
0.14989,-0.22206,1.2881
0.13324,-0.20849,1.1372
0.11949,-0.20048,1.0227
0.096592,-0.17153,0.82117
0.079338,-0.1507,0.67722
0.069294,-0.13694,0.58614
0.067322,-0.14093,0.56983
0.065509,-0.14307,0.55183
0.064477,-0.14926,0.54799
0.063592,-0.15227,0.53977
0.062994,-0.15877,0.53557
0.062248,-0.16202,0.52737
0.061768,-0.16803,0.52395
0.06108,-0.17204,0.51788
0.06058,-0.17744,0.51354
0.060168,-0.18198,0.50987
0.05974,-0.18727,0.50629
0,0,-1
0,0,-1
0.15775,0.5718,1.4946
0.15424,0.54281,1.4641
0.15473,0.52938,1.4689
0.15539,0.51061,1.4754
0.15094,0.47467,1.4221
0.15002,0.45615,1.4114
0.16019,0.47001,1.5382
0.17258,0.4841,1.6349
0.18129,0.49034,1.7212
0.18367,0.47245,1.7426
0.18388,0.45429,1.7466
0.18449,0.43164,1.7527
0.1849,0.41339,1.7531
0.18486,0.3891,1.7565
0.18513,0.37085,1.7584
0.18513,0.34616,1.76
0.18492,0.32762,1.7573
0.18522,0.30326,1.7608
0.18519,0.28484,1.7602
0.18534,0.25993,1.762
0.18545,0.24169,1.7611
0.18515,0.21653,1.7611
0.18514,0.19818,1.7604
0.18495,0.17293,1.7573
0.18486,0.15487,1.7567
0.18483,0.1296,1.756
0.18434,0.11115,1.7531
0.18427,0.085956,1.7497
0.18398,0.067796,1.7493
0.18378,0.042711,1.7472
0.18346,0.024601,1.7431
0.18332,-0.00032721,1.7413
0.18306,-0.018322,1.7383
0.18264,-0.043066,1.7337
0.18212,-0.060982,1.7297
0.18145,-0.085411,1.7251
0.181,-0.10289,1.7149
0.17997,-0.12666,1.7087
0.17865,-0.1431,1.6939
0.17712,-0.16641,1.6808
0.17405,-0.18037,1.6509
0.17095,-0.20113,1.6298
0.16463,-0.2096,1.5674
0.15675,-0.22143,1.478
0.14704,-0.22161,1.3869
0.14049,-0.23277,1.343
0.12582,-0.21914,1.2013
0.11214,-0.21254,1.0866
0.091781,-0.18188,0.8792
0.07634,-0.16115,0.72617
0.063984,-0.14201,0.60923
0.061123,-0.14273,0.58249
0.058912,-0.14436,0.55929
0.058271,-0.14999,0.55043
0.057465,-0.15254,0.54044
0.056852,-0.15931,0.53723
0.055988,-0.16227,0.52994
0.055651,-0.16839,0.52473
0.055057,-0.17235,0.51983
0.054471,-0.17858,0.51552
0.054152,-0.18239,0.51108
0.053793,-0.18865,0.50718
0.053444,-0.19179,0.50486
0,0,-1
0.13792,0.56672,1.4785
0.14042,0.55369,1.5032
0.14119,0.54395,1.5144
0.14119,0.52467,1.5211
0.14311,0.51214,1.5458
0.14155,0.488,1.5353
0.15235,0.50602,1.6303
0.15794,0.49855,1.6975
0.16218,0.49615,1.7382
0.16314,0.47365,1.7512
0.16346,0.45621,1.7551
0.164,0.43256,1.7605
0.16392,0.41495,1.7595
0.16436,0.39047,1.7634
0.16423,0.37235,1.7623
0.16458,0.34714,1.7653
0.16433,0.32912,1.7654
0.16454,0.30455,1.7659
0.16438,0.28587,1.7658
0.16443,0.26058,1.765
0.16444,0.24236,1.7658
0.16431,0.2172,1.7641
0.16431,0.19874,1.7645
0.16425,0.17349,1.7647
0.16399,0.15507,1.7606
0.16381,0.12975,1.7581
0.16362,0.11135,1.7564
0.16346,0.086121,1.7547
0.16318,0.06792,1.7524
0.16291,0.042838,1.7507
0.16281,0.024658,1.7479
0.16267,-0.00031801,1.7453
0.16241,-0.018344,1.7431
0.16203,-0.043175,1.7374
0.16178,-0.061068,1.7352
0.16127,-0.085801,1.7308
0.16046,-0.10316,1.722
0.15961,-0.12715,1.7132
0.15855,-0.14381,1.6999
0.1573,-0.16693,1.6868
0.15478,-0.1818,1.6615
0.153,-0.20239,1.6351
0.1476,-0.21083,1.5802
0.14137,-0.22532,1.5212
0.13227,-0.22673,1.4115
0.12714,-0.23804,1.3534
0.11753,-0.22912,1.2597
0.10553,-0.22517,1.1459
0.086968,-0.19408,0.92983
0.072144,-0.17199,0.77542
0.058926,-0.14731,0.63288
0.054916,-0.14481,0.58997
0.052592,-0.14476,0.56247
0.051901,-0.15043,0.5527
0.050949,-0.15343,0.54338
0.050408,-0.15975,0.53822
0.049788,-0.16279,0.53122
0.049315,-0.16928,0.5253
0.04879,-0.17252,0.52039
0.0485,-0.17905,0.51682
0.048101,-0.18306,0.51306
0.047758,-0.18906,0.50871
0.047365,-0.19246,0.5057
0,0,-1
0.13362,0.62504,1.6369
0.13421,0.60464,1.6445
0.13427,0.58914,1.6469
0.13366,0.56383,1.6466
0.13406,0.54865,1.6517
0.13663,0.53823,1.6837
0.13877,0.52862,1.7089
0.14124,0.51383,1.7413
0.14161,0.49724,1.7461
0.14255,0.4751,1.7585
0.14276,0.45801,1.7608
0.1432,0.43373,1.7641
0.1431,0.41577,1.7651
0.1434,0.39134,1.7693
0.14345,0.37332,1.7685
0.14337,0.34774,1.7685
0.14351,0.32987,1.7678
0.14344,0.3049,1.7708
0.14347,0.28628,1.7692
0.14331,0.26103,1.7668
0.14333,0.24272,1.7672
0.14313,0.21742,1.7678
0.14319,0.199,1.7671
0.14307,0.1737,1.7669
0.14283,0.1553,1.7639
0.1428,0.12997,1.7615
0.1425,0.11158,1.7586
0.14241,0.086345,1.7569
0.14211,0.067996,1.7554
0.14189,0.042897,1.754
0.14172,0.02472,1.7498
0.14169,-0.00030994,1.7486
0.14145,-0.018384,1.7449
0.14109,-0.043209,1.7392
0.14092,-0.061171,1.738
0.14039,-0.085877,1.7354
0.14011,-0.10329,1.727
0.13929,-0.12747,1.7197
0.13817,-0.14413,1.7038
0.13725,-0.16744,1.6905
0.13546,-0.18251,1.6703
0.13336,-0.20311,1.6451
0.12916,-0.21317,1.5992
0.12384,-0.2268,1.5425
0.11728,-0.22923,1.4388
0.11315,-0.24146,1.3809
0.1048,-0.23675,1.2973
0.095287,-0.23594,1.1998
0.080644,-0.20521,0.98903
0.067217,-0.1838,0.83035
0.05289,-0.15174,0.65475
0.048888,-0.14803,0.59946
0.046292,-0.14651,0.56997
0.045302,-0.15216,0.55733
0.044437,-0.15408,0.54678
0.044154,-0.16061,0.53914
0.043438,-0.16371,0.53259
0.043034,-0.16943,0.52887
0.042504,-0.17271,0.52104
0.042253,-0.17916,0.51863
0.041962,-0.18358,0.51544
0.041728,-0.18964,0.51119
0.041381,-0.19327,0.50745
0.041049,-0.19888,0.50504
0.11449,0.6355,1.6614
0.115,0.61476,1.6692
0.11654,0.60721,1.688
0.11729,0.58409,1.6875
0.11755,0.56738,1.6928
0.1181,0.54642,1.7152
0.11871,0.53191,1.7203
0.12121,0.51727,1.7544
0.12123,0.49896,1.7536
0.12175,0.47735,1.7649
0.12172,0.45867,1.7652
0.12208,0.43502,1.7683
0.12195,0.41684,1.7684
0.12222,0.39225,1.7721
0.12224,0.37389,1.7722
0.12223,0.34884,1.7736
0.12221,0.33038,1.7694
0.12221,0.30525,1.7729
0.12216,0.28707,1.771
0.1222,0.26144,1.7697
0.12209,0.24308,1.7692
0.12188,0.21788,1.7694
0.12198,0.19922,1.7696
0.1219,0.17396,1.7687
0.1216,0.1555,1.7657
0.12161,0.13008,1.7647
0.12135,0.11174,1.7624
0.12126,0.086448,1.7586
0.12103,0.068088,1.7571
0.121,0.042956,1.7553
0.12069,0.024748,1.7514
0.12064,-0.00030301,1.7499
0.12053,-0.018393,1.747
0.12011,-0.043288,1.7438
0.12001,-0.061233,1.7401
0.11977,-0.085981,1.7379
0.11943,-0.10362,1.7324
0.11873,-0.1278,1.7225
0.11773,-0.14443,1.7084
0.11706,-0.1679,1.6971
0.11545,-0.18283,1.6746
0.11413,-0.20447,1.6503
0.11078,-0.21624,1.6124
0.10753,-0.23019,1.5583
0.10037,-0.23239,1.4676
0.097742,-0.24476,1.419
0.092767,-0.2466,1.3385
0.085609,-0.24488,1.2444
0.072521,-0.21964,1.0561
0.061031,-0.19745,0.89957
0.046068,-0.15462,0.66528
0.043223,-0.15491,0.62365
0.039817,-0.14839,0.57454
0.039144,-0.1529,0.56404
0.038126,-0.15585,0.55038
0.037637,-0.16141,0.54334
0.037315,-0.16521,0.53582
0.036802,-0.17049,0.53075
0.036421,-0.17451,0.52428
0.036059,-0.17934,0.51971
0.035779,-0.18409,0.51695
0.035582,-0.19004,0.51343
0.035322,-0.19409,0.50985
0.035167,-0.20032,0.50414
0.094534,0.63587,1.6576
0.095936,0.62173,1.6835
0.097438,0.6125,1.7076
0.097838,0.5908,1.7152
0.097115,0.56874,1.7092
0.097492,0.54678,1.7164
0.097998,0.53226,1.7215
0.10036,0.5196,1.7635
0.10028,0.50115,1.7615
0.10065,0.47838,1.7683
0.10076,0.46079,1.7707
0.10105,0.43683,1.7745
0.10092,0.41819,1.7736
0.10098,0.3931,1.7766
0.10101,0.37492,1.7759
0.1009,0.34953,1.7754
0.10085,0.33064,1.7773
0.10094,0.30599,1.7744
0.10089,0.28727,1.773
0.10086,0.26183,1.7748
0.10072,0.24325,1.7711
0.10081,0.2181,1.7719
0.10067,0.19938,1.7714
0.10068,0.17416,1.77
0.10038,0.15564,1.7674
0.10038,0.13021,1.7661
0.10018,0.11176,1.7638
0.10006,0.086515,1.7607
0.09989,0.068142,1.7583
0.099832,0.042993,1.7567
0.099568,0.024783,1.7529
0.099514,-0.00029708,1.7512
0.099436,-0.018422,1.7484
0.099095,-0.043314,1.7456
0.099021,-0.06129,1.7438
0.09883,-0.086113,1.7408
0.09856,-0.1039,1.7367
0.098393,-0.12818,1.728
0.097418,-0.14477,1.711
0.096642,-0.16834,1.6993
0.09583,-0.1836,1.6819
0.094988,-0.2056,1.6655
0.092181,-0.21725,1.6235
0.090057,-0.23367,1.58
0.08427,-0.23448,1.5007
0.081562,-0.24859,1.4434
0.077373,-0.25141,1.3595
0.072992,-0.25281,1.295
0.063595,-0.23365,1.1244
0.054857,-0.21463,0.96248
0.039412,-0.16116,0.69381
0.036069,-0.1567,0.63362
0.034097,-0.15259,0.59478
0.032734,-0.15531,0.57201
0.031752,-0.15675,0.55473
0.031152,-0.16152,0.54694
0.030958,-0.16601,0.5392
0.030505,-0.17181,0.53268
0.030267,-0.1753,0.52944
0.029918,-0.18001,0.52284
0.029513,-0.1842,0.51821
0.029353,-0.19016,0.51378
0.029263,-0.19429,0.5106
0.028925,-0.20064,0.50782
0.074691,0.63676,1.6597
0.075692,0.62204,1.6855
0.077145,0.61471,1.7187
0.077454,0.59294,1.7264
0.076865,0.57142,1.7141
0.077156,0.54936,1.7213
0.077612,0.53538,1.733
0.079155,0.52201,1.7704
0.079258,0.50282,1.7686
0.079562,0.47983,1.7757
0.079586,0.46181,1.7769
0.079655,0.43745,1.7777
0.079577,0.4188,1.7777
0.07973,0.39387,1.7794
0.079681,0.37542,1.78
0.079595,0.35005,1.7795
0.0796,0.33169,1.7794
0.079533,0.30616,1.7786
0.079472,0.28761,1.7763
0.079451,0.26216,1.7759
0.079433,0.24352,1.7755
0.079392,0.21824,1.7734
0.079305,0.19973,1.7725
0.079287,0.17427,1.7711
0.079118,0.15574,1.7693
0.079084,0.13038,1.7679
0.078894,0.11195,1.7648
0.078838,0.086618,1.7618
0.078759,0.068185,1.7616
0.078614,0.043024,1.7577
0.07846,0.02481,1.7551
0.078363,-0.00029223,1.754
0.078264,-0.018428,1.7514
0.078104,-0.043335,1.7477
0.078015,-0.061394,1.7461
0.077938,-0.086166,1.7438
0.077778,-0.1041,1.7391
0.077545,-0.12867,1.7314
0.076889,-0.14527,1.7189
0.076568,-0.16874,1.7082
0.075803,-0.18464,1.69
0.074843,-0.20707,1.671
0.073442,-0.21983,1.6417
0.07178,-0.23795,1.6039
0.067834,-0.23914,1.5237
0.065429,-0.25134,1.4607
0.062343,-0.25437,1.4072
0.05955,-0.2627,1.3313
0.053248,-0.24426,1.1823
0.046506,-0.23282,1.0558
0.036053,-0.1862,0.80329
0.02862,-0.15785,0.63999
0.026933,-0.15386,0.60196
0.026379,-0.15988,0.58775
0.025187,-0.15787,0.55846
0.02494,-0.16367,0.55173
0.024426,-0.16729,0.54086
0.024241,-0.17265,0.536
0.023927,-0.17658,0.53135
0.023771,-0.18151,0.52617
0.023522,-0.18493,0.52025
0.023225,-0.19112,0.51466
0.023079,-0.19438,0.51057
0.02314,-0.20096,0.51098
0.054814,0.63847,1.6629
0.055375,0.62227,1.6877
0.056553,0.61596,1.7213
0.056781,0.59415,1.729
0.056572,0.57581,1.7198
0.056776,0.55358,1.727
0.057066,0.5378,1.7366
0.058085,0.52221,1.7712
0.057952,0.50515,1.77
0.058271,0.48181,1.7786
0.058237,0.4629,1.7804
0.058343,0.43821,1.7838
0.05831,0.42008,1.7814
0.058271,0.39474,1.7805
0.058332,0.37636,1.7839
0.058284,0.35091,1.7816
0.058186,0.33237,1.7807
0.058147,0.30673,1.7811
0.058138,0.28794,1.7801
0.058054,0.26255,1.7776
0.058025,0.24374,1.7782
0.057964,0.21833,1.7759
0.057947,0.19993,1.7751
0.057866,0.17444,1.7722
0.057753,0.15583,1.7729
0.05769,0.1306,1.7693
0.057604,0.11201,1.7665
0.057554,0.086682,1.7656
0.057482,0.068251,1.7624
0.057426,0.043049,1.759
0.057271,0.024842,1.7567
0.057203,-0.00028886,1.7552
0.057109,-0.018429,1.7533
0.05706,-0.043382,1.7491
0.056981,-0.061455,1.7479
0.05695,-0.086352,1.7466
0.056849,-0.10418,1.7417
0.056644,-0.12883,1.7367
0.056351,-0.14575,1.7263
0.055978,-0.16947,1.7156
0.055424,-0.18577,1.6999
0.054921,-0.20766,1.6817
0.053923,-0.22115,1.6562
0.053024,-0.24086,1.6229
0.050765,-0.24657,1.549
0.048608,-0.25685,1.4894
0.046905,-0.25802,1.4205
0.044435,-0.26855,1.3631
0.039989,-0.25697,1.2515
0.036574,-0.25201,1.1396
0.029966,-0.21165,0.91226
0.024129,-0.18218,0.73763
0.020109,-0.15711,0.6121
0.019602,-0.16169,0.59737
0.01897,-0.16313,0.57862
0.018305,-0.16468,0.55657
0.018123,-0.16898,0.54959
0.017792,-0.17357,0.53887
0.017593,-0.17717,0.53532
0.017433,-0.1833,0.52918
0.017338,-0.18712,0.52593
0.017153,-0.19204,0.51807
0.017003,-0.19588,0.51368
0,0,-1
0.034698,0.6384,1.6618
0.035126,0.62142,1.6867
0.035791,0.61777,1.7224
0.035945,0.59589,1.7325
0.035991,0.57758,1.7311
0.036107,0.55529,1.7384
0.03605,0.53798,1.7409
0.03668,0.52341,1.7693
0.036678,0.50549,1.7744
0.036863,0.48198,1.7827
0.036844,0.46457,1.7835
0.036889,0.43875,1.7856
0.036855,0.42088,1.7847
0.036778,0.3955,1.7875
0.036794,0.37676,1.7845
0.036743,0.35122,1.7851
0.036727,0.33279,1.7838
0.036681,0.30706,1.7828
0.036652,0.2884,1.7842
0.036615,0.26295,1.7808
0.036543,0.24433,1.7793
0.036584,0.21875,1.7791
0.036504,0.20003,1.776
0.036487,0.17463,1.7749
0.036379,0.15612,1.7735
0.036343,0.13072,1.7708
0.03625,0.11207,1.7701
0.036234,0.086773,1.7676
0.03621,0.068328,1.7642
0.036144,0.043109,1.7613
0.036059,0.024873,1.7588
0.036033,-0.00028661,1.7568
0.035933,-0.018431,1.7544
0.035926,-0.04345,1.7504
0.035896,-0.061487,1.7484
0.035875,-0.08644,1.7484
0.035808,-0.1044,1.7451
0.03575,-0.12898,1.7406
0.035612,-0.14642,1.7321
0.035385,-0.16998,1.7236
0.035208,-0.18646,1.7084
0.034821,-0.20922,1.6928
0.03418,-0.22317,1.6691
0.033813,-0.24341,1.6398
0.032797,-0.25231,1.5897
0.031667,-0.26588,1.5221
0.030042,-0.26636,1.4527
0.028821,-0.27707,1.4139
0.026728,-0.27262,1.3167
0.024919,-0.26902,1.2136
0.021052,-0.23659,1.0284
0.018013,-0.21504,0.87153
0.012991,-0.16153,0.62951
0.012566,-0.16448,0.60588
0.012188,-0.16577,0.58719
0.011899,-0.17026,0.57513
0.011535,-0.17001,0.55525
0.011382,-0.17608,0.54693
0.011217,-0.17927,0.53865
0.011083,-0.18354,0.53241
0.011052,-0.18807,0.52707
0.010913,-0.19392,0.52141
0.010847,-0.19749,0.51781
0.010808,-0.20318,0.51319
0.014604,0.63687,1.6652
0.014679,0.62187,1.685
0.01499,0.61784,1.7227
0.015053,0.59698,1.7345
0.015073,0.57989,1.74
0.015081,0.55535,1.7387
0.01506,0.53813,1.7424
0.015127,0.52226,1.7695
0.015281,0.50619,1.7771
0.015318,0.48345,1.7845
0.015294,0.46464,1.7865
0.015286,0.44007,1.7875
0.015267,0.42099,1.786
0.015248,0.39586,1.7878
0.01522,0.37728,1.7885
0.015187,0.35233,1.7866
0.015162,0.33299,1.7873
0.015131,0.30751,1.7846
0.015113,0.28893,1.7846
0.015085,0.26302,1.7824
0.015044,0.2446,1.781
0.015052,0.21888,1.7804
0.015018,0.20025,1.778
0.015006,0.17477,1.7778
0.014966,0.15615,1.7738
0.014943,0.13081,1.7746
0.014897,0.1121,1.7709
0.014889,0.086784,1.7688
0.014868,0.068456,1.7648
0.014842,0.043157,1.7631
0.014822,0.024894,1.7611
0.0148,-0.00028552,1.7593
0.01478,-0.01849,1.757
0.014765,-0.043486,1.7531
0.014742,-0.061584,1.7501
0.014739,-0.086539,1.7505
0.014723,-0.1045,1.7489
0.014696,-0.12926,1.7437
0.014675,-0.14704,1.7412
0.014617,-0.17097,1.7298
0.014518,-0.18757,1.7181
0.014418,-0.21047,1.7058
0.014238,-0.22513,1.6834
0.014026,-0.24652,1.6656
0.013711,-0.25651,1.6177
0.01333,-0.27176,1.5733
0.012559,-0.27373,1.4804
0.012365,-0.28467,1.4376
0.011484,-0.28419,1.3585
0.010961,-0.28345,1.2765
0.0095897,-0.2607,1.1221
0.0084353,-0.24249,0.98679
0.0063908,-0.19331,0.74802
0.0053145,-0.16794,0.61842
0.0050965,-0.16637,0.59005
0.0050435,-0.17316,0.58416
0.0049362,-0.17516,0.57138
0.0048518,-0.17973,0.55984
0.0047549,-0.18115,0.54534
0.0046666,-0.18592,0.53638
0.0046296,-0.18847,0.5315
0.0046112,-0.19483,0.52472
0.0045751,-0.19875,0.52239
0.0045667,-0.20441,0.51802
-0.0055245,0.63372,1.6614
-0.005649,0.62084,1.6831
-0.0058041,0.61692,1.7166
-0.0059023,0.59829,1.737
-0.0059496,0.5822,1.7425
-0.0059975,0.55749,1.7474
-0.0060255,0.53834,1.7435
-0.0061017,0.5232,1.7696
-0.0062052,0.50702,1.7828
-0.0062615,0.48377,1.7893
-0.0062886,0.46541,1.7891
-0.0063341,0.4406,1.7925
-0.0063576,0.42214,1.7911
-0.0063776,0.39652,1.7906
-0.0063909,0.3779,1.789
-0.0064151,0.35249,1.7886
-0.0064326,0.33339,1.7888
-0.0064524,0.3076,1.7909
-0.0064549,0.28916,1.7858
-0.0064688,0.26345,1.7849
-0.0064809,0.24466,1.7837
-0.0064922,0.21919,1.7824
-0.0064966,0.20055,1.7782
-0.0065037,0.17496,1.7804
-0.0065105,0.15634,1.7762
-0.0065125,0.13081,1.7749
-0.0065032,0.11231,1.771
-0.0064983,0.086897,1.7711
-0.0064995,0.068534,1.7669
-0.006491,0.043192,1.764
-0.0064896,0.024912,1.7635
-0.0064818,-0.00028555,1.7609
-0.0064649,-0.018505,1.759
-0.0064558,-0.043556,1.756
-0.0064477,-0.061661,1.7534
-0.00644,-0.086628,1.7523
-0.0064313,-0.10468,1.7513
-0.0064123,-0.12959,1.7474
-0.0063852,-0.14723,1.7425
-0.0063535,-0.17153,1.737
-0.0063063,-0.18818,1.7244
-0.0062528,-0.21123,1.7101
-0.0061629,-0.22671,1.6979
-0.006085,-0.24806,1.6737
-0.0059405,-0.25995,1.6365
-0.0057996,-0.27781,1.6064
-0.0055323,-0.2808,1.5393
-0.0052806,-0.29012,1.4636
-0.0050056,-0.29096,1.4063
-0.0047558,-0.29657,1.3439
-0.004346,-0.2808,1.2213
-0.0038943,-0.27346,1.1008
-0.0032773,-0.23748,0.92927
-0.0025778,-0.20065,0.73805
-0.0021151,-0.16823,0.6004
-0.0020392,-0.17329,0.58494
-0.0019865,-0.17645,0.57341
-0.0019449,-0.18066,0.56339
-0.0019123,-0.18462,0.5578
-0.0018607,-0.18802,0.54528
-0.0018176,-0.1912,0.53776
-0.0017883,-0.19613,0.53178
-0.0017618,-0.19994,0.52447
-0.0017316,-0.20524,0.52187
-0.025507,0.63325,1.6508
-0.025956,0.61988,1.683
-0.026554,0.61472,1.7164
-0.026877,0.5982,1.7404
-0.026991,0.58211,1.7458
-0.027072,0.55432,1.7371
-0.027085,0.53803,1.7422
-0.027325,0.51713,1.7568
-0.027702,0.50694,1.7834
-0.027842,0.484,1.79
-0.027886,0.46612,1.7919
-0.027993,0.44102,1.7934
-0.028044,0.42236,1.7916
-0.028062,0.39705,1.7938
-0.02808,0.37823,1.7896
-0.028073,0.35267,1.7903
-0.028078,0.33365,1.791
-0.028076,0.3078,1.7914
-0.028063,0.28935,1.7891
-0.028093,0.2635,1.7872
-0.028063,0.24502,1.7849
-0.0281,0.21947,1.7855
-0.028038,0.20058,1.7823
-0.028008,0.17516,1.7804
-0.028022,0.15659,1.7799
-0.028012,0.13099,1.7772
-0.027968,0.11248,1.7733
-0.027938,0.087038,1.7721
-0.027902,0.068587,1.7692
-0.027893,0.043258,1.7674
-0.027826,0.024966,1.7642
-0.027803,-0.00028674,1.7637
-0.02778,-0.018525,1.7606
-0.027691,-0.043582,1.7563
-0.027658,-0.061704,1.7545
-0.027641,-0.086693,1.7541
-0.027627,-0.10476,1.7531
-0.027594,-0.1296,1.7514
-0.027566,-0.14756,1.7485
-0.027417,-0.17203,1.74
-0.027311,-0.1895,1.7349
-0.02708,-0.21221,1.7183
-0.026899,-0.22925,1.7076
-0.026574,-0.25039,1.6884
-0.026212,-0.26379,1.6654
-0.025617,-0.28252,1.6306
-0.024793,-0.28906,1.5853
-0.023899,-0.30164,1.5236
-0.022625,-0.29714,1.4389
-0.021663,-0.30969,1.3925
-0.020266,-0.29973,1.2966
-0.0186,-0.29437,1.2062
-0.016548,-0.27559,1.0791
-0.014059,-0.24671,0.90164
-0.011144,-0.20065,0.71185
-0.0093072,-0.17608,0.59542
-0.0089907,-0.17713,0.57756
-0.0088787,-0.18324,0.56934
-0.0087458,-0.1859,0.5607
-0.008588,-0.19017,0.5492
-0.0084942,-0.19316,0.54499
-0.0082646,-0.19798,0.53522
-0.0082039,-0.20183,0.53272
-0.0081509,-0.20762,0.52293
-0.045445,0.63187,1.6514
-0.046192,0.61949,1.6826
-0.047294,0.61454,1.716
-0.047838,0.59779,1.7413
-0.048019,0.58171,1.7468
-0.047618,0.55022,1.7319
-0.047787,0.53405,1.737
-0.048495,0.51697,1.7564
-0.049184,0.50715,1.7829
-0.049523,0.48385,1.7899
-0.049517,0.4663,1.7919
-0.049718,0.44108,1.7946
-0.049772,0.42291,1.7961
-0.049773,0.39759,1.7954
-0.049752,0.37866,1.7962
-0.049814,0.35271,1.7933
-0.049708,0.33388,1.7932
-0.04972,0.30826,1.7936
-0.049681,0.28926,1.7895
-0.049763,0.26425,1.7907
-0.049643,0.24524,1.7886
-0.049681,0.21951,1.7857
-0.049613,0.20091,1.786
-0.049621,0.17519,1.784
-0.049542,0.15664,1.7821
-0.049567,0.13116,1.7815
-0.049533,0.11265,1.7789
-0.049391,0.087073,1.7737
-0.049377,0.068711,1.7726
-0.049312,0.043295,1.7705
-0.049268,0.024975,1.7672
-0.049153,-0.00028945,1.7662
-0.049102,-0.018539,1.7636
-0.04907,-0.043675,1.759
-0.048969,-0.061781,1.7583
-0.048938,-0.086854,1.7572
-0.048901,-0.10498,1.7563
-0.048818,-0.12991,1.7532
-0.048759,-0.14799,1.7499
-0.048659,-0.17264,1.7456
-0.048471,-0.18992,1.7409
-0.04814,-0.21339,1.7306
-0.047803,-0.22958,1.7156
-0.04732,-0.25233,1.6997
-0.046878,-0.26691,1.6852
-0.045964,-0.28613,1.6567
-0.045142,-0.29791,1.6291
-0.043698,-0.31045,1.5739
-0.041703,-0.31155,1.4978
-0.039244,-0.31645,1.4319
-0.037637,-0.31779,1.357
-0.035464,-0.31619,1.2836
-0.032791,-0.3059,1.1974
-0.028967,-0.28275,1.0457
-0.025352,-0.25857,0.92227
-0.019208,-0.20468,0.6931
-0.016616,-0.18224,0.59617
-0.015895,-0.18391,0.57482
-0.01573,-0.18838,0.56673
-0.015409,-0.1923,0.55812
-0.015228,-0.19556,0.54914
-0.015044,-0.20192,0.54477
-0.014737,-0.20325,0.53585
-0.014632,-0.20837,0.5308
-0.065196,0.63201,1.6532
-0.066336,0.61924,1.6774
-0.068013,0.61486,1.7182
-0.068777,0.59754,1.7407
-0.069024,0.58147,1.7462
-0.068291,0.5475,1.7172
-0.068522,0.5314,1.7223
-0.069456,0.51422,1.7458
-0.070876,0.50706,1.7827
-0.071174,0.48428,1.7911
-0.071275,0.46622,1.7935
-0.071372,0.44157,1.7978
-0.071551,0.42337,1.7979
-0.071438,0.39769,1.7967
-0.071474,0.37852,1.7965
-0.071574,0.35298,1.7993
-0.071474,0.33455,1.796
-0.071491,0.30856,1.7943
-0.071403,0.28999,1.7927
-0.071432,0.26415,1.791
-0.071289,0.24521,1.7912
-0.071333,0.21962,1.7878
-0.07127,0.20111,1.7853
-0.071255,0.17551,1.7873
-0.071218,0.15685,1.7834
-0.071117,0.13122,1.7834
-0.071127,0.11279,1.7821
-0.071005,0.087266,1.7763
-0.070889,0.068728,1.7738
-0.070759,0.043345,1.771
-0.0707,0.024981,1.7707
-0.070668,-0.00029307,1.7682
-0.070387,-0.018574,1.7654
-0.070372,-0.043685,1.7626
-0.070313,-0.061857,1.7591
-0.070269,-0.086972,1.7579
-0.070228,-0.10502,1.7569
-0.070158,-0.13,1.7562
-0.070128,-0.14805,1.7552
-0.069835,-0.17284,1.75
-0.069716,-0.19067,1.7432
-0.069401,-0.21438,1.7381
-0.068987,-0.23152,1.7286
-0.068399,-0.25353,1.7177
-0.067939,-0.26998,1.7
-0.066921,-0.28986,1.6782
-0.066183,-0.30341,1.6575
-0.064571,-0.31912,1.6179
-0.062406,-0.32628,1.5733
-0.059512,-0.33137,1.4928
-0.056467,-0.3305,1.4137
-0.053754,-0.33303,1.3521
-0.051227,-0.32864,1.2852
-0.046894,-0.31781,1.1731
-0.04185,-0.29998,1.069
-0.036021,-0.2697,0.91083
-0.028202,-0.21663,0.70665
-0.024349,-0.19585,0.61328
-0.022766,-0.18992,0.57308
-0.022392,-0.1956,0.5618
-0.02229,-0.19954,0.55997
-0.02196,-0.20527,0.55682
-0.021624,-0.20781,0.54454
-0.021395,-0.21221,0.53915
-0.085257,0.63124,1.6515
-0.086491,0.61646,1.6766
-0.08885,0.61717,1.7174
-0.089685,0.59768,1.7414
-0.089999,0.5816,1.7469
-0.089031,0.54719,1.7164
-0.089324,0.53111,1.7214
-0.090403,0.51375,1.7433
-0.092374,0.50735,1.7831
-0.09277,0.48429,1.7922
-0.092961,0.46648,1.7942
-0.093105,0.4418,1.798
-0.093235,0.42333,1.8005
-0.093234,0.3981,1.797
-0.093194,0.37961,1.7976
-0.093395,0.35366,1.7989
-0.093417,0.33469,1.7956
-0.093208,0.3086,1.7972
-0.093171,0.29013,1.7925
-0.093098,0.2643,1.7931
-0.093064,0.24551,1.7924
-0.092966,0.21993,1.7917
-0.092949,0.20128,1.789
-0.092821,0.17574,1.787
-0.092899,0.15696,1.7853
-0.092684,0.13146,1.784
-0.092736,0.11283,1.7825
-0.092668,0.087238,1.7816
-0.092458,0.068815,1.7762
-0.092338,0.043389,1.7736
-0.092299,0.02503,1.773
-0.092156,-0.00029797,1.7715
-0.091996,-0.01861,1.7671
-0.091798,-0.043688,1.7618
-0.091668,-0.061863,1.7599
-0.091617,-0.086966,1.76
-0.091565,-0.10511,1.7591
-0.091412,-0.13025,1.7585
-0.091432,-0.14833,1.7571
-0.091212,-0.17318,1.7534
-0.091089,-0.191,1.7507
-0.090804,-0.21526,1.745
-0.090392,-0.23264,1.7367
-0.089815,-0.25597,1.7264
-0.088954,-0.27124,1.7142
-0.088399,-0.29352,1.6952
-0.087174,-0.30692,1.6767
-0.085927,-0.32643,1.6532
-0.084015,-0.33617,1.6236
-0.081034,-0.34815,1.5679
-0.077341,-0.34587,1.4949
-0.073309,-0.35122,1.4084
-0.069852,-0.34921,1.3575
-0.066243,-0.34553,1.2773
-0.061236,-0.33351,1.1889
-0.055077,-0.3178,1.0643
-0.047111,-0.28007,0.9153
-0.037738,-0.23295,0.72263
-0.032126,-0.20569,0.62166
-0.030351,-0.20252,0.58943
-0.029327,-0.20112,0.56444
-0.028951,-0.20719,0.55775
-0.028816,-0.21077,0.55584
-0.028383,-0.21617,0.54617
-0.10489,0.62961,1.6485
-0.10667,0.61604,1.6756
-0.10936,0.61675,1.7164
-0.11081,0.59728,1.7403
-0.11119,0.5812,1.7458
-0.10977,0.5506,1.7247
-0.11012,0.53441,1.729
-0.11122,0.51238,1.7398
-0.11383,0.50775,1.7855
-0.11433,0.48416,1.7926
-0.11461,0.46655,1.7936
-0.11499,0.44207,1.7971
-0.11498,0.42348,1.7993
-0.11523,0.39813,1.7981
-0.11512,0.37955,1.7987
-0.1151,0.35382,1.8003
-0.11529,0.3349,1.7986
-0.11481,0.30917,1.7983
-0.11482,0.29023,1.7973
-0.11496,0.26493,1.7937
-0.11484,0.24573,1.7925
-0.11481,0.22021,1.7923
-0.11471,0.20153,1.7919
-0.11464,0.17603,1.7913
-0.11441,0.15729,1.7878
-0.11451,0.13154,1.7843
-0.11439,0.11301,1.7845
-0.11421,0.087401,1.7813
-0.11419,0.068923,1.7787
-0.11391,0.043429,1.7758
-0.11369,0.025035,1.7755
-0.11365,-0.00030407,1.7723
-0.11359,-0.018617,1.7709
-0.11323,-0.043825,1.7635
-0.11301,-0.061878,1.76
-0.11294,-0.087074,1.7607
-0.11288,-0.10524,1.7597
-0.11277,-0.13033,1.758
-0.11268,-0.14862,1.758
-0.11253,-0.17339,1.7536
-0.11251,-0.19134,1.7535
-0.11226,-0.21578,1.748
-0.11176,-0.23354,1.7443
-0.11151,-0.25771,1.7379
-0.11066,-0.27369,1.7285
-0.10987,-0.29608,1.7154
-0.10877,-0.31095,1.6957
-0.10801,-0.33295,1.6854
-0.10566,-0.34393,1.6505
-0.10341,-0.36276,1.626
-0.10044,-0.3643,1.5644
-0.095739,-0.37372,1.5155
-0.091466,-0.36577,1.4298
-0.087378,-0.37128,1.364
-0.082105,-0.36217,1.2757
-0.077118,-0.36221,1.2236
-0.069714,-0.3322,1.0895
-0.063076,-0.31805,0.98852
-0.049225,-0.25563,0.77314
-0.042581,-0.23117,0.66901
-0.038733,-0.21493,0.60614
-0.036944,-0.21463,0.57919
-0.035648,-0.21214,0.55671
-0.035331,-0.21752,0.55402
-0.12458,0.62927,1.6491
-0.12671,0.61579,1.6721
-0.12997,0.61523,1.7126
-0.13169,0.59704,1.7371
-0.13213,0.58097,1.7425
-0.1321,0.55587,1.7387
-0.13093,0.53397,1.7277
-0.13153,0.51156,1.7345
-0.13559,0.50738,1.7847
-0.13617,0.48423,1.792
-0.13621,0.46649,1.7965
-0.13665,0.44193,1.7992
-0.13668,0.42369,1.7986
-0.13692,0.39887,1.8041
-0.13674,0.38002,1.7996
-0.13709,0.3541,1.8007
-0.13698,0.33545,1.7997
-0.13668,0.30977,1.7997
-0.13647,0.29082,1.7959
-0.13659,0.26495,1.7971
-0.1366,0.24645,1.7948
-0.1365,0.22038,1.7943
-0.1364,0.20199,1.793
-0.13637,0.17608,1.793
-0.13628,0.15753,1.7915
-0.13603,0.13176,1.7883
-0.13606,0.11306,1.784
-0.13579,0.087526,1.7845
-0.13569,0.068966,1.7806
-0.13549,0.043488,1.7762
-0.13542,0.025058,1.7763
-0.13501,-0.00031147,1.7742
-0.13491,-0.018639,1.7707
-0.1347,-0.043851,1.7666
-0.1344,-0.06204,1.7634
-0.13433,-0.087211,1.764
-0.13425,-0.10537,1.7625
-0.13427,-0.13046,1.7608
-0.13419,-0.14873,1.7594
-0.13388,-0.17369,1.7575
-0.13374,-0.19167,1.7562
-0.13352,-0.21603,1.7528
-0.13333,-0.23402,1.7493
-0.13286,-0.25829,1.7428
-0.13248,-0.27527,1.7355
-0.13179,-0.29914,1.7312
-0.13065,-0.31335,1.7153
-0.1298,-0.33623,1.7023
-0.12815,-0.34953,1.6819
-0.12709,-0.36969,1.6664
-0.12396,-0.37889,1.6279
-0.12097,-0.3926,1.5975
-0.11576,-0.39304,1.5209
-0.11025,-0.39023,1.4595
-0.10595,-0.38666,1.3895
-0.099232,-0.39116,1.3303
-0.093694,-0.37955,1.2196
-0.088241,-0.37639,1.1594
-0.081031,-0.3514,1.0506
-0.070426,-0.31805,0.92351
-0.054619,-0.25766,0.7225
-0.049458,-0.24327,0.6559
-0.045499,-0.22922,0.60106
-0.043754,-0.22822,0.57901
-0.14394,0.62931,1.6452
-0.14675,0.61526,1.6698
-0.15053,0.61373,1.7111
-0.15245,0.59592,1.7343
-0.15302,0.58042,1.741
-0.15351,0.55705,1.7461
-0.15162,0.53168,1.725
-0.15226,0.50919,1.7318
-0.15704,0.50738,1.7831
-0.15769,0.48457,1.7913
-0.15806,0.46667,1.7949
-0.15828,0.44199,1.8009
-0.15861,0.42395,1.7994
-0.15871,0.39897,1.803
-0.15882,0.38047,1.8004
-0.15875,0.35472,1.8027
-0.15857,0.33563,1.8024
-0.15867,0.31006,1.8001
-0.15833,0.29075,1.7983
-0.15834,0.265,1.7977
-0.15827,0.24646,1.7962
-0.15849,0.22078,1.7956
-0.1582,0.20188,1.7957
-0.15814,0.17646,1.7962
-0.15804,0.15755,1.7929
-0.15793,0.13197,1.7904
-0.15754,0.11305,1.7875
-0.15763,0.08755,1.7837
-0.15743,0.069064,1.7835
-0.15712,0.043504,1.7797
-0.15696,0.025078,1.7766
-0.15688,-0.00031974,1.775
-0.15626,-0.018668,1.7723
-0.15616,-0.043869,1.7677
-0.15592,-0.062067,1.7643
-0.15583,-0.087212,1.7661
-0.15575,-0.10541,1.7649
-0.15568,-0.13076,1.7622
-0.15556,-0.14892,1.761
-0.15536,-0.17391,1.7587
-0.15525,-0.19212,1.7587
-0.15499,-0.21667,1.758
-0.15479,-0.23496,1.7557
-0.15442,-0.25914,1.7494
-0.15416,-0.27608,1.7466
-0.15346,-0.30027,1.7389
-0.15273,-0.31656,1.7275
-0.15188,-0.34017,1.7202
-0.1506,-0.35518,1.707
-0.14929,-0.37642,1.6934
-0.1471,-0.39025,1.6713
-0.14572,-0.40942,1.6484
-0.14105,-0.41171,1.6026
-0.13738,-0.42203,1.5608
-0.13129,-0.4157,1.4866
-0.12466,-0.42214,1.4046
-0.11872,-0.41624,1.347
-0.11322,-0.41815,1.3005
-0.10782,-0.40803,1.2283
-0.1012,-0.40479,1.1571
-0.092644,-0.37803,1.0432
-0.079779,-0.33559,0.90774
-0.062642,-0.27194,0.7138
-0.057969,-0.25824,0.65629
-0.16363,0.62786,1.6435
-0.1664,0.61457,1.6681
-0.17077,0.61279,1.711
-0.17291,0.59584,1.7326
-0.17433,0.58187,1.7446
-0.17511,0.55939,1.7519
-0.17185,0.53018,1.7148
-0.17257,0.50775,1.7215
-0.17839,0.50785,1.7836
-0.17954,0.48436,1.7928
-0.17957,0.46692,1.7946
-0.18019,0.4424,1.7994
-0.18047,0.42385,1.8032
-0.18087,0.39914,1.8054
-0.1805,0.38073,1.8044
-0.1809,0.35449,1.8052
-0.18062,0.33577,1.8042
-0.18057,0.31001,1.8037
-0.1803,0.29117,1.801
-0.18023,0.26536,1.8001
-0.18025,0.2464,1.7982
-0.18035,0.22082,1.7972
-0.18021,0.2022,1.7963
-0.17982,0.17637,1.7955
-0.17977,0.15768,1.7959
-0.17965,0.132,1.7927
-0.17953,0.11336,1.7896
-0.17916,0.08753,1.7869
-0.17909,0.069058,1.7855
-0.17868,0.043557,1.7825
-0.17859,0.025091,1.7783
-0.17846,-0.00032956,1.7783
-0.17814,-0.018678,1.7756
-0.17749,-0.043924,1.7695
-0.17734,-0.062143,1.7659
-0.17724,-0.087382,1.7679
-0.17696,-0.10561,1.7672
-0.1768,-0.13077,1.7655
-0.17693,-0.14896,1.7634
-0.177,-0.17412,1.7612
-0.17662,-0.19217,1.76
-0.17651,-0.21702,1.7582
-0.17628,-0.23508,1.756
-0.17593,-0.25972,1.7514
-0.17564,-0.27752,1.7505
-0.17509,-0.30139,1.7447
-0.17454,-0.31891,1.741
-0.17393,-0.34254,1.7324
-0.17301,-0.35851,1.7286
-0.172,-0.38176,1.7178
-0.17071,-0.39553,1.7086
-0.16929,-0.41755,1.6914
-0.16765,-0.42851,1.6652
-0.16566,-0.44753,1.6456
-0.15947,-0.44984,1.5838
-0.15523,-0.46033,1.5507
-0.14908,-0.45533,1.4863
-0.14389,-0.46444,1.4335
-0.13611,-0.45247,1.3538
-0.13185,-0.45399,1.308
-0.12459,-0.44426,1.247
-0.12129,-0.44226,1.1979
-0.11192,-0.42719,1.115
-0.10162,-0.40079,1.0148
-0.18312,0.62801,1.6353
-0.18622,0.61197,1.6619
-0.19117,0.61126,1.7091
-0.19356,0.59517,1.7311
-0.19642,0.58462,1.7496
-0.19729,0.56203,1.7569
-0.19171,0.52668,1.7086
-0.19251,0.50439,1.7153
-0.20023,0.50738,1.7842
-0.2014,0.48519,1.7934
-0.2015,0.46692,1.7961
-0.2022,0.44283,1.8022
-0.20221,0.42406,1.8027
-0.20287,0.39919,1.807
-0.20286,0.3805,1.8048
-0.20259,0.35498,1.8077
-0.20253,0.33588,1.8024
-0.20248,0.31006,1.8036
-0.20238,0.29114,1.8001
-0.20223,0.26572,1.8026
-0.202,0.2466,1.8008
-0.20217,0.22087,1.7989
-0.20206,0.2021,1.7969
-0.20179,0.1766,1.7961
-0.20142,0.15766,1.7949
-0.20114,0.13206,1.7942
-0.20117,0.1135,1.791
-0.20106,0.08775,1.7892
-0.20058,0.069093,1.7874
-0.2005,0.043542,1.784
-0.20026,0.0251,1.7809
-0.20001,-0.00034056,1.7791
-0.19972,-0.018715,1.776
-0.19933,-0.044008,1.77
-0.19894,-0.062173,1.7692
-0.1989,-0.087444,1.7698
-0.1988,-0.10561,1.7688
-0.19875,-0.13091,1.7663
-0.19861,-0.14908,1.7647
-0.19842,-0.1741,1.7624
-0.19831,-0.19243,1.7621
-0.19789,-0.21715,1.7608
-0.19774,-0.23524,1.7594
-0.19765,-0.25995,1.7551
-0.19764,-0.27782,1.7533
-0.19688,-0.30263,1.7501
-0.19652,-0.32022,1.747
-0.196,-0.3438,1.7429
-0.1956,-0.36075,1.7389
-0.19433,-0.38432,1.7332
-0.19383,-0.40067,1.7246
-0.19293,-0.42361,1.7127
-0.19155,-0.43756,1.7016
-0.18948,-0.45928,1.6872
-0.18839,-0.47211,1.6736
-0.18522,-0.49029,1.6482
-0.18053,-0.49493,1.608
-0.17758,-0.50875,1.5925
-0.17213,-0.51298,1.5438
-0.16896,-0.51825,1.4976
-0.16096,-0.51643,1.4604
-0.15698,-0.52225,1.4128
-0.1515,-0.51944,1.3635
-0.14657,-0.5204,1.3155
-0.20254,0.62476,1.632
-0.20535,0.61085,1.6598
-0.21149,0.60969,1.7061
-0.21434,0.5944,1.7301
-0.21785,0.58605,1.7545
-0.2188,0.56339,1.7618
-0.20999,0.52323,1.6878
-0.21086,0.50108,1.6944
-0.22192,0.50878,1.7867
-0.22325,0.48551,1.7961
-0.22339,0.46758,1.7975
-0.22419,0.4431,1.8033
-0.22414,0.42466,1.8043
-0.22462,0.39964,1.8083
-0.22488,0.38083,1.8079
-0.22462,0.3555,1.8069
-0.22443,0.3365,1.8072
-0.22457,0.31049,1.807
-0.22432,0.29144,1.802
-0.22433,0.26565,1.8015
-0.22409,0.24667,1.8012
-0.22424,0.2212,1.8016
-0.22386,0.20223,1.8001
-0.22378,0.17647,1.7972
-0.22338,0.15801,1.7969
-0.22329,0.13211,1.7944
-0.2231,0.11353,1.7929
-0.22266,0.087845,1.7888
-0.22253,0.069174,1.7885
-0.22207,0.043597,1.7857
-0.2219,0.025108,1.7836
-0.22172,-0.00035295,1.7817
-0.22119,-0.018738,1.7765
-0.22065,-0.044015,1.7715
-0.22037,-0.062303,1.7706
-0.22045,-0.087565,1.7695
-0.2205,-0.10583,1.771
-0.22033,-0.131,1.7695
-0.22035,-0.1492,1.768
-0.22007,-0.17433,1.7658
-0.21995,-0.19242,1.7654
-0.21934,-0.21729,1.7626
-0.21934,-0.23543,1.7606
-0.21898,-0.26056,1.7572
-0.21911,-0.27855,1.7587
-0.21861,-0.3029,1.7547
-0.21836,-0.32087,1.7516
-0.21759,-0.34536,1.747
-0.21734,-0.36301,1.743
-0.21662,-0.38691,1.7384
-0.21614,-0.40399,1.7363
-0.21527,-0.42717,1.7308
-0.21424,-0.44392,1.7258
-0.2132,-0.46475,1.7158
-0.21222,-0.48056,1.7059
-0.21091,-0.50098,1.696
-0.21011,-0.51702,1.6912
-0.20888,-0.53722,1.6789
-0.20623,-0.5465,1.6605
-0.2037,-0.56371,1.6355
-0.20116,-0.57669,1.615
-0.19922,-0.58768,1.5892
-0.19451,-0.59664,1.5597
-0.19233,-0.6088,1.5523
-0.22198,0.62279,1.6287
-0.22501,0.60997,1.6527
-0.23166,0.6081,1.7027
-0.23484,0.59354,1.7265
-0.23873,0.58544,1.7546
-0.23977,0.56279,1.7619
-0.22988,0.51871,1.6826
-0.23082,0.49674,1.6892
-0.24379,0.50862,1.7884
-0.24488,0.48554,1.798
-0.2452,0.46796,1.7994
-0.24564,0.44323,1.8027
-0.24591,0.42517,1.8024
-0.24655,0.39977,1.8075
-0.2466,0.38164,1.8094
-0.24639,0.35579,1.8101
-0.24622,0.33647,1.8071
-0.24644,0.31112,1.8089
-0.24624,0.29171,1.8063
-0.24597,0.26595,1.8031
-0.24584,0.2471,1.8035
-0.24604,0.22156,1.8017
-0.24593,0.20256,1.8009
-0.24559,0.17676,1.8001
-0.24536,0.15802,1.7979
-0.24502,0.13229,1.7933
-0.24497,0.11353,1.7932
-0.2448,0.087865,1.7916
-0.2446,0.069284,1.7879
-0.24412,0.043605,1.7866
-0.24376,0.02513,1.7858
-0.2438,-0.00036658,1.7838
-0.24284,-0.018776,1.7789
-0.24209,-0.044124,1.7741
-0.24188,-0.062252,1.7727
-0.24174,-0.08764,1.7725
-0.24162,-0.10592,1.7707
-0.24186,-0.13112,1.7684
-0.2417,-0.14934,1.7669
-0.24156,-0.17473,1.7671
-0.2414,-0.19285,1.7678
-0.2412,-0.21769,1.7649
-0.24109,-0.23566,1.7626
-0.24062,-0.26054,1.7613
-0.24025,-0.27866,1.763
-0.23973,-0.30324,1.7577
-0.23938,-0.32145,1.7562
-0.23949,-0.34594,1.7511
-0.23904,-0.36339,1.7488
-0.2387,-0.38779,1.7468
-0.23839,-0.40573,1.7448
-0.23762,-0.42946,1.7392
-0.23719,-0.44651,1.735
-0.23635,-0.47013,1.7288
-0.23572,-0.48682,1.7246
-0.23483,-0.50929,1.7178
-0.23416,-0.52566,1.7118
-0.2336,-0.55041,1.7049
-0.23256,-0.56651,1.7037
-0.23154,-0.58768,1.6964
-0.22978,-0.59999,1.6883
-0.22822,-0.61862,1.678
-0.22699,-0.63383,1.668
-0.22549,-0.65434,1.6555
-0.24031,0.62425,1.6228
-0.24458,0.60903,1.6497
-0.25147,0.60735,1.7002
-0.25538,0.59261,1.72
-0.25968,0.58514,1.7537
-0.26081,0.5625,1.7609
-0.24589,0.51331,1.6617
-0.24689,0.49157,1.6681
-0.26509,0.50916,1.7903
-0.26654,0.4861,1.7979
-0.26712,0.46863,1.8012
-0.26804,0.44355,1.8057
-0.26806,0.42533,1.8056
-0.26845,0.40029,1.8094
-0.26852,0.38127,1.8085
-0.26874,0.35622,1.8115
-0.26827,0.33655,1.8085
-0.26824,0.31093,1.8067
-0.26813,0.29242,1.8043
-0.26844,0.26635,1.806
-0.26799,0.24725,1.8027
-0.26765,0.22154,1.804
-0.26784,0.20282,1.8014
-0.26746,0.17681,1.7998
-0.2672,0.15817,1.7993
-0.26738,0.13237,1.7969
-0.26661,0.11368,1.7963
-0.26672,0.087851,1.7922
-0.26634,0.069305,1.7904
-0.26602,0.043702,1.7895
-0.26559,0.025132,1.785
-0.26564,-0.00038114,1.7851
-0.26502,-0.018816,1.7814
-0.2642,-0.044178,1.7769
-0.26383,-0.062393,1.7727
-0.26369,-0.087778,1.7734
-0.26355,-0.10608,1.7721
-0.26366,-0.13147,1.7707
-0.26366,-0.14974,1.7703
-0.26339,-0.1749,1.7686
-0.26316,-0.19304,1.7671
-0.26274,-0.21795,1.7661
-0.26257,-0.23594,1.7684
-0.26224,-0.2611,1.7649
-0.26211,-0.27949,1.7623
-0.26175,-0.30418,1.76
-0.26133,-0.32187,1.7578
-0.26081,-0.34633,1.7559
-0.26076,-0.36456,1.7536
-0.26058,-0.38939,1.7497
-0.26019,-0.40695,1.7496
-0.2594,-0.43116,1.7442
-0.25892,-0.44887,1.7435
-0.25836,-0.47261,1.7395
-0.25878,-0.48973,1.7417
-0.2578,-0.51447,1.7352
-0.25718,-0.53118,1.7305
-0.25694,-0.55536,1.7282
-0.25627,-0.57273,1.723
-0.25541,-0.59553,1.7232
-0.25602,-0.61513,1.7215
-0.25509,-0.63822,1.7191
-0.25549,-0.65417,1.7192
-0.25458,-0.67732,1.7165
-0.25974,0.62078,1.6227
-0.264,0.60625,1.6476
-0.27149,0.60633,1.6933
-0.27542,0.59071,1.7172
-0.28096,0.58427,1.7542
-0.28217,0.56165,1.7614
-0.26298,0.50598,1.6332
-0.26404,0.48454,1.6396
-0.28668,0.50897,1.7899
-0.28837,0.48575,1.7989
-0.28887,0.46826,1.8009
-0.28965,0.44389,1.805
-0.28994,0.42551,1.8073
-0.29087,0.40056,1.8108
-0.29104,0.38171,1.8105
-0.29107,0.35619,1.8139
-0.29064,0.33726,1.8102
-0.29054,0.31097,1.8097
-0.28992,0.29217,1.8064
-0.28986,0.26657,1.8049
-0.29015,0.24724,1.8052
-0.28989,0.22151,1.8027
-0.28948,0.20287,1.8041
-0.28957,0.17702,1.8008
-0.28895,0.15822,1.7994
-0.28929,0.13238,1.7998
-0.28879,0.11365,1.7985
-0.28824,0.08797,1.7977
-0.28829,0.069422,1.7919
-0.2877,0.043667,1.7917
-0.28757,0.025146,1.7876
-0.28721,-0.00039704,1.7877
-0.28673,-0.018868,1.782
-0.28555,-0.044141,1.7757
-0.28505,-0.062498,1.7731
-0.28532,-0.087867,1.7723
-0.28552,-0.10619,1.7748
-0.28527,-0.13153,1.7732
-0.28501,-0.14969,1.7718
-0.28465,-0.17496,1.7695
-0.28448,-0.1931,1.7692
-0.28421,-0.21844,1.7705
-0.28389,-0.23675,1.7682
-0.28357,-0.2616,1.7656
-0.28319,-0.27964,1.764
-0.28342,-0.30474,1.7614
-0.28309,-0.32246,1.7616
-0.28238,-0.34678,1.7574
-0.28245,-0.36488,1.755
-0.28182,-0.38967,1.7544
-0.28189,-0.40755,1.7538
-0.28136,-0.43229,1.7497
-0.28128,-0.44994,1.7516
-0.28074,-0.47498,1.7459
-0.28117,-0.49269,1.7453
-0.28017,-0.51712,1.7427
-0.2796,-0.53523,1.7414
-0.27982,-0.55832,1.7409
-0.28077,-0.57539,1.741
-0.27968,-0.60051,1.734
-0.27919,-0.61879,1.7375
-0.27918,-0.64503,1.7387
-0.28018,-0.66306,1.7415
-0.27883,-0.6889,1.7377
-0.27861,0.61786,1.615
-0.28337,0.604,1.6425
-0.2914,0.60524,1.6904
-0.29562,0.58963,1.7142
-0.30156,0.58338,1.7511
-0.30285,0.56079,1.7583
-0.28225,0.50504,1.6303
-0.28338,0.48363,1.6366
-0.30833,0.50854,1.7908
-0.31026,0.48602,1.7987
-0.31107,0.46841,1.8028
-0.31215,0.44395,1.8087
-0.31213,0.42541,1.8083
-0.31242,0.40047,1.8113
-0.31278,0.38249,1.8131
-0.31344,0.3562,1.8123
-0.31295,0.33727,1.8106
-0.3124,0.31155,1.8112
-0.3124,0.2922,1.8092
-0.31189,0.26642,1.8095
-0.31149,0.24763,1.8064
-0.31193,0.22193,1.805
-0.31148,0.20273,1.8038
-0.31139,0.17716,1.8035
-0.31102,0.15828,1.7997
-0.31089,0.1324,1.7993
-0.31109,0.11364,1.7984
-0.31015,0.088033,1.7997
-0.30956,0.069378,1.7969
-0.30951,0.043744,1.7926
-0.30909,0.025166,1.7895
-0.30885,-0.00041364,1.7893
-0.30821,-0.018871,1.7848
-0.30687,-0.044248,1.7805
-0.30667,-0.062501,1.7749
-0.30701,-0.087819,1.7744
-0.30722,-0.10612,1.7766
-0.30728,-0.13179,1.7749
-0.30704,-0.1502,1.7744
-0.30682,-0.17532,1.7724
-0.30651,-0.19358,1.7726
-0.30609,-0.2186,1.7709
-0.30623,-0.23675,1.7719
-0.30585,-0.26186,1.7676
-0.30587,-0.28009,1.7663
-0.30521,-0.3051,1.7647
-0.30468,-0.32285,1.7625
-0.3043,-0.3472,1.7599
-0.30388,-0.36523,1.7594
-0.30366,-0.39044,1.7559
-0.30326,-0.40823,1.7534
-0.30324,-0.43239,1.7528
-0.30322,-0.45078,1.7489
-0.30327,-0.47601,1.749
-0.30263,-0.4933,1.7527
-0.30226,-0.51841,1.7479
-0.30189,-0.53524,1.7496
-0.30228,-0.55995,1.7457
-0.30193,-0.57892,1.7469
-0.30098,-0.6027,1.7463
-0.30118,-0.62196,1.7467
-0.30227,-0.64686,1.7461
-0.30236,-0.6688,1.7521
-0.30318,-0.69275,1.756
-0.29701,0.61785,1.612
-0.30264,0.60267,1.6419
-0.31086,0.60371,1.6866
-0.31548,0.58827,1.7108
-0.32204,0.58313,1.749
-0.32341,0.56054,1.7561
-0.30712,0.51259,1.6623
-0.30835,0.49086,1.6687
-0.32976,0.50877,1.7883
-0.33182,0.48598,1.7973
-0.33249,0.4686,1.8024
-0.33362,0.44446,1.8083
-0.33424,0.42566,1.8109
-0.33456,0.40086,1.8146
-0.33484,0.3822,1.815
-0.33497,0.35686,1.8152
-0.33514,0.33778,1.8127
-0.3348,0.31171,1.8142
-0.33411,0.29273,1.8104
-0.33481,0.26651,1.811
-0.33371,0.24746,1.8083
-0.33356,0.22192,1.807
-0.33358,0.20325,1.8039
-0.33321,0.17696,1.804
-0.33316,0.15842,1.8035
-0.33262,0.13244,1.7979
-0.33252,0.11381,1.7982
-0.33264,0.088104,1.7971
-0.33205,0.069356,1.7968
-0.33142,0.043744,1.794
-0.33128,0.025159,1.7906
-0.33134,-0.00043218,1.7903
-0.32972,-0.018879,1.7855
-0.32919,-0.044244,1.7806
-0.3281,-0.062618,1.7795
-0.32847,-0.087976,1.7786
-0.32862,-0.10651,1.778
-0.32853,-0.13183,1.776
-0.32828,-0.15015,1.7737
-0.32813,-0.17534,1.7714
-0.3278,-0.19358,1.7746
-0.32757,-0.21873,1.7735
-0.32785,-0.23745,1.7721
-0.32724,-0.26234,1.7687
-0.32684,-0.28052,1.7718
-0.3263,-0.30571,1.7687
-0.32593,-0.32349,1.7661
-0.3256,-0.34803,1.763
-0.32532,-0.366,1.7614
-0.32539,-0.39067,1.7602
-0.32537,-0.40888,1.7587
-0.32509,-0.43289,1.7559
-0.32495,-0.45189,1.756
-0.32426,-0.47656,1.7539
-0.32398,-0.49506,1.7516
-0.32418,-0.51916,1.7516
-0.32447,-0.53715,1.7523
-0.32392,-0.5618,1.7495
-0.32389,-0.58069,1.7504
-0.32401,-0.60572,1.7521
-0.32434,-0.62383,1.7513
-0.32432,-0.6515,1.7577
-0.3256,-0.67073,1.7611
-0.32694,-0.69584,1.766
-0.31442,0.61531,1.6086
-0.32167,0.601,1.6316
-0.32968,0.60106,1.6765
-0.3346,0.58583,1.7071
-0.34254,0.58192,1.7434
-0.34399,0.55936,1.7505
-0.33064,0.52003,1.6886
-0.33196,0.49797,1.6951
-0.35146,0.5083,1.7846
-0.35347,0.48518,1.7979
-0.35462,0.46786,1.8024
-0.35589,0.44378,1.8086
-0.35604,0.42598,1.8114
-0.35703,0.40126,1.8145
-0.35762,0.38238,1.8158
-0.3578,0.35727,1.8166
-0.35676,0.33798,1.8164
-0.35746,0.3122,1.8154
-0.35649,0.29333,1.8132
-0.35632,0.267,1.8114
-0.35641,0.24792,1.81
-0.35627,0.22192,1.8093
-0.35532,0.20319,1.809
-0.35537,0.17732,1.8046
-0.35503,0.15857,1.8025
-0.35465,0.13259,1.8033
-0.35458,0.11391,1.8003
-0.35423,0.088198,1.8006
-0.35391,0.069504,1.7985
-0.35357,0.043699,1.7976
-0.35308,0.02515,1.7912
-0.35282,-0.0004517,1.7907
-0.35217,-0.01892,1.7867
-0.35097,-0.044263,1.7791
-0.35006,-0.062646,1.7785
-0.35078,-0.088085,1.7791
-0.35093,-0.10649,1.7798
-0.35033,-0.13199,1.7765
-0.35007,-0.15008,1.7784
-0.35015,-0.1755,1.7782
-0.3498,-0.19369,1.7764
-0.34925,-0.21899,1.7742
-0.34949,-0.23715,1.7734
-0.34883,-0.26251,1.7708
-0.34841,-0.28052,1.7702
-0.34845,-0.30602,1.7697
-0.34804,-0.32382,1.7717
-0.3476,-0.34861,1.7649
-0.34721,-0.36634,1.7638
-0.34666,-0.39112,1.7589
-0.34672,-0.40925,1.7577
-0.34628,-0.43439,1.7614
-0.34626,-0.45217,1.758
-0.34618,-0.47724,1.7569
-0.34598,-0.49509,1.7564
-0.3462,-0.52009,1.7536
-0.34577,-0.53841,1.7529
-0.34539,-0.56308,1.755
-0.34581,-0.58187,1.7564
-0.3469,-0.60742,1.7552
-0.34663,-0.62724,1.7621
-0.34738,-0.6533,1.7627
-0.34881,-0.67446,1.7709
-0.3487,-0.69901,1.7781
-0.33459,0.61602,1.6079
-0.33879,0.59969,1.6315
-0.34918,0.60055,1.6731
-0.35416,0.58277,1.7015
-0.36253,0.58026,1.7388
-0.36406,0.55776,1.7458
-0.35706,0.52808,1.72
-0.35848,0.50567,1.7265
-0.37295,0.50752,1.7862
-0.37493,0.48554,1.7971
-0.3759,0.46817,1.8024
-0.37789,0.44397,1.8083
-0.37784,0.4258,1.8095
-0.37843,0.4011,1.8135
-0.37898,0.38255,1.8161
-0.37975,0.35753,1.8183
-0.3796,0.33833,1.8158
-0.37904,0.31257,1.8149
-0.37918,0.29328,1.8151
-0.37891,0.26753,1.8131
-0.37833,0.24814,1.812
-0.37853,0.2221,1.8092
-0.37764,0.20338,1.8079
-0.37728,0.17733,1.8097
-0.37669,0.15862,1.8041
-0.37678,0.13263,1.8053
-0.37652,0.11399,1.8045
-0.37627,0.088072,1.8002
-0.37592,0.069491,1.8003
-0.37517,0.043738,1.7979
-0.37469,0.025166,1.7954
-0.37469,-0.00047267,1.791
-0.37355,-0.018951,1.787
-0.37257,-0.044363,1.7829
-0.37194,-0.062711,1.7779
-0.37209,-0.088244,1.7796
-0.37262,-0.10663,1.779
-0.3723,-0.13199,1.7781
-0.37202,-0.15057,1.779
-0.37187,-0.17596,1.7776
-0.37152,-0.19421,1.7773
-0.37126,-0.21917,1.7745
-0.37079,-0.23726,1.7744
-0.37066,-0.26315,1.775
-0.37017,-0.28113,1.7748
-0.37005,-0.30586,1.7718
-0.36942,-0.32365,1.7698
-0.3691,-0.34896,1.7693
-0.36981,-0.3668,1.7619
-0.36917,-0.39165,1.7629
-0.3691,-0.4097,1.7635
-0.36831,-0.43479,1.7597
-0.36871,-0.45341,1.7595
-0.36817,-0.47716,1.7571
-0.36819,-0.49567,1.7563
-0.3672,-0.52157,1.754
-0.36715,-0.53917,1.7609
-0.36797,-0.56391,1.7579
-0.36867,-0.58342,1.7607
-0.36829,-0.60801,1.7614
-0.36929,-0.62868,1.7628
-0.37049,-0.65685,1.7682
-0.37109,-0.67633,1.7828
-0.37065,-0.70119,1.7746
-0.35377,0.61204,1.601
-0.35759,0.59766,1.6244
-0.36854,0.59662,1.6721
-0.37364,0.58143,1.6961
-0.38289,0.57892,1.7343
-0.3848,0.55667,1.7419
-0.38132,0.53329,1.7318
-0.38282,0.51065,1.7383
-0.39385,0.5081,1.7849
-0.3959,0.48482,1.7936
-0.39784,0.46805,1.8021
-0.39985,0.44476,1.81
-0.39976,0.42705,1.812
-0.4009,0.40158,1.8144
-0.4008,0.38328,1.8143
-0.40131,0.35789,1.8181
-0.40125,0.33862,1.8197
-0.40154,0.31246,1.8172
-0.40148,0.29361,1.8143
-0.40108,0.2676,1.8161
-0.4004,0.24858,1.8142
-0.40053,0.22281,1.8114
-0.40003,0.20337,1.8107
-0.39971,0.17753,1.8118
-0.39945,0.15844,1.8071
-0.39792,0.13273,1.8035
-0.39821,0.11409,1.8029
-0.39852,0.088361,1.8026
-0.39795,0.069421,1.799
-0.39766,0.043778,1.797
-0.39683,0.02516,1.7959
-0.39647,-0.00049532,1.7951
-0.39539,-0.018991,1.7864
-0.39438,-0.044383,1.7849
-0.39397,-0.062722,1.7826
-0.39407,-0.088276,1.7816
-0.39402,-0.10677,1.7811
-0.39423,-0.13214,1.7817
-0.39388,-0.15073,1.781
-0.39364,-0.17607,1.7802
-0.39369,-0.19436,1.7783
-0.39326,-0.21961,1.7759
-0.39278,-0.23785,1.7779
-0.39289,-0.26278,1.7783
-0.39231,-0.28142,1.7756
-0.39173,-0.30679,1.7725
-0.39106,-0.32464,1.7726
-0.39102,-0.34913,1.7701
-0.39069,-0.36732,1.7703
-0.39066,-0.39276,1.7658
-0.39122,-0.41058,1.765
-0.39005,-0.43595,1.7623
-0.38986,-0.45322,1.7623
-0.39045,-0.47871,1.7644
-0.38998,-0.49724,1.7645
-0.38911,-0.52115,1.7632
-0.38989,-0.53961,1.7635
-0.39025,-0.5666,1.7657
-0.38951,-0.58385,1.7621
-0.38927,-0.61037,1.7644
-0.39247,-0.63095,1.7688
-0.39382,-0.65859,1.7787
-0.39389,-0.6774,1.7805
-0.39527,-0.70529,1.7828
-0.37044,0.60983,1.5966
-0.37646,0.59624,1.6194
-0.38662,0.59541,1.6682
-0.39208,0.58003,1.6922
-0.40187,0.57735,1.7294
-0.40498,0.5561,1.7395
-0.40616,0.5389,1.7444
-0.40775,0.51601,1.7509
-0.41475,0.50687,1.7824
-0.41748,0.48421,1.7955
-0.41877,0.46791,1.8005
-0.42107,0.44412,1.81
-0.42189,0.4264,1.8104
-0.42291,0.40177,1.8181
-0.42273,0.38265,1.8176
-0.42379,0.35771,1.8184
-0.42406,0.33882,1.8191
-0.42304,0.31261,1.8195
-0.42308,0.29395,1.8176
-0.42346,0.26777,1.8134
-0.4227,0.24868,1.814
-0.42222,0.2225,1.8138
-0.42242,0.20345,1.8094
-0.42187,0.17782,1.8092
-0.42122,0.15881,1.8092
-0.42133,0.13282,1.8044
-0.42063,0.11417,1.8028
-0.41955,0.088167,1.803
-0.41956,0.069528,1.8034
-0.41941,0.043757,1.7982
-0.41874,0.025154,1.7983
-0.41799,-0.00051767,1.7949
-0.41701,-0.019048,1.7903
-0.41651,-0.044491,1.7837
-0.41562,-0.062828,1.7827
-0.41563,-0.088406,1.7824
-0.41521,-0.10689,1.7815
-0.41486,-0.13228,1.7813
-0.41533,-0.15072,1.7799
-0.41494,-0.17611,1.7784
-0.41524,-0.19479,1.7771
-0.41514,-0.22007,1.7796
-0.41485,-0.23826,1.7806
-0.41473,-0.26345,1.7801
-0.41423,-0.28147,1.7774
-0.41355,-0.3068,1.7756
-0.41347,-0.32473,1.7753
-0.41262,-0.34997,1.7725
-0.41251,-0.36775,1.7696
-0.41293,-0.39271,1.7675
-0.41226,-0.4115,1.7687
-0.41125,-0.43627,1.764
-0.41223,-0.4542,1.767
-0.41179,-0.47899,1.7657
-0.41209,-0.49785,1.7654
-0.41181,-0.52252,1.7632
-0.4117,-0.54211,1.7647
-0.41102,-0.56611,1.7631
-0.41129,-0.5855,1.7649
-0.41424,-0.61301,1.7702
-0.41496,-0.63359,1.7776
-0.41582,-0.65906,1.7823
-0.41787,-0.68124,1.787
-0.41709,-0.70365,1.7915
-0.38997,0.60768,1.5935
-0.39501,0.59476,1.6119
-0.4056,0.59325,1.6605
-0.41071,0.57786,1.688
-0.42208,0.57353,1.7227
-0.42591,0.55471,1.7449
-0.42714,0.53831,1.7498
-0.42993,0.51872,1.757
-0.43527,0.50554,1.7761
-0.43821,0.48331,1.7909
-0.44078,0.46711,1.8003
-0.44253,0.44351,1.8092
-0.44328,0.42553,1.8116
-0.44443,0.40122,1.8146
-0.44532,0.38283,1.8173
-0.44556,0.35756,1.8218
-0.44548,0.33862,1.8197
-0.4465,0.31279,1.8211
-0.44569,0.29377,1.8176
-0.44534,0.26814,1.8193
-0.44574,0.24901,1.8163
-0.44546,0.22259,1.8164
-0.44408,0.20368,1.8123
-0.44374,0.17779,1.8119
-0.44354,0.1588,1.8087
-0.44278,0.13281,1.8065
-0.44182,0.11399,1.8046
-0.44189,0.088268,1.8027
-0.44171,0.069381,1.7992
-0.4413,0.043731,1.7996
-0.44054,0.025078,1.7996
-0.44008,-0.00054136,1.7985
-0.43841,-0.019031,1.7899
-0.43784,-0.044552,1.7855
-0.43721,-0.062923,1.785
-0.43813,-0.088441,1.7859
-0.43699,-0.10685,1.7849
-0.43782,-0.13238,1.7834
-0.43719,-0.15085,1.7809
-0.43667,-0.17614,1.7798
-0.43633,-0.19468,1.7823
-0.43765,-0.21991,1.7816
-0.43712,-0.23819,1.782
-0.43645,-0.2636,1.7795
-0.43581,-0.28162,1.7774
-0.43488,-0.30674,1.7762
-0.43444,-0.3246,1.7732
-0.43425,-0.35011,1.7688
-0.43436,-0.36789,1.7706
-0.43401,-0.39355,1.7729
-0.43458,-0.41139,1.7707
-0.43405,-0.43653,1.7702
-0.43345,-0.45446,1.7671
-0.43408,-0.48057,1.7654
-0.43389,-0.49827,1.7661
-0.43364,-0.52304,1.77
-0.43469,-0.54269,1.7707
-0.4339,-0.56739,1.7688
-0.43564,-0.58635,1.7664
-0.43465,-0.61264,1.7787
-0.43717,-0.63472,1.7824
-0.43689,-0.66276,1.7868
-0.43919,-0.68105,1.7876
-0.44028,-0.71024,1.7942
-0.40693,0.6067,1.5826
-0.41342,0.59283,1.6078
-0.42386,0.59076,1.6555
-0.42983,0.57634,1.6758
-0.44172,0.57201,1.7181
-0.44612,0.55386,1.7404
-0.44741,0.53748,1.7452
-0.45099,0.51942,1.7602
-0.45498,0.50416,1.771
-0.45886,0.48267,1.7895
-0.4615,0.4661,1.7986
-0.46399,0.4438,1.8075
-0.46491,0.42596,1.8103
-0.46647,0.40148,1.8152
-0.46733,0.38312,1.8187
-0.46786,0.35763,1.8249
-0.46744,0.33854,1.8226
-0.46809,0.31304,1.8203
-0.46794,0.2938,1.8189
-0.46785,0.26784,1.8177
-0.467,0.24919,1.8172
-0.46719,0.22287,1.8147
-0.46693,0.2039,1.8141
-0.4656,0.17763,1.8115
-0.46502,0.15899,1.8109
-0.46479,0.13306,1.8083
-0.46386,0.11389,1.807
-0.46364,0.088213,1.8037
-0.46275,0.069584,1.8036
-0.46292,0.043786,1.799
-0.46268,0.025113,1.7968
-0.46209,-0.00056834,1.7957
-0.45955,-0.019054,1.7933
-0.45892,-0.044507,1.7863
-0.45881,-0.06294,1.7823
-0.46003,-0.088435,1.7848
-0.4597,-0.10693,1.785
-0.45954,-0.13243,1.7845
-0.45921,-0.15079,1.7833
-0.45911,-0.17613,1.7815
-0.45897,-0.19439,1.7797
-0.4584,-0.22007,1.7795
-0.45866,-0.23855,1.7784
-0.45792,-0.26401,1.7768
-0.45816,-0.28218,1.7807
-0.45718,-0.30715,1.7792
-0.45641,-0.32527,1.7767
-0.45534,-0.35042,1.7749
-0.45585,-0.36862,1.774
-0.45593,-0.394,1.7712
-0.45557,-0.41197,1.7708
-0.45557,-0.43685,1.7692
-0.45575,-0.45547,1.769
-0.45649,-0.4806,1.7664
-0.45659,-0.49821,1.7718
-0.45629,-0.52456,1.772
-0.45584,-0.54273,1.7705
-0.45723,-0.56902,1.7719
-0.45676,-0.58813,1.7807
-0.4561,-0.61446,1.7751
-0.45905,-0.63822,1.7889
-0.45872,-0.66294,1.7889
-0.46083,-0.68397,1.7947
-0.46231,-0.7101,1.798
-0.42524,0.60509,1.5854
-0.43188,0.59122,1.5999
-0.441,0.5889,1.6473
-0.4488,0.57475,1.6713
-0.4612,0.56987,1.7135
-0.46604,0.55232,1.7341
-0.46738,0.53597,1.7389
-0.47085,0.51795,1.7554
-0.47431,0.50162,1.7653
-0.47994,0.4816,1.7859
-0.48264,0.46615,1.7991
-0.48499,0.44343,1.805
-0.48651,0.42514,1.8097
-0.48813,0.40112,1.8149
-0.48815,0.38248,1.8174
-0.48932,0.3574,1.8208
-0.48998,0.33893,1.8236
-0.4902,0.31324,1.8218
-0.48993,0.2941,1.8242
-0.49016,0.26789,1.8239
-0.48971,0.24918,1.8165
-0.48834,0.22315,1.8177
-0.48865,0.20371,1.8151
-0.48862,0.17776,1.8115
-0.48908,0.15895,1.8115
-0.48799,0.13292,1.8097
-0.48666,0.11425,1.8053
-0.4853,0.088143,1.8043
-0.48511,0.06944,1.8031
-0.4844,0.04375,1.8001
-0.484,0.025104,1.8003
-0.48327,-0.00059386,1.7931
-0.48278,-0.019135,1.7915
-0.48096,-0.04461,1.788
-0.4804,-0.062999,1.7854
-0.48121,-0.088604,1.7853
-0.48057,-0.10704,1.7853
-0.4807,-0.13244,1.7858
-0.48087,-0.1508,1.7857
-0.48036,-0.1763,1.7835
-0.48011,-0.19459,1.783
-0.47976,-0.21978,1.7825
-0.47962,-0.2383,1.7816
-0.47924,-0.26372,1.7795
-0.47919,-0.28181,1.7798
-0.47818,-0.30689,1.7763
-0.47738,-0.32535,1.7767
-0.47815,-0.35007,1.7726
-0.47756,-0.36889,1.7751
-0.47845,-0.39373,1.7752
-0.47768,-0.41213,1.7716
-0.47739,-0.43726,1.7714
-0.47815,-0.4561,1.7709
-0.47834,-0.48103,1.7722
-0.47809,-0.5011,1.7756
-0.47746,-0.52537,1.7762
-0.47922,-0.54407,1.7736
-0.47853,-0.5698,1.7808
-0.4777,-0.58878,1.7775
-0.47958,-0.61551,1.7747
-0.48087,-0.63696,1.7912
-0.4824,-0.66477,1.7958
-0.48497,-0.68564,1.8012
-0.4878,-0.71691,1.8017
-0.44072,0.60411,1.5687
-0.45,0.59139,1.5955
-0.45871,0.58723,1.6409
-0.46756,0.57145,1.661
-0.47905,0.56689,1.7132
-0.48555,0.5503,1.7293
-0.491,0.54138,1.7503
-0.47034,0.49065,1.6609
-0.49136,0.49854,1.7535
-0.49999,0.48137,1.7807
-0.50521,0.46633,1.7951
-0.50465,0.44146,1.802
-0.50756,0.42537,1.8096
-0.51027,0.40169,1.8096
-0.51023,0.38298,1.8133
-0.50987,0.35728,1.8223
-0.51102,0.33898,1.8206
-0.51161,0.31291,1.8219
-0.5126,0.29466,1.8192
-0.51143,0.26862,1.8232
-0.51259,0.24918,1.8231
-0.511,0.22348,1.8232
-0.51135,0.20421,1.8188
-0.51031,0.17776,1.8158
-0.51052,0.15913,1.8136
-0.51081,0.13306,1.8099
-0.50863,0.11388,1.8092
-0.50855,0.088328,1.8075
-0.50642,0.069384,1.8003
-0.50575,0.043704,1.7987
-0.50661,0.025034,1.7949
-0.50533,-0.00062139,1.7956
-0.50506,-0.019238,1.795
-0.50045,-0.044497,1.7831
-0.50167,-0.063034,1.7917
-0.50211,-0.088542,1.7839
-0.5029,-0.10758,1.7916
-0.50257,-0.13223,1.7859
-0.50293,-0.15098,1.7847
-0.50149,-0.17683,1.7842
-0.50299,-0.1951,1.7817
-0.50192,-0.22043,1.7771
-0.50128,-0.23904,1.7774
-0.49994,-0.26363,1.7783
-0.50156,-0.28125,1.7799
-0.50029,-0.3078,1.7785
-0.50146,-0.32626,1.7788
-0.50082,-0.35102,1.7732
-0.50059,-0.36928,1.775
-0.49863,-0.39426,1.7816
-0.50097,-0.4128,1.7729
-0.4986,-0.43744,1.7718
-0.50098,-0.45646,1.7787
-0.49854,-0.48253,1.7752
-0.4992,-0.50123,1.7792
-0.49888,-0.52557,1.7733
-0.50047,-0.54351,1.7797
-0.49913,-0.57036,1.7774
-0.50172,-0.59073,1.7749
-0.5025,-0.61747,1.7783
-0.50351,-0.63705,1.8005
-0.50523,-0.66582,1.8021
-0.50763,-0.6864,1.806
-0.50747,-0.71289,1.8083
