0.1356,0.16744,0.43673
0.13335,0.15637,0.42893
0.13471,0.15195,0.42474
0.13276,0.14641,0.42168
0.13272,0.14151,0.42827
0.13164,0.13529,0.42412
0.13193,0.13137,0.42056
0.13203,0.1239,0.42408
0.13353,0.12066,0.42475
0.13323,0.11451,0.42272
0.13317,0.11107,0.42787
0.13359,0.10574,0.42689
0.13468,0.10129,0.42874
0.13418,0.095307,0.43211
0.13586,0.091529,0.43591
0,0,-1
0,0,-1
0,0,-1
0,0,-1
0,0,-1
0,0,-1
0.14072,0.055313,0.44663
0.14159,0.050943,0.45134
0.14179,0.044675,0.45229
0.14381,0.040204,0.4582
0.14423,0.03383,0.46114
0.14541,0.029508,0.46659
0.1468,0.022989,0.46792
0.14833,0.018306,0.47208
0.14969,0.011582,0.47838
0.1519,0.0067635,0.48694
0.15384,-0.00019084,0.49088
0.15662,-0.0054018,0.50579
0.16336,-0.013079,0.52065
0.22808,-0.026022,0.73452
0.291,-0.046297,0.93727
0.30223,-0.058074,0.96562
0.30113,-0.071701,0.96525
0.30308,-0.082488,0.97021
0.29552,-0.094172,0.94804
0.29524,-0.10354,0.94367
0.29692,-0.11846,0.94945
0.30304,-0.12966,0.96845
0.2983,-0.1419,0.95381
0.30336,-0.15455,0.96968
0.31102,-0.17266,0.99642
0.30567,-0.18063,0.97639
0.29712,-0.18858,0.9526
0.29361,-0.1954,0.93818
0.2872,-0.20521,0.91995
0.28664,-0.21507,0.91978
0.28871,-0.22902,0.92602
0.2812,-0.23284,0.90007
0.27659,-0.24285,0.88918
0.27905,-0.25254,0.89345
0.27539,-0.26184,0.87625
0.25558,-0.25385,0.82061
0.24601,-0.253,0.78465
0.23984,-0.25505,0.76902
0.23912,-0.26517,0.76323
0.23635,-0.2708,0.75903
0.23497,-0.28093,0.75534
0.2353,-0.28675,0.75178
0.23455,-0.297,0.74907
0.12873,0.16421,0.42825
0.12761,0.15631,0.42655
0.12746,0.1517,0.42122
0.12694,0.1459,0.42179
0.12697,0.14087,0.42176
0.12683,0.13501,0.42221
0.12644,0.12997,0.42188
0.12728,0.12511,0.42477
0.12761,0.1206,0.42364
0.12812,0.11537,0.4258
0.12839,0.11104,0.42597
0.12879,0.10547,0.42827
0.129,0.10144,0.4292
0.12937,0.095571,0.43136
0,0,-1
0,0,-1
0,0,-1
0,0,-1
0,0,-1
0,0,-1
0,0,-1
0,0,-1
0,0,-1
0,0,-1
0,0,-1
0,0,-1
0,0,-1
0,0,-1
0.14235,0.018268,0.47265
0.1431,0.011583,0.47587
0.14535,0.0067738,0.4846
0.14742,-0.00018209,0.48972
0.14992,-0.0053511,0.49761
0.15409,-0.012839,0.51093
0.17271,-0.020535,0.57585
0.27852,-0.046435,0.92763
0.29143,-0.058251,0.96938
0.29867,-0.073937,0.99443
0.29923,-0.085313,1.0051
0.29826,-0.098696,0.99343
0.29798,-0.10892,0.99244
0.29756,-0.12299,0.99092
0.29766,-0.13418,0.99743
0.2973,-0.14824,0.9956
0.29806,-0.15832,0.99396
0.29629,-0.17205,0.99182
0.29698,-0.18226,0.99063
0.29743,-0.19585,0.99392
0.29692,-0.20765,0.99397
0.29614,-0.2193,0.98933
0.28627,-0.22224,0.95169
0.28488,-0.23473,0.9488
0.27915,-0.24046,0.92881
0.27432,-0.24912,0.91428
0.27265,-0.25502,0.90994
0.26718,-0.26342,0.88485
0.25254,-0.2586,0.83657
0.23868,-0.25657,0.79291
0.2326,-0.25763,0.77435
0.2303,-0.26596,0.76559
0.22939,-0.27306,0.7614
0.22752,-0.28175,0.75783
0.22709,-0.28855,0.75537
0.22644,-0.29748,0.75336
0.12226,0.16382,0.4303
0.12232,0.15588,0.42495
0.12136,0.15122,0.42128
0.12183,0.14506,0.42178
0.12091,0.14079,0.42011
0.12126,0.13452,0.42176
0.12138,0.13033,0.42192
0.12208,0.12503,0.42384
0.1224,0.12097,0.42457
0.12292,0.11566,0.42603
0.12286,0.11112,0.42705
0.12361,0.10573,0.42885
0.12348,0.10098,0.42978
0,0,-1
0,0,-1
0,0,-1
0,0,-1
0,0,-1
0,0,-1
0,0,-1
0,0,-1
0,0,-1
0,0,-1
0,0,-1
0,0,-1
0,0,-1
0,0,-1
0,0,-1
0,0,-1
0.13739,0.011601,0.47715
0.13906,0.0067502,0.48172
0.14112,-0.0001735,0.4885
0.14251,-0.0053227,0.49747
0.14684,-0.012677,0.51196
0.15612,-0.019145,0.54192
0.21917,-0.037802,0.76093
0.29114,-0.061002,1.0163
0.3061,-0.079006,1.0647
0.30474,-0.0897,1.0583
0.30167,-0.10457,1.0502
0.30139,-0.11538,1.0492
0.30061,-0.12944,1.0398
0.29705,-0.13864,1.0318
0.29653,-0.15317,1.0299
0.29612,-0.16364,1.0284
0.29757,-0.17888,1.0292
0.2971,-0.19092,1.0371
0.29841,-0.2056,1.0368
0.29787,-0.2157,1.0349
0.29262,-0.22662,1.0166
0.28986,-0.23586,1.0077
0.28275,-0.24307,0.98619
0.28195,-0.252,0.97877
0.27899,-0.26369,0.96816
0.27106,-0.26492,0.94116
0.26149,-0.27054,0.90947
0.24641,-0.26533,0.86106
0.2297,-0.25732,0.79531
0.22385,-0.25838,0.77668
0.22155,-0.26667,0.76763
0.22062,-0.27314,0.76347
0.2197,-0.28274,0.76017
0.21885,-0.28973,0.759
0.21763,-0.29964,0.75793
0.11712,0.16354,0.42655
0.11639,0.15552,0.42417
0.11653,0.15086,0.41986
0.11601,0.14528,0.42023
0.11601,0.14091,0.41893
0.11627,0.13491,0.42058
0.1162,0.13053,0.42173
0.11663,0.12532,0.42443
0.11693,0.12076,0.42452
0.11806,0.11583,0.42669
0.11802,0.11145,0.427
0.11873,0.10604,0.42969
0,0,-1
0,0,-1
0,0,-1
0,0,-1
0,0,-1
0,0,-1
0,0,-1
0,0,-1
0,0,-1
0,0,-1
0,0,-1
0,0,-1
0,0,-1
0,0,-1
0,0,-1
0,0,-1
0,0,-1
0,0,-1
0.13351,0.006774,0.48223
0.13444,-0.00016467,0.48764
0.13681,-0.0053278,0.49855
0.13933,-0.012579,0.50113
0.14606,-0.018688,0.53021
0.1691,-0.030574,0.61516
0.29664,-0.064775,1.0717
0.30255,-0.081841,1.0979
0.30955,-0.095553,1.1231
0.30772,-0.11134,1.1218
0.30743,-0.12281,1.1199
0.30103,-0.13587,1.0932
0.29825,-0.14521,1.0808
0.2969,-0.15933,1.0751
0.2941,-0.17015,1.0706
0.2935,-0.18511,1.0683
0.29801,-0.19878,1.0813
0.29815,-0.21419,1.0817
0.29761,-0.22501,1.0797
0.2967,-0.23984,1.0761
0.29609,-0.24987,1.0727
0.29023,-0.26196,1.0583
0.28163,-0.26333,1.0259
0.28038,-0.2753,1.0175
0.27348,-0.28138,0.98643
0.25947,-0.27818,0.94055
0.24994,-0.28005,0.90545
0.21815,-0.25532,0.78668
0.21365,-0.25788,0.77414
0.21244,-0.26672,0.76984
0.21181,-0.27388,0.76566
0.21114,-0.28368,0.76233
0.21062,-0.29086,0.76243
0.2102,-0.30044,0.75953
0.11166,0.1617,0.42461
0.11139,0.15573,0.42224
0.11073,0.15094,0.41955
0.11119,0.14526,0.42122
0.11088,0.14048,0.41961
0.11151,0.13521,0.42173
0.11138,0.13052,0.42131
0.1118,0.12533,0.42449
0.11173,0.12106,0.42436
0.11317,0.11616,0.42791
0.11313,0.11177,0.42771
0.11381,0.10626,0.43093
0,0,-1
0,0,-1
0,0,-1
0,0,-1
0,0,-1
0,0,-1
0,0,-1
0,0,-1
0,0,-1
0,0,-1
0,0,-1
0,0,-1
0,0,-1
0,0,-1
0,0,-1
0,0,-1
0,0,-1
0,0,-1
0,0,-1
0.12854,-0.00015744,0.4873
0.13108,-0.0053132,0.49827
0.13208,-0.012508,0.5015
0.13797,-0.018443,0.52287
0.14813,-0.027933,0.56488
0.28731,-0.065557,1.093
0.29904,-0.084284,1.1312
0.30011,-0.09646,1.1387
0.29977,-0.11263,1.1373
0.29854,-0.12409,1.1319
0.29465,-0.13914,1.1231
0.29431,-0.15029,1.1195
0.28613,-0.1611,1.089
0.28574,-0.17211,1.0874
0.29191,-0.19203,1.1096
0.29211,-0.20341,1.1078
0.29195,-0.21878,1.111
0.29089,-0.22987,1.1042
0.28834,-0.24521,1.1011
0.28775,-0.25591,1.0942
0.2862,-0.2691,1.0883
0.28218,-0.2764,1.0698
0.28096,-0.28932,1.0637
0.27516,-0.29681,1.0442
0.26343,-0.29669,0.99189
0.24545,-0.28658,0.93317
0.20912,-0.25601,0.78889
0.2048,-0.25753,0.77544
0.20357,-0.26691,0.77014
0.20282,-0.27392,0.76777
0.20197,-0.28468,0.76699
0.2021,-0.29209,0.76509
0.20214,-0.30109,0.7619
0.1071,0.16313,0.42602
0.1062,0.15551,0.41954
0.10564,0.15047,0.42053
0.10633,0.14549,0.42158
0.10567,0.14085,0.41916
0.10647,0.13557,0.42286
0.10639,0.13085,0.42244
0.10693,0.12552,0.42549
0.10686,0.12122,0.42551
0.10768,0.11639,0.42909
0.10749,0.11177,0.42862
0,0,-1
0,0,-1
0,0,-1
0,0,-1
0,0,-1
0,0,-1
0,0,-1
0,0,-1
0,0,-1
0,0,-1
0,0,-1
0,0,-1
0,0,-1
0,0,-1
0,0,-1
0,0,-1
0,0,-1
0,0,-1
0,0,-1
0,0,-1
0,0,-1
0.12492,-0.0053087,0.49972
0.12634,-0.012535,0.50297
0.13111,-0.018342,0.52177
0.13872,-0.027196,0.54878
0.2728,-0.065369,1.0859
0.28755,-0.084944,1.1429
0.29308,-0.098938,1.1663
0.29129,-0.11454,1.1585
0.2893,-0.12574,1.1514
0.28516,-0.14105,1.1348
0.28483,-0.15204,1.1334
0.2842,-0.16722,1.1313
0.28407,-0.17945,1.1317
0.28115,-0.19431,1.1206
0.28302,-0.20666,1.1247
0.28297,-0.22225,1.1255
0.28285,-0.2343,1.1297
0.28212,-0.25044,1.1266
0.28212,-0.26311,1.1235
0.28255,-0.27862,1.1201
0.28192,-0.28952,1.1178
0.27975,-0.30324,1.1133
0.27569,-0.31004,1.0932
0.26226,-0.31159,1.0433
0.2513,-0.30705,0.99187
0.20109,-0.25804,0.79672
0.19634,-0.2584,0.77688
0.19457,-0.2676,0.77237
0.19417,-0.27531,0.77251
0.19316,-0.28514,0.7693
0.19342,-0.2934,0.76723
0.19289,-0.30347,0.76224
0.10116,0.16246,0.42534
0.10105,0.1552,0.42234
0.10078,0.15054,0.42158
0.10144,0.14547,0.42338
0.10073,0.14094,0.42023
0.10186,0.13552,0.42499
0.10146,0.13121,0.42353
0.10212,0.12585,0.4266
0.10184,0.12136,0.42625
0,0.11602,0.42812
0,0,-1
0,0,-1
0,0,-1
0,0,-1
0,0,-1
0,0,-1
0,0,-1
0,0,-1
0,0,-1
0,0,-1
0,0,-1
0,0,-1
0,0,-1
0,0,-1
0,0,-1
0,0,-1
0,0,-1
0,0,-1
0,0,-1
0,0,-1
0,0,-1
0,0,-1
0.11906,-0.0052857,0.49778
0.12048,-0.012564,0.50432
0.12411,-0.018229,0.5161
0.12925,-0.026757,0.53776
0.22201,-0.055994,0.92886
0.28209,-0.087872,1.1793
0.28766,-0.10199,1.1981
0.29219,-0.12111,1.222
0.28836,-0.13231,1.2005
0.28517,-0.14763,1.1918
0.28202,-0.15814,1.1834
0.28103,-0.17418,1.1793
0.27556,-0.18376,1.1566
0.27478,-0.19991,1.1498
0.27377,-0.21154,1.1479
0.27367,-0.2288,1.1453
0.27477,-0.24077,1.1465
0.27568,-0.25716,1.1502
0.27524,-0.2691,1.1493
0.2743,-0.28479,1.1458
0.27365,-0.29432,1.1431
0.2693,-0.30866,1.1302
0.26709,-0.31625,1.1141
0.26213,-0.32543,1.0921
0.24897,-0.31867,1.0324
0.19481,-0.2626,0.81446
0.18732,-0.25886,0.7777
0.18558,-0.26808,0.77434
0.18535,-0.27553,0.77401
0.1842,-0.28553,0.77059
0.18398,-0.29377,0.76774
0.18371,-0.30478,0.7643
0.096072,0.16368,0.42144
0.096148,0.15505,0.42338
0.095891,0.15055,0.42259
0.096521,0.14582,0.42395
0.095771,0.14128,0.42298
0.096917,0.13604,0.42646
0.096589,0.1315,0.42516
0.097107,0.12592,0.42677
0,0,-1
0,0,-1
0,0,-1
0,0,-1
0,0,-1
0,0,-1
0,0,-1
0,0,-1
0,0,-1
0,0,-1
0,0,-1
0,0,-1
0,0,-1
0,0,-1
0,0,-1
0,0,-1
0,0,-1
0,0,-1
0,0,-1
0,0,-1
0,0,-1
0,0,-1
0,0,-1
0,0,-1
0.11322,-0.005293,0.49616
0.1146,-0.01255,0.50567
0.11686,-0.018138,0.51545
0.12207,-0.026543,0.53525
0.17452,-0.046195,0.77039
0.27396,-0.08979,1.2023
0.27898,-0.10421,1.2288
0.28333,-0.1236,1.2476
0.28421,-0.13785,1.2473
0.28589,-0.15585,1.2547
0.28555,-0.16871,1.2531
0.28306,-0.18574,1.2499
0.27679,-0.19302,1.2138
0.27425,-0.2099,1.2111
0.27284,-0.22137,1.2091
0.27315,-0.23807,1.2058
0.27311,-0.25118,1.2035
0.27385,-0.2687,1.2077
0.27383,-0.28075,1.2057
0.27302,-0.29823,1.2046
0.27296,-0.31016,1.2033
0.27207,-0.32633,1.1992
0.26648,-0.33557,1.1766
0.25293,-0.3304,1.112
0.24433,-0.33084,1.073
0.18824,-0.26578,0.82687
0.17788,-0.25947,0.78178
0.17659,-0.2687,0.77831
0.17636,-0.27617,0.77624
0.17536,-0.28603,0.77243
0.17519,-0.29366,0.76961
0.17412,-0.30366,0.76598
0.091359,0.16295,0.4247
0.091211,0.1554,0.42434
0.091133,0.15089,0.42239
0.091747,0.14609,0.4255
0.090855,0.1416,0.42427
0.092249,0.13626,0.42761
0.091479,0.13162,0.4257
0.091755,0.12584,0.42709
0,0,-1
0,0,-1
0,0,-1
0,0,-1
0,0,-1
0,0,-1
0,0,-1
0,0,-1
0,0,-1
0,0,-1
0,0,-1
0,0,-1
0,0,-1
0,0,-1
0,0,-1
0,0,-1
0,0,-1
0,0,-1
0,0,-1
0,0,-1
0,0,-1
0,0,-1
0,0,-1
0,0,-1
0.10704,-0.0052964,0.49669
0.10848,-0.012575,0.5038
0.11038,-0.018163,0.5127
0.11531,-0.026505,0.53635
0.14765,-0.041332,0.6889
0.26295,-0.091497,1.2297
0.27394,-0.10815,1.2769
0.27901,-0.12832,1.2947
0.27944,-0.14297,1.3018
0.28166,-0.16273,1.3104
0.28135,-0.17677,1.3113
0.28117,-0.19529,1.3093
0.28045,-0.20673,1.3073
0.27662,-0.22212,1.2822
0.27616,-0.23503,1.28
0.27573,-0.2534,1.2791
0.27527,-0.26618,1.2806
0.27453,-0.28346,1.2769
0.27355,-0.29605,1.2742
0.27273,-0.31452,1.2683
0.27254,-0.32729,1.2708
0.27165,-0.34434,1.2609
0.26765,-0.35069,1.2419
0.25192,-0.35213,1.175
0.23933,-0.34119,1.1085
0.18133,-0.27142,0.84062
0.16866,-0.26005,0.7836
0.16757,-0.27,0.77813
0.16709,-0.27735,0.77785
0.16659,-0.28722,0.77392
0.16619,-0.29458,0.77135
0.16545,-0.30425,0.76952
0.086322,0.16236,0.42559
0.086365,0.15598,0.42471
0.085908,0.15122,0.4233
0.08675,0.14651,0.42626
0.086489,0.14199,0.42489
0.087227,0.13683,0.42856
0.086755,0.13213,0.42763
0.087083,0.12612,0.42828
0,0,-1
0,0,-1
0,0,-1
0,0,-1
0,0,-1
0,0,-1
0,0,-1
0,0,-1
0,0,-1
0,0,-1
0,0,-1
0,0,-1
0,0,-1
0,0,-1
0,0,-1
0,0,-1
0,0,-1
0,0,-1
0,0,-1
0,0,-1
0,0,-1
0,0,-1
0,0,-1
0,0,-1
0.10159,-0.0053037,0.4979
0.10255,-0.012599,0.5045
0.10439,-0.01815,0.51394
0.10852,-0.026399,0.53031
0.13332,-0.039414,0.6561
0.25925,-0.095185,1.281
0.26612,-0.11156,1.3186
0.27289,-0.13412,1.3562
0.27263,-0.14802,1.3548
0.27222,-0.16715,1.3526
0.2754,-0.18265,1.3578
0.27578,-0.2021,1.362
0.2756,-0.21591,1.3654
0.27698,-0.23648,1.3661
0.27801,-0.25193,1.3736
0.27734,-0.27093,1.3701
0.27479,-0.28309,1.3581
0.27404,-0.30174,1.3543
0.27624,-0.31812,1.3662
0.27667,-0.33707,1.3624
0.27604,-0.3504,1.3591
0.27292,-0.36615,1.3515
0.26601,-0.3707,1.3095
0.25967,-0.37911,1.2747
0.22795,-0.34739,1.1266
0.17488,-0.27713,0.8609
0.16075,-0.26214,0.79044
0.1585,-0.27086,0.78202
0.15831,-0.27845,0.78059
0.15768,-0.28804,0.77709
0.15734,-0.29548,0.77482
0.15723,-0.30666,0.77278
0.081425,0.16192,0.42641
0.081399,0.15662,0.42557
0.081174,0.15211,0.42416
0.081574,0.14708,0.42731
0.081477,0.14254,0.42565
0.082151,0.13757,0.42974
0.081729,0.13281,0.42829
0.082039,0.12679,0.42994
0,0,-1
0,0,-1
0,0,-1
0,0,-1
0,0,-1
0,0,-1
0,0,-1
0,0,-1
0,0,-1
0,0,-1
0,0,-1
0,0,-1
0,0,-1
0,0,-1
0,0,-1
0,0,-1
0,0,-1
0,0,-1
0,0,-1
0,0,-1
0,0,-1
0,0,-1
0,0,-1
0,0,-1
0.095376,-0.00531,0.50058
0.096622,-0.012621,0.50619
0.098644,-0.018184,0.51526
0.10119,-0.026353,0.52923
0.12561,-0.039495,0.65761
0.25091,-0.098171,1.3226
0.26069,-0.11645,1.371
0.26487,-0.13751,1.3908
0.27029,-0.15511,1.4189
0.27015,-0.1762,1.4168
0.27091,-0.19087,1.4248
0.27042,-0.21088,1.422
0.26998,-0.22518,1.4199
0.26911,-0.24493,1.4164
0.2658,-0.25612,1.4022
0.26512,-0.27543,1.3906
0.26463,-0.29001,1.3879
0.26684,-0.31272,1.4079
0.26899,-0.32861,1.4109
0.26819,-0.34776,1.4064
0.26676,-0.35967,1.3978
0.26433,-0.3783,1.3865
0.26367,-0.39184,1.3829
0.26063,-0.40469,1.3674
0.24398,-0.39209,1.2738
0.17485,-0.29555,0.9133
0.16428,-0.28582,0.86014
0.15082,-0.27287,0.78992
0.15037,-0.28089,0.78742
0.1495,-0.29125,0.78306
0.14968,-0.29928,0.78045
0.149,-0.30909,0.78018
0.076403,0.16303,0.42748
0.076361,0.157,0.4269
0.076173,0.15244,0.42689
0.076526,0.14753,0.42797
0.076453,0.14305,0.42648
0.077068,0.13787,0.43026
0.077038,0.13348,0.43011
0.077069,0.12704,0.43103
0,0,-1
0,0,-1
0,0,-1
0,0,-1
0,0,-1
0,0,-1
0,0,-1
0,0,-1
0,0,-1
0,0,-1
0,0,-1
0,0,-1
0,0,-1
0,0,-1
0,0,-1
0,0,-1
0,0,-1
0,0,-1
0,0,-1
0,0,-1
0,0,-1
0,0,-1
0,0,-1
0,0,-1
0.089706,-0.005316,0.50176
0.091077,-0.012647,0.50741
0.092905,-0.018264,0.51998
0.094716,-0.026243,0.53004
0.12165,-0.041052,0.68462
0.24419,-0.10176,1.3655
0.24966,-0.11899,1.4021
0.25708,-0.14255,1.4389
0.25839,-0.15872,1.4435
0.25827,-0.17971,1.452
0.25866,-0.19476,1.4523
0.25838,-0.21562,1.4508
0.25929,-0.23074,1.4532
0.25901,-0.25102,1.4462
0.2592,-0.26561,1.4474
0.2594,-0.28762,1.4519
0.26067,-0.30433,1.4595
0.25996,-0.32437,1.4553
0.25816,-0.33789,1.4412
0.25739,-0.3572,1.4366
0.25687,-0.37132,1.4397
0.26121,-0.39847,1.4704
0.27141,-0.42735,1.5112
0.26889,-0.4446,1.4945
0.24731,-0.42698,1.3861
0.22802,-0.40957,1.2712
0.16357,-0.30478,0.91434
0.16219,-0.31476,0.91044
0.16276,-0.32483,0.90755
0.16206,-0.3364,0.90112
0.16076,-0.34345,0.89728
0.15954,-0.35428,0.89205
0.071194,0.16449,0.42943
0.071137,0.15763,0.42766
0.07112,0.15287,0.426
0.071457,0.1478,0.42797
0.071382,0.14331,0.42733
0.071968,0.13821,0.43261
0.072065,0.13373,0.43249
0.07234,0.12802,0.43416
0,0,-1
0,0,-1
0,0,-1
0,0,-1
0,0,-1
0,0,-1
0,0,-1
0,0,-1
0,0,-1
0,0,-1
0,0,-1
0,0,-1
0,0,-1
0,0,-1
0,0,-1
0,0,-1
0,0,-1
0,0,-1
0,0,-1
0,0,-1
0,0,-1
0,0,-1
0,0,-1
0,0,-1
0.083359,-0.005315,0.50268
0.085122,-0.012722,0.50961
0.087149,-0.018393,0.52171
0.088442,-0.02629,0.53111
0.12417,-0.044947,0.74896
0.2333,-0.10468,1.406
0.24162,-0.12317,1.4535
0.24444,-0.14519,1.4714
0.24508,-0.16196,1.4805
0.24668,-0.1844,1.4874
0.24785,-0.19962,1.4902
0.24744,-0.22186,1.4932
0.24825,-0.23793,1.4954
0.2482,-0.25922,1.4935
0.2506,-0.27678,1.5082
0.25019,-0.29781,1.5058
0.24953,-0.31283,1.5013
0.24866,-0.33342,1.4985
0.24814,-0.34864,1.4955
0.25185,-0.3741,1.5156
0.25664,-0.39743,1.5406
0.25601,-0.41882,1.5353
0.25676,-0.43776,1.5433
0.25584,-0.4583,1.5375
0.25271,-0.46886,1.5253
0.23003,-0.44595,1.3831
0.21538,-0.42925,1.2889
0.21315,-0.44133,1.2742
0.21158,-0.45299,1.2652
0.21066,-0.46816,1.2592
0.20917,-0.47841,1.251
0.20564,-0.48893,1.2354
0.06667,0.16485,0.43342
0.066057,0.15753,0.42838
0.066042,0.15313,0.42838
0.066414,0.14806,0.42924
0.066526,0.14355,0.42947
0.066945,0.13848,0.43404
0.066945,0.13405,0.43364
0.0672,0.12824,0.43533
0,0,-1
0,0,-1
0,0,-1
0,0,-1
0,0,-1
0,0,-1
0,0,-1
0,0,-1
0,0,-1
0,0,-1
0,0,-1
0,0,-1
0,0,-1
0,0,-1
0,0,-1
0,0,-1
0,0,-1
0,0,-1
0,0,-1
0,0,-1
0,0,-1
0,0,-1
0,0,-1
0,0,-1
0.077788,-0.0053202,0.50379
0.079136,-0.012772,0.5133
0.081244,-0.018607,0.52498
0.082706,-0.026545,0.5347
0.13888,-0.05432,0.9093
0.22454,-0.10834,1.4574
0.23391,-0.1289,1.5165
0.23522,-0.15144,1.5264
0.23749,-0.16849,1.5382
0.23766,-0.19156,1.5452
0.23852,-0.20757,1.5469
0.23836,-0.22987,1.5503
0.24008,-0.2468,1.5552
0.24102,-0.26969,1.5604
0.24073,-0.28618,1.5604
0.24014,-0.30871,1.5583
0.24107,-0.32595,1.5617
0.2437,-0.3523,1.5773
0.24503,-0.3721,1.5876
0.24572,-0.39469,1.5888
0.24532,-0.41189,1.5918
0.24502,-0.43333,1.591
0.24502,-0.44726,1.5875
0.24354,-0.46822,1.5808
0.23936,-0.47667,1.5544
0.23378,-0.48962,1.5218
0.22871,-0.4908,1.4746
0.22567,-0.50915,1.4619
0.22467,-0.52025,1.4549
0.2229,-0.53683,1.44
0.22061,-0.54592,1.4288
0.21913,-0.5638,1.4219
0.060873,0.16514,0.42962
0.061148,0.15901,0.43128
0.060962,0.15338,0.42911
0.061411,0.1488,0.4316
0.061409,0.1436,0.43085
0.061877,0.13919,0.43548
0.06175,0.13458,0.43434
0.061986,0.12888,0.43603
0,0,-1
0,0,-1
0,0,-1
0,0,-1
0,0,-1
0,0,-1
0,0,-1
0,0,-1
0,0,-1
0,0,-1
0,0,-1
0,0,-1
0,0,-1
0,0,-1
0,0,-1
0,0,-1
0,0,-1
0,0,-1
0,0,-1
0,0,-1
0,0,-1
0,0,-1
0,0,-1
0,0,-1
0.071998,-0.0053779,0.50699
0.073036,-0.012796,0.5142
0.075487,-0.018663,0.53114
0.077246,-0.0269,0.54133
0.16293,-0.068834,1.1432
0.216,-0.11337,1.5203
0.22247,-0.13346,1.569
0.22424,-0.15725,1.582
0.22566,-0.17422,1.5979
0.22691,-0.19775,1.6022
0.22761,-0.21493,1.6059
0.22778,-0.23805,1.6064
0.22832,-0.25554,1.6129
0.22873,-0.27851,1.6107
0.23004,-0.29757,1.6161
0.23233,-0.3243,1.6348
0.23375,-0.34233,1.645
0.23388,-0.36717,1.6442
0.23437,-0.38498,1.6535
0.23403,-0.40894,1.6483
0.23358,-0.42603,1.6492
0.2336,-0.4482,1.6488
0.23367,-0.46556,1.645
0.23218,-0.48519,1.6382
0.23134,-0.49903,1.6277
0.22841,-0.51564,1.6008
0.22436,-0.5253,1.5786
0.22218,-0.54446,1.5675
0.22114,-0.55373,1.5459
0.21815,-0.57086,1.5386
0.21617,-0.5772,1.5093
0.21248,-0.59156,1.4944
0.056094,0.16461,0.43082
0.056232,0.15926,0.43222
0.055891,0.15424,0.43057
0.056491,0.14958,0.43447
0.0563,0.14428,0.43312
0.056787,0.13939,0.43606
0.056879,0.13482,0.43618
0.056829,0.12911,0.43737
0,0,-1
0,0,-1
0,0,-1
0,0,-1
0,0,-1
0,0,-1
0,0,-1
0,0,-1
0,0,-1
0,0,-1
0,0,-1
0,0,-1
0,0,-1
0,0,-1
0,0,-1
0,0,-1
0,0,-1
0,0,-1
0,0,-1
0,0,-1
0,0,-1
0,0,-1
0,0,-1
0,0,-1
0.066276,-0.0053963,0.51041
0.067067,-0.012862,0.51802
0.069488,-0.018792,0.53288
0.072283,-0.027376,0.55604
0.19553,-0.090311,1.5058
0.21001,-0.12034,1.6183
0.21207,-0.13894,1.6384
0.21314,-0.16312,1.647
0.21433,-0.18067,1.6483
0.21478,-0.20506,1.6573
0.21478,-0.22216,1.6554
0.21439,-0.24525,1.6519
0.21416,-0.26236,1.6455
0.21397,-0.28618,1.6417
0.21568,-0.30469,1.6579
0.21576,-0.32938,1.6649
0.21687,-0.34745,1.6731
0.21682,-0.3728,1.6686
0.21726,-0.38956,1.6721
0.21713,-0.41293,1.6686
0.21738,-0.43237,1.6717
0.21734,-0.45562,1.6693
0.21741,-0.47317,1.6751
0.21663,-0.49536,1.6688
0.21522,-0.51069,1.66
0.21394,-0.53118,1.6424
0.21144,-0.54014,1.6293
0.21026,-0.55951,1.6157
0.20894,-0.57367,1.6054
0.20605,-0.5882,1.5913
0.20413,-0.5954,1.5626
0.20086,-0.6111,1.5395
0.050952,0.16522,0.4331
0.051154,0.15946,0.43342
0.050979,0.15527,0.43349
0.051348,0.14981,0.43621
0.051343,0.14507,0.43439
0.051651,0.1401,0.43823
0.051697,0.13562,0.43792
0.051837,0.12988,0.43797
0,0,-1
0,0,-1
0,0,-1
0,0,-1
0,0,-1
0,0,-1
0,0,-1
0,0,-1
0,0,-1
0,0,-1
0,0,-1
0,0,-1
0,0,-1
0,0,-1
0,0,-1
0,0,-1
0,0,-1
0,0,-1
0,0,-1
0,0,-1
0,0,-1
0,0,-1
0,0,-1
0,0,-1
0.060475,-0.0054226,0.51211
0.061392,-0.01297,0.5195
0.064513,-0.019182,0.54723
0.071258,-0.030039,0.60223
0.1908,-0.097347,1.6222
0.19566,-0.1238,1.6654
0.19738,-0.14206,1.6798
0.19787,-0.16663,1.6818
0.1983,-0.18458,1.6861
0.19863,-0.20892,1.6907
0.19885,-0.22664,1.6922
0.1989,-0.25104,1.6926
0.19886,-0.26918,1.6927
0.19959,-0.29454,1.6991
0.20009,-0.31229,1.7007
0.20081,-0.33785,1.7052
0.20152,-0.35723,1.7136
0.20187,-0.38206,1.7136
0.20229,-0.40055,1.7165
0.20233,-0.42594,1.7181
0.20256,-0.44322,1.7209
0.20259,-0.46855,1.7214
0.20296,-0.48709,1.717
0.20256,-0.51052,1.7194
0.20236,-0.52799,1.7171
0.20177,-0.55027,1.7102
0.20101,-0.56635,1.7041
0.20009,-0.58607,1.6945
0.19869,-0.59978,1.6804
0.19698,-0.61953,1.6685
0.19426,-0.629,1.6469
0.19146,-0.64256,1.6175
0.046206,0.16615,0.43621
0.046097,0.16007,0.43563
0.045904,0.15568,0.43416
0.046341,0.15038,0.43779
0.04624,0.14555,0.43602
0.046648,0.14068,0.43993
0.04658,0.13593,0.43865
0.046757,0.13018,0.44018
0,0,-1
0,0,-1
0,0,-1
0,0,-1
0,0,-1
0,0,-1
0,0,-1
0,0,-1
0,0,-1
0,0,-1
0,0,-1
0,0,-1
0,0,-1
0,0,-1
0,0,-1
0,0,-1
0,0,-1
0,0,-1
0,0,-1
0,0,-1
0,0,-1
0,0,-1
0,0,-1
0,0,-1
0.054362,-0.005435,0.51665
0.055672,-0.013051,0.52576
0.058877,-0.019648,0.55916
0.07722,-0.036425,0.73327
0.17584,-0.10013,1.6692
0.17725,-0.12485,1.6797
0.17789,-0.14267,1.6854
0.17819,-0.1673,1.6883
0.17817,-0.18523,1.6938
0.1785,-0.20961,1.6949
0.17884,-0.22743,1.6969
0.17884,-0.25209,1.6975
0.17962,-0.27032,1.7004
0.17998,-0.29549,1.7059
0.18077,-0.31455,1.7102
0.18115,-0.34016,1.7186
0.18149,-0.3589,1.7208
0.18204,-0.38399,1.7226
0.18225,-0.40299,1.7259
0.18235,-0.42688,1.7273
0.18254,-0.44591,1.7298
0.18273,-0.47107,1.7321
0.18276,-0.48923,1.7308
0.18296,-0.51428,1.7311
0.18323,-0.53252,1.7317
0.18323,-0.55816,1.7334
0.18303,-0.57514,1.7318
0.18229,-0.59821,1.7253
0.18178,-0.6142,1.7222
0.18071,-0.63432,1.7118
0.17983,-0.64764,1.6955
0.17815,-0.66599,1.6867
0.041256,0.16683,0.43766
0.040871,0.16089,0.43871
0.040845,0.15612,0.43546
0.041138,0.15091,0.43965
0.040989,0.14632,0.43682
0.041386,0.14122,0.44168
0.041302,0.13641,0.43961
0.041659,0.13129,0.44466
0.041459,0.12606,0.4413
0,0,-1
0,0,-1
0,0,-1
0,0,-1
0,0,-1
0,0,-1
0,0,-1
0,0,-1
0,0,-1
0,0,-1
0,0,-1
0,0,-1
0,0,-1
0,0,-1
0,0,-1
0,0,-1
0,0,-1
0,0,-1
0,0,-1
0,0,-1
0,0,-1
0,0,-1
0,0,-1
0.04881,-0.005485,0.52176
0.049736,-0.013241,0.53425
0.05468,-0.020598,0.58198
0.10812,-0.057412,1.1613
0.15642,-0.10041,1.6746
0.15717,-0.12502,1.6841
0.15761,-0.14282,1.6874
0.15787,-0.16748,1.692
0.15799,-0.18543,1.6958
0.15816,-0.20988,1.6963
0.15841,-0.22782,1.6989
0.15845,-0.25236,1.6995
0.15914,-0.27122,1.7027
0.15947,-0.29601,1.709
0.16013,-0.3154,1.7122
0.1605,-0.34053,1.7206
0.16092,-0.35945,1.7245
0.1613,-0.38468,1.7258
0.1619,-0.40356,1.7319
0.16185,-0.42889,1.7325
0.16208,-0.448,1.7391
0.16235,-0.47241,1.7364
0.16265,-0.49177,1.7397
0.1628,-0.51649,1.7386
0.16299,-0.53634,1.7418
0.16306,-0.55946,1.739
0.16271,-0.57761,1.7385
0.16255,-0.60208,1.7352
0.16206,-0.6188,1.7296
0.16125,-0.64079,1.7215
0.16053,-0.65547,1.7117
0.15943,-0.67158,1.6987
0.036033,0.16845,0.44101
0.035628,0.16137,0.44012
0.035699,0.1563,0.43698
0.035853,0.15105,0.44161
0.035943,0.14663,0.44027
0.03609,0.14193,0.44455
0.036188,0.13704,0.44327
0.036443,0.13193,0.44762
0.036355,0.12703,0.44624
0,0,-1
0,0,-1
0,0,-1
0,0,-1
0,0,-1
0,0,-1
0,0,-1
0,0,-1
0,0,-1
0,0,-1
0,0,-1
0,0,-1
0,0,-1
0,0,-1
0,0,-1
0,0,-1
0,0,-1
0,0,-1
0,0,-1
0,0,-1
0,0,-1
0,0,-1
0.041842,-9.0991e-05,0.51529
0.042779,-0.0055276,0.52622
0.043841,-0.013439,0.53977
0.055707,-0.024126,0.6898
0.12927,-0.079035,1.5963
0.13624,-0.10061,1.6782
0.13689,-0.12517,1.6858
0.13711,-0.14295,1.6891
0.1375,-0.16761,1.6921
0.1376,-0.18541,1.6964
0.13771,-0.21007,1.6961
0.13786,-0.22788,1.6984
0.13801,-0.25229,1.7
0.13851,-0.27086,1.7042
0.1387,-0.29629,1.7107
0.13947,-0.3157,1.7139
0.13979,-0.34082,1.721
0.14015,-0.35978,1.727
0.14051,-0.38503,1.7275
0.14102,-0.40418,1.7336
0.14116,-0.42928,1.735
0.1413,-0.44865,1.7408
0.14171,-0.47288,1.739
0.14173,-0.49263,1.7428
0.14225,-0.51716,1.7433
0.14237,-0.53713,1.7441
0.14215,-0.56171,1.7455
0.14219,-0.58043,1.7468
0.14181,-0.60421,1.7457
0.14184,-0.62201,1.7406
0.14183,-0.6452,1.7359
0.14119,-0.65935,1.7299
0.14056,-0.68001,1.7165
0.030483,0.16846,0.43842
0.030617,0.16151,0.44076
0.030444,0.15749,0.43904
0.030716,0.15193,0.44296
0.030626,0.14779,0.44169
0.030836,0.14223,0.44522
0.030922,0.13786,0.44486
0.031105,0.13244,0.44849
0.031186,0.128,0.44847
0.031294,0.1222,0.45138
0,0,-1
0,0,-1
0,0,-1
0,0,-1
0,0,-1
0,0,-1
0,0,-1
0,0,-1
0,0,-1
0,0,-1
0,0,-1
0,0,-1
0,0,-1
0,0,-1
0,0,-1
0,0,-1
0,0,-1
0,0,-1
0,0,-1
0,0,-1
0,0,-1
0.035785,-8.9693e-05,0.51838
0.03666,-0.0056018,0.53085
0.038211,-0.013854,0.55437
0.070001,-0.035735,1.0155
0.115,-0.08262,1.6643
0.11599,-0.10085,1.6811
0.1166,-0.12539,1.6877
0.11672,-0.14316,1.6908
0.11695,-0.16775,1.6953
0.11716,-0.1855,1.6964
0.11724,-0.20995,1.6964
0.11737,-0.22778,1.6974
0.11749,-0.25227,1.6986
0.1178,-0.27072,1.7051
0.1181,-0.29614,1.7076
0.11875,-0.31568,1.7156
0.119,-0.34036,1.7225
0.11935,-0.35934,1.7298
0.11953,-0.38534,1.7286
0.12003,-0.4045,1.7347
0.12024,-0.43067,1.7365
0.12056,-0.44866,1.7408
0.1207,-0.47419,1.7429
0.12097,-0.49436,1.7443
0.12119,-0.51808,1.7462
0.12149,-0.53894,1.754
0.12141,-0.56438,1.7527
0.12145,-0.58243,1.7548
0.12165,-0.60649,1.7481
0.12146,-0.62533,1.7467
0.12108,-0.64754,1.7439
0.12099,-0.66435,1.7395
0.12046,-0.68796,1.7316
0.025196,0.16871,0.44036
0.025292,0.16307,0.44208
0.025343,0.15799,0.44241
0.025471,0.15265,0.44552
0.025434,0.1483,0.44366
0.025563,0.14274,0.44706
0.025571,0.13845,0.44609
0.025727,0.13307,0.45119
0.025792,0.1286,0.45052
0.025936,0.12275,0.45449
0.025942,0.11824,0.45333
0.02597,0.11221,0.45418
0,0,-1
0,0,-1
0,0,-1
0,0,-1
0,0,-1
0,0,-1
0,0,-1
0,0,-1
0,0,-1
0,0,-1
0,0,-1
0,0,-1
0,0,-1
0,0,-1
0,0,-1
0,0,-1
0,0,-1
0,0,-1
0.028963,0.0071871,0.50779
0.029779,-8.8547e-05,0.5217
0.030841,-0.005707,0.54191
0.033176,-0.014538,0.58388
0.085305,-0.052806,1.5007
0.095472,-0.083121,1.6774
0.095871,-0.10104,1.6857
0.096194,-0.12573,1.692
0.096304,-0.1433,1.6927
0.096416,-0.16783,1.6963
0.096658,-0.18551,1.6955
0.096735,-0.20992,1.6965
0.096742,-0.22782,1.6981
0.096773,-0.25224,1.6998
0.097164,-0.27057,1.7047
0.097273,-0.29591,1.7069
0.097764,-0.31541,1.7168
0.098104,-0.34059,1.7209
0.098484,-0.35957,1.7298
0.098737,-0.38572,1.7298
0.099119,-0.40524,1.7341
0.09927,-0.43095,1.7383
0.099506,-0.4493,1.742
0.099641,-0.47462,1.7477
0.10011,-0.49517,1.7514
0.10022,-0.52146,1.751
0.10032,-0.54045,1.7578
0.10032,-0.56567,1.7575
0.10038,-0.58402,1.758
0.10058,-0.60944,1.7559
0.10052,-0.62665,1.7548
0.10039,-0.65007,1.7498
0.10031,-0.66818,1.7493
0.10003,-0.69001,1.7446
0.02001,0.17049,0.4429
0.019987,0.16345,0.44375
0.020046,0.15858,0.4443
0.020156,0.15296,0.4467
0.020154,0.14855,0.44603
0.020231,0.14321,0.44938
0.020235,0.13901,0.44912
0.0204,0.13377,0.45281
0.020372,0.12884,0.4532
0.020543,0.12328,0.45662
0.020541,0.11843,0.45677
0.020741,0.11297,0.45962
0.020664,0.10848,0.46129
0,0,-1
0,0,-1
0,0,-1
0,0,-1
0,0,-1
0,0,-1
0,0,-1
0,0,-1
0,0,-1
0,0,-1
0,0,-1
0,0,-1
0,0,-1
0,0,-1
0,0,-1
0.022715,0.019616,0.50432
0.022783,0.012459,0.508
0.023112,0.0072875,0.51483
0.023732,-8.833e-05,0.52782
0.025056,-0.0058613,0.56118
0.03066,-0.017065,0.6884
0.074422,-0.058545,1.6633
0.075233,-0.083284,1.6796
0.075531,-0.10114,1.6887
0.075849,-0.12579,1.693
0.075895,-0.14347,1.6939
0.075931,-0.16783,1.6954
0.075913,-0.18554,1.6963
0.076021,-0.20982,1.6975
0.076133,-0.22755,1.6965
0.07621,-0.25196,1.7009
0.076493,-0.27047,1.7031
0.0768,-0.29582,1.7074
0.077013,-0.31493,1.7146
0.077225,-0.34077,1.7207
0.077567,-0.36014,1.7304
0.07781,-0.38546,1.7309
0.078029,-0.40545,1.7355
0.078252,-0.43077,1.7404
0.078501,-0.4499,1.7436
0.07857,-0.47504,1.746
0.078906,-0.49542,1.7548
0.078995,-0.52172,1.7535
0.0793,-0.54125,1.7607
0.079313,-0.56654,1.7643
0.079569,-0.58542,1.7646
0.079484,-0.61065,1.7606
0.079668,-0.62809,1.7589
0.079376,-0.6536,1.76
0.079232,-0.67026,1.7555
0.079209,-0.69534,1.7504
0.014739,0.17129,0.44598
0.014772,0.16499,0.44517
0.014685,0.15973,0.44609
0.014781,0.15404,0.44757
0.01478,0.14965,0.44838
0.014882,0.14411,0.45028
0.014909,0.13972,0.45161
0.014971,0.13435,0.45449
0.014992,0.12953,0.45554
0.015078,0.12352,0.45734
0.015109,0.11916,0.45852
0.015159,0.11332,0.46226
0.01519,0.1087,0.46351
0.015234,0.10255,0.46501
0.015163,0.097439,0.46392
0,0,-1
0,0,-1
0,0,-1
0,0,-1
0,0,-1
0,0,-1
0,0,-1
0,0,-1
0,0,-1
0,0,-1
0,0,-1
0,0,-1
0.016506,0.024722,0.50432
0.016636,0.019762,0.50984
0.016861,0.012562,0.5136
0.017086,0.0073704,0.52044
0.017624,-8.8228e-05,0.5367
0.019758,-0.0063232,0.6007
0.039593,-0.030152,1.2151
0.054688,-0.059,1.6744
0.054971,-0.083513,1.6836
0.055119,-0.10118,1.6895
0.055352,-0.12575,1.6938
0.055388,-0.14335,1.6945
0.05537,-0.16778,1.6961
0.055403,-0.18537,1.6963
0.055417,-0.20961,1.6949
0.055508,-0.22749,1.6964
0.055568,-0.25224,1.6996
0.055757,-0.27058,1.7024
0.056023,-0.29582,1.7078
0.056233,-0.31506,1.7154
0.056392,-0.34081,1.7207
0.056647,-0.36049,1.7288
0.056928,-0.38564,1.7327
0.057104,-0.4056,1.7363
0.057215,-0.43094,1.7411
0.057331,-0.45007,1.7483
0.05753,-0.47585,1.7479
0.05775,-0.49591,1.7556
0.057791,-0.52226,1.7604
0.058011,-0.54166,1.7643
0.058091,-0.56812,1.7652
0.058271,-0.58673,1.769
0.058278,-0.61152,1.7642
0.058293,-0.63074,1.769
0.058136,-0.65498,1.7641
0.058202,-0.67358,1.7617
0.058328,-0.69892,1.7533
0.0093872,0.1717,0.45463
0.0093695,0.16574,0.4486
0.0093912,0.16142,0.44922
0.0094232,0.1557,0.45306
0.0093685,0.14993,0.45102
0.0094507,0.14531,0.45293
0.0094202,0.14017,0.45426
0.0094949,0.13522,0.45707
0.009494,0.12991,0.45649
0.0095265,0.12439,0.46108
0.0095371,0.11973,0.46084
0.0095961,0.11437,0.46382
0.0096086,0.10953,0.46485
0.0096371,0.10351,0.46636
0.0096621,0.098631,0.46769
0,0,-1
0,0,-1
0,0,-1
0,0,-1
0,0,-1
0,0,-1
0,0,-1
0,0,-1
0,0,-1
0,0,-1
0.010303,0.036548,0.49836
0.010379,0.031895,0.50408
0.010463,0.02498,0.50916
0.010613,0.019915,0.5149
0.010739,0.01277,0.52051
0.010921,0.0074823,0.52931
0.011375,-9.0237e-05,0.55351
0.01812,-0.0092885,0.88262
0.033656,-0.040742,1.6391
0.03444,-0.0591,1.6755
0.034615,-0.083575,1.6849
0.034681,-0.10118,1.6889
0.03473,-0.12575,1.6916
0.034817,-0.14324,1.6936
0.034806,-0.16741,1.6928
0.034856,-0.1853,1.6949
0.034889,-0.20963,1.6942
0.034923,-0.2276,1.6959
0.034983,-0.25181,1.6963
0.035089,-0.27065,1.7026
0.035293,-0.29589,1.7083
0.035431,-0.31513,1.7167
0.03558,-0.3409,1.722
0.035709,-0.36064,1.7294
0.035892,-0.38571,1.7332
0.035955,-0.40571,1.7393
0.036091,-0.43136,1.7427
0.036172,-0.45088,1.7488
0.036339,-0.47703,1.7485
0.036462,-0.49603,1.7565
0.036562,-0.52239,1.761
0.036733,-0.54211,1.7675
0.036755,-0.56836,1.7689
0.036915,-0.58774,1.771
0.03695,-0.6134,1.7693
0.036912,-0.63267,1.7703
0.03698,-0.65827,1.7689
0.036978,-0.6757,1.767
0.037009,-0.6998,1.7634
0.0039578,0.17332,0.45293
0.0039491,0.16613,0.45506
0.0039379,0.16195,0.45128
0.0039617,0.15628,0.45379
0.0039498,0.15157,0.45473
0.0039568,0.14572,0.4567
0.0039448,0.14126,0.45618
0.0039599,0.13532,0.45992
0.0039561,0.13087,0.46092
0.0039794,0.12508,0.46272
0.0039862,0.12062,0.46367
0.0040029,0.11501,0.46579
0.0040071,0.11005,0.46635
0.0040191,0.10406,0.46999
0.004023,0.099419,0.47066
0.0040281,0.092651,0.47158
0,0,-1
0,0,-1
0,0,-1
0,0,-1
0,0,-1
0,0,-1
0,0,-1
0.0041731,0.048494,0.49429
0.004229,0.043622,0.49788
0.0042841,0.037135,0.50386
0.0043057,0.032224,0.50884
0.0043548,0.025222,0.51339
0.0044041,0.020113,0.52222
0.0044685,0.012962,0.5291
0.0045682,0.0076376,0.54006
0.0051064,-9.7762e-05,0.59657
0.013061,-0.016327,1.5473
0.014078,-0.041518,1.6701
0.014135,-0.059106,1.6758
0.014194,-0.083367,1.6834
0.014235,-0.10115,1.6861
0.014243,-0.12527,1.6877
0.014276,-0.14309,1.6905
0.014287,-0.16723,1.6911
0.014298,-0.18485,1.6928
0.014329,-0.20955,1.6941
0.014368,-0.22734,1.6955
0.014395,-0.25189,1.6966
0.014457,-0.2703,1.7033
0.014552,-0.29593,1.7088
0.014618,-0.31538,1.7179
0.014704,-0.3409,1.7225
0.014781,-0.36062,1.731
0.014834,-0.38578,1.7346
0.014906,-0.40579,1.7415
0.014977,-0.43166,1.7453
0.015001,-0.45118,1.7508
0.015089,-0.47717,1.7503
0.015195,-0.49665,1.7583
0.015224,-0.52343,1.7623
0.015324,-0.5438,1.7684
0.015381,-0.57027,1.7711
0.015431,-0.5899,1.7766
0.015468,-0.61525,1.7747
0.015506,-0.63433,1.7768
0.015531,-0.65959,1.7732
0.015585,-0.67615,1.7723
0.015572,-0.70081,1.7691
-0.0015196,0.17406,0.45582
-0.0015331,0.16716,0.45649
-0.0015375,0.16254,0.45536
-0.00156,0.15678,0.45728
-0.0015665,0.15238,0.45848
-0.0015832,0.1466,0.46066
-0.0015896,0.14204,0.46024
-0.001609,0.13658,0.46382
-0.0016149,0.13173,0.46146
-0.0016317,0.12582,0.46591
-0.0016419,0.12134,0.46521
-0.001665,0.11552,0.46844
-0.0016744,0.11073,0.46928
-0.0016886,0.10462,0.47265
-0.0016988,0.099958,0.47366
-0.0017102,0.093466,0.47499
-0.0017179,0.088478,0.47249
0,0,-1
0,0,-1
0,0,-1
0,0,-1
-0.0017881,0.060442,0.49298
-0.0018157,0.055448,0.49607
-0.0018295,0.048993,0.50057
-0.0018591,0.044273,0.50243
-0.0018762,0.03751,0.50896
-0.0018974,0.032545,0.51473
-0.0019211,0.025659,0.5232
-0.0019535,0.020581,0.52907
-0.0019962,0.013228,0.53997
-0.0021161,0.0082004,0.57421
-0.0038309,-0.00016884,1.0408
-0.0061138,-0.01749,1.6609
-0.0061561,-0.041547,1.6709
-0.0061619,-0.058934,1.6749
-0.0061812,-0.083228,1.6799
-0.0061949,-0.10098,1.6851
-0.0061929,-0.12512,1.6856
-0.0061926,-0.14282,1.6864
-0.0061842,-0.16684,1.6878
-0.0061848,-0.18484,1.6897
-0.0061739,-0.20953,1.6942
-0.006181,-0.22751,1.6955
-0.0061693,-0.25175,1.6967
-0.0061782,-0.27024,1.7025
-0.00618,-0.29625,1.7102
-0.0062018,-0.31505,1.7179
-0.0061989,-0.34109,1.7238
-0.0062149,-0.36061,1.734
-0.0061994,-0.38638,1.7346
-0.0062097,-0.40574,1.7417
-0.0061991,-0.43156,1.7454
-0.0061845,-0.45124,1.7508
-0.0061656,-0.47734,1.7562
-0.0061777,-0.49731,1.7585
-0.0061565,-0.52411,1.7624
-0.0061431,-0.54452,1.7696
-0.0061248,-0.57043,1.772
-0.0060996,-0.5906,1.7769
-0.0060567,-0.61607,1.7796
-0.0060369,-0.63675,1.7804
-0.0059931,-0.65994,1.7778
-0.0059572,-0.67713,1.7768
-0.0058828,-0.7014,1.7749
-0.0071192,0.17518,0.45906
-0.007122,0.16889,0.45821
-0.0070824,0.16368,0.45886
-0.0071337,0.15851,0.46105
-0.0071466,0.15327,0.45971
-0.007199,0.14735,0.46194
-0.0071892,0.14285,0.46302
-0.0072662,0.137,0.46572
-0.0072692,0.1323,0.46521
-0.0073191,0.12686,0.46692
-0.0073291,0.12215,0.46785
-0.0074101,0.11586,0.46981
-0.007408,0.11119,0.47158
-0.0074642,0.10525,0.47537
-0.0074599,0.10027,0.47639
-0.0075271,0.094027,0.4803
-0.0075725,0.089832,0.48122
-0.0076211,0.083545,0.4846
-0.0076851,0.078688,0.48626
-0.0077181,0.072315,0.4882
-0.0077515,0.067424,0.49155
-0.0078298,0.060894,0.49712
-0.0078622,0.056009,0.49888
-0.007956,0.049396,0.50152
-0.0080499,0.044714,0.50832
-0.0082494,0.038459,0.52077
-0.0082926,0.033306,0.52376
-0.0083735,0.026057,0.53244
-0.0086077,0.021059,0.53966
-0.0090048,0.013964,0.57374
-0.015796,0.014197,1.002
-0.025991,-0.00026789,1.6458
-0.026308,-0.017528,1.6661
-0.026419,-0.041554,1.6742
-0.026422,-0.058925,1.6747
-0.026512,-0.08318,1.6797
-0.02652,-0.10072,1.6822
-0.026566,-0.125,1.683
-0.026593,-0.14251,1.6852
-0.026609,-0.1668,1.6864
-0.026651,-0.18487,1.6896
-0.026658,-0.2095,1.6946
-0.026724,-0.22738,1.6962
-0.026719,-0.25184,1.6982
-0.02683,-0.27006,1.7004
-0.026899,-0.2962,1.7096
-0.027023,-0.31547,1.7177
-0.027074,-0.34092,1.7236
-0.02727,-0.36055,1.7339
-0.027265,-0.3865,1.7373
-0.027339,-0.40584,1.743
-0.027435,-0.43202,1.7452
-0.027433,-0.45219,1.7512
-0.027453,-0.47879,1.7567
-0.027572,-0.49925,1.7601
-0.027592,-0.52518,1.769
-0.027637,-0.54518,1.7737
-0.027679,-0.572,1.7747
-0.027703,-0.59165,1.7783
-0.027633,-0.61765,1.7835
-0.027634,-0.63665,1.7844
-0.027609,-0.66045,1.781
-0.027538,-0.67802,1.7794
-0.02736,-0.70147,1.7708
-0.01279,0.17826,0.4651
-0.012767,0.17062,0.46111
-0.012743,0.16562,0.46229
-0.012852,0.15934,0.46459
-0.012804,0.15489,0.46244
-0.012909,0.14891,0.46552
-0.012879,0.14312,0.46475
-0.012949,0.1384,0.46763
-0.012983,0.13342,0.46893
-0.013076,0.12721,0.47077
-0.013116,0.12241,0.47299
-0.013189,0.11645,0.47517
-0.013227,0.11188,0.47572
-0.013268,0.10556,0.47857
-0.013302,0.10117,0.47907
-0.013415,0.095027,0.48235
-0.013574,0.090533,0.48462
-0.013615,0.084016,0.48758
-0.013642,0.079323,0.48965
-0.013705,0.07264,0.49209
-0.013857,0.068232,0.49565
-0.013942,0.061385,0.49815
-0.014035,0.056462,0.50064
-0.014164,0.050072,0.51079
-0.014554,0.045851,0.52004
-0.014643,0.038808,0.52404
-0.014965,0.033698,0.53394
-0.015195,0.026658,0.54117
-0.015895,0.022096,0.57253
-0.024729,0.0217,0.88688
-0.045808,0.023237,1.6426
-0.046459,-0.00027289,1.6643
-0.046487,-0.017584,1.6674
-0.046674,-0.04155,1.674
-0.046708,-0.058937,1.6751
-0.046824,-0.083088,1.6778
-0.046829,-0.10061,1.6793
-0.046935,-0.12496,1.6826
-0.046935,-0.14245,1.6836
-0.047024,-0.16689,1.686
-0.047163,-0.18481,1.6891
-0.047135,-0.20931,1.6948
-0.047212,-0.22731,1.6959
-0.04727,-0.25201,1.6978
-0.047448,-0.26998,1.7
-0.047598,-0.29616,1.7102
-0.047854,-0.31546,1.7185
-0.047936,-0.34093,1.7254
-0.048313,-0.36122,1.7337
-0.04831,-0.38638,1.7375
-0.048568,-0.40632,1.7444
-0.048646,-0.43242,1.75
-0.048771,-0.45243,1.755
-0.048707,-0.47893,1.7591
-0.049087,-0.4992,1.7659
-0.049108,-0.52549,1.7691
-0.049267,-0.54609,1.7745
-0.049279,-0.57243,1.7777
-0.049406,-0.59208,1.78
-0.049243,-0.61756,1.784
-0.049376,-0.63648,1.7856
-0.049282,-0.66113,1.7842
-0.049135,-0.679,1.7803
-0.04907,-0.70278,1.7788
-0.018439,0.17897,0.46465
-0.018538,0.17237,0.46709
-0.018496,0.16634,0.46466
-0.018526,0.15982,0.46686
-0.018582,0.15539,0.46705
-0.018672,0.14938,0.46901
-0.018619,0.14474,0.47009
-0.018893,0.13885,0.47147
-0.018749,0.13437,0.47277
-0.018913,0.1284,0.47546
-0.018953,0.12294,0.47577
-0.019045,0.1175,0.47739
-0.019097,0.11303,0.47851
-0.019235,0.10655,0.48188
-0.01937,0.1018,0.48346
-0.019455,0.095478,0.48525
-0.019575,0.091329,0.48911
-0.019675,0.084669,0.49205
-0.019748,0.079897,0.49312
-0.019916,0.073391,0.49517
-0.020071,0.068497,0.50084
-0.020192,0.061921,0.50212
-0.020271,0.057341,0.50817
-0.02081,0.050947,0.51625
-0.021079,0.046422,0.52526
-0.021679,0.039597,0.53836
-0.021803,0.034366,0.54425
-0.023018,0.028191,0.57284
-0.033095,0.032163,0.82974
-0.065761,0.040285,1.6442
-0.066742,0.023611,1.6693
-0.06663,-0.00027693,1.6677
-0.066861,-0.017605,1.6715
-0.066909,-0.041541,1.6744
-0.066992,-0.058936,1.6744
-0.067123,-0.08312,1.678
-0.067166,-0.10064,1.6803
-0.067252,-0.1249,1.6819
-0.067309,-0.1424,1.6839
-0.067536,-0.16696,1.6893
-0.067532,-0.18473,1.6916
-0.067627,-0.20911,1.6941
-0.0677,-0.22721,1.6952
-0.067841,-0.25199,1.6978
-0.068079,-0.2705,1.7021
-0.06831,-0.296,1.7116
-0.068648,-0.31548,1.7187
-0.068895,-0.34109,1.7251
-0.069323,-0.36159,1.7335
-0.069536,-0.38685,1.7381
-0.069723,-0.40687,1.745
-0.069923,-0.43266,1.7506
-0.070046,-0.45325,1.7554
-0.070168,-0.47958,1.76
-0.070529,-0.49899,1.7652
-0.070559,-0.52608,1.7719
-0.070816,-0.54626,1.7792
-0.070902,-0.57248,1.7806
-0.071091,-0.59303,1.7828
-0.071023,-0.61866,1.7888
-0.071133,-0.63814,1.7884
-0.070961,-0.66218,1.7851
-0.070848,-0.68027,1.7855
-0.070689,-0.70522,1.7739
-0.024694,0.1823,0.47821
-0.024529,0.17304,0.47151
-0.024375,0.16812,0.46951
-0.024488,0.16143,0.4705
-0.024296,0.15574,0.46908
-0.024437,0.15102,0.47198
-0.024569,0.14532,0.47397
-0.024677,0.14015,0.47623
-0.02471,0.13506,0.47722
-0.024811,0.12931,0.4793
-0.024734,0.12424,0.47767
-0.025078,0.11858,0.48102
-0.025209,0.11384,0.48215
-0.025335,0.10731,0.48453
-0.025363,0.10292,0.48721
-0.025478,0.096509,0.49186
-0.025703,0.092227,0.49462
-0.025847,0.085418,0.49819
-0.026031,0.080624,0.49903
-0.026119,0.07398,0.50082
-0.026294,0.069461,0.50542
-0.026672,0.062759,0.51003
-0.027049,0.058218,0.5152
-0.027414,0.051792,0.52447
-0.028251,0.04742,0.53824
-0.02873,0.040537,0.54993
-0.030827,0.037622,0.5938
-0.046091,0.043448,0.88522
-0.085806,0.063885,1.6501
-0.087133,0.040943,1.6694
-0.08718,0.023677,1.6746
-0.087042,-0.00028157,1.6699
-0.087234,-0.017628,1.6736
-0.087216,-0.041556,1.6735
-0.087263,-0.058962,1.6746
-0.087384,-0.083177,1.6771
-0.087527,-0.10068,1.6811
-0.087655,-0.12484,1.683
-0.087702,-0.14262,1.6849
-0.087931,-0.16695,1.6884
-0.088067,-0.1848,1.6908
-0.088065,-0.20899,1.6938
-0.088344,-0.22718,1.6958
-0.088437,-0.25203,1.7008
-0.08884,-0.2708,1.7074
-0.08918,-0.29668,1.714
-0.089573,-0.31556,1.7237
-0.089852,-0.34162,1.7253
-0.0903,-0.36208,1.7335
-0.090747,-0.38789,1.7414
-0.091016,-0.40714,1.7446
-0.091286,-0.43361,1.7516
-0.091282,-0.45307,1.756
-0.091483,-0.48008,1.7606
-0.091944,-0.49954,1.7658
-0.092105,-0.52591,1.7733
-0.092328,-0.54667,1.781
-0.092604,-0.57332,1.7798
-0.092758,-0.59411,1.7864
-0.092768,-0.61879,1.7881
-0.092925,-0.63797,1.7917
-0.092683,-0.66263,1.7885
-0.092495,-0.68166,1.7854
-0.092261,-0.70603,1.7795
-0.031334,0.18754,0.48922
-0.030658,0.17713,0.4804
-0.030752,0.17215,0.47847
-0.030733,0.1657,0.47614
-0.030639,0.15973,0.47601
-0.030935,0.15357,0.47801
-0.030447,0.14726,0.47757
-0.03084,0.14103,0.48107
-0.030671,0.13631,0.47921
-0.031058,0.13024,0.48306
-0.030933,0.12562,0.48291
-0.031278,0.11942,0.48559
-0.031328,0.11503,0.48673
-0.031507,0.10864,0.48946
-0.031581,0.10386,0.49197
-0.03191,0.097182,0.49381
-0.032022,0.092551,0.49964
-0.032148,0.085869,0.50164
-0.032496,0.081725,0.50327
-0.032784,0.074917,0.50599
-0.033224,0.070605,0.51542
-0.033351,0.063682,0.51991
-0.033937,0.059409,0.52685
-0.03481,0.053198,0.53735
-0.035972,0.049475,0.55856
-0.038285,0.044325,0.59319
-0.072434,0.071618,1.1363
-0.10603,0.080996,1.6505
-0.10751,0.065048,1.6742
-0.10757,0.041087,1.6756
-0.10761,0.023692,1.6759
-0.10744,-0.00028743,1.6754
-0.10746,-0.017634,1.6733
-0.10743,-0.041583,1.6726
-0.10762,-0.05901,1.6759
-0.10784,-0.083163,1.6807
-0.10788,-0.1007,1.6822
-0.10805,-0.12505,1.6826
-0.10819,-0.14254,1.6846
-0.10837,-0.16688,1.6874
-0.10849,-0.18484,1.6898
-0.10869,-0.20947,1.6927
-0.10894,-0.22749,1.6966
-0.10894,-0.25226,1.6996
-0.10961,-0.27102,1.7065
-0.11015,-0.29658,1.7129
-0.11063,-0.31603,1.7233
-0.11076,-0.34178,1.726
-0.11135,-0.36232,1.7358
-0.11186,-0.38769,1.7417
-0.11229,-0.4073,1.748
-0.1125,-0.43356,1.7506
-0.11269,-0.45304,1.7563
-0.113,-0.47994,1.764
-0.11352,-0.50089,1.7697
-0.11368,-0.5265,1.7754
-0.11415,-0.5481,1.7828
-0.11446,-0.57326,1.7877
-0.11463,-0.59413,1.7868
-0.11455,-0.61859,1.7894
-0.11466,-0.63886,1.7906
-0.11429,-0.66359,1.7886
-0.11422,-0.68137,1.7856
-0.11396,-0.7038,1.7788
-0.038093,0.19251,0.50393
-0.037474,0.18151,0.49438
-0.037471,0.17656,0.49423
-0.036874,0.16812,0.48597
-0.03693,0.16161,0.48435
-0.037098,0.15537,0.48639
-0.037216,0.15027,0.48467
-0.037112,0.14447,0.49021
-0.037207,0.13818,0.48792
-0.037355,0.13122,0.49098
-0.037525,0.12654,0.49044
-0.037665,0.12088,0.4921
-0.037761,0.11665,0.49325
-0.037986,0.11047,0.49681
-0.038137,0.10554,0.49786
-0.038382,0.098965,0.50297
-0.038526,0.094141,0.50498
-0.038907,0.087184,0.50867
-0.039343,0.083141,0.51536
-0.039795,0.07626,0.51704
-0.040025,0.072378,0.5266
-0.04044,0.065914,0.53423
-0.042205,0.062197,0.55341
-0.044292,0.056133,0.57364
-0.055694,0.064066,0.72903
-0.096839,0.093793,1.2717
-0.12808,0.10679,1.6815
-0.1282,0.082791,1.6828
-0.1282,0.065283,1.679
-0.12803,0.041104,1.6782
-0.12806,0.023708,1.6785
-0.12804,-0.00029465,1.6747
-0.12786,-0.017638,1.6741
-0.12783,-0.041621,1.675
-0.12798,-0.059088,1.6761
-0.12827,-0.083235,1.6795
-0.12843,-0.10084,1.6827
-0.12848,-0.12504,1.6837
-0.12882,-0.1426,1.6865
-0.12873,-0.16684,1.686
-0.12913,-0.18494,1.6889
-0.12917,-0.20935,1.694
-0.12962,-0.22755,1.7
-0.12957,-0.25216,1.6986
-0.1302,-0.27111,1.707
-0.13099,-0.29699,1.7161
-0.13145,-0.316,1.7239
-0.13189,-0.3421,1.7295
-0.13269,-0.36244,1.7404
-0.13288,-0.38828,1.7432
-0.13341,-0.40779,1.7518
-0.13381,-0.43421,1.753
-0.13408,-0.45339,1.7621
-0.13442,-0.48032,1.7635
-0.13501,-0.50121,1.7718
-0.13528,-0.52767,1.776
-0.13583,-0.54843,1.7814
-0.13609,-0.5747,1.7876
-0.1364,-0.59484,1.7884
-0.1362,-0.61836,1.7899
-0.13628,-0.63866,1.7893
-0.13583,-0.66322,1.7885
-0.13587,-0.68099,1.785
-0.13546,-0.70357,1.7817
-0.046475,0.20217,0.52773
-0.045208,0.18868,0.51243
-0.044851,0.18214,0.50926
-0.043994,0.17255,0.50229
-0.044111,0.16735,0.50312
-0.043825,0.15905,0.49646
-0.043963,0.15437,0.49792
-0.043974,0.14648,0.49875
-0.044124,0.14178,0.50012
-0.044243,0.13518,0.498
-0.044364,0.13035,0.49927
-0.044503,0.12374,0.50184
-0.044534,0.11809,0.50514
-0.044763,0.11156,0.50735
-0.045031,0.10657,0.50843
-0.045463,0.099659,0.50984
-0.045713,0.095385,0.51625
-0.045859,0.089736,0.52086
-0.047127,0.086057,0.53346
-0.047329,0.078665,0.53581
-0.048978,0.075824,0.55396
-0.049912,0.069335,0.56214
-0.055885,0.071946,0.63726
-0.082038,0.091313,0.93076
-0.1438,0.14334,1.6284
-0.14896,0.12458,1.6875
-0.14908,0.10718,1.6886
-0.14913,0.082815,1.6846
-0.1487,0.06533,1.6832
-0.14865,0.0412,1.6813
-0.1485,0.023772,1.6796
-0.14827,-0.00030261,1.6784
-0.14824,-0.01769,1.6783
-0.14822,-0.041694,1.6779
-0.14854,-0.05915,1.68
-0.14868,-0.083194,1.6819
-0.14895,-0.10084,1.6852
-0.14922,-0.12509,1.6858
-0.14919,-0.14263,1.6866
-0.14926,-0.16729,1.689
-0.1496,-0.18503,1.6936
-0.14982,-0.20955,1.6958
-0.15024,-0.22774,1.6985
-0.15043,-0.25245,1.7031
-0.15083,-0.271,1.7095
-0.15168,-0.29683,1.7165
-0.15224,-0.31627,1.7236
-0.15293,-0.34242,1.7301
-0.1539,-0.36224,1.7391
-0.15423,-0.38799,1.7423
-0.15491,-0.40744,1.7533
-0.15491,-0.43431,1.7522
-0.1555,-0.45399,1.763
-0.15566,-0.48116,1.7682
-0.15677,-0.5012,1.7764
-0.15703,-0.52741,1.7744
-0.1574,-0.548,1.7841
-0.15786,-0.5743,1.7862
-0.15805,-0.59432,1.7908
-0.15773,-0.62025,1.7888
-0.15792,-0.63808,1.7892
-0.1576,-0.66287,1.7869
-0.15736,-0.6808,1.7852
-0.15718,-0.70584,1.7778
-0.056745,0.21701,0.57212
-0.053882,0.19915,0.54415
-0.05326,0.19024,0.53089
-0.052173,0.17865,0.51992
-0.051944,0.17319,0.51979
-0.051267,0.16441,0.51392
-0.051239,0.15829,0.5127
-0.051453,0.15093,0.51301
-0.051603,0.14605,0.51442
-0.051459,0.13801,0.51418
-0.051439,0.13309,0.51372
-0.051784,0.12726,0.51473
-0.052139,0.12277,0.51593
-0.052887,0.11581,0.51896
-0.053099,0.11064,0.52632
-0.053257,0.10371,0.53007
-0.053782,0.098707,0.53326
-0.054232,0.092688,0.54045
-0.056971,0.09161,0.5653
-0.058583,0.085859,0.58201
-0.063212,0.08668,0.63075
-0.084916,0.10366,0.84335
-0.15334,0.17282,1.5296
-0.16835,0.16485,1.68
-0.16977,0.14918,1.6936
-0.17028,0.12512,1.6955
-0.16991,0.10747,1.6951
-0.16982,0.083063,1.6897
-0.16957,0.065415,1.6853
-0.16925,0.041201,1.6842
-0.16919,0.023763,1.6831
-0.16902,-0.00031238,1.6805
-0.16899,-0.017738,1.6804
-0.16885,-0.041739,1.68
-0.16884,-0.059238,1.6809
-0.16891,-0.083354,1.6842
-0.16938,-0.10094,1.6855
-0.16946,-0.12516,1.6861
-0.16971,-0.14301,1.6874
-0.17004,-0.16737,1.6931
-0.1704,-0.18519,1.6947
-0.1706,-0.20984,1.698
-0.17094,-0.22812,1.7005
-0.17119,-0.25273,1.7029
-0.17213,-0.27112,1.7122
-0.17243,-0.2968,1.7159
-0.17353,-0.31687,1.7244
-0.17399,-0.34259,1.7323
-0.17479,-0.36218,1.7402
-0.17516,-0.38767,1.7434
-0.17628,-0.40806,1.7523
-0.17603,-0.43421,1.756
-0.17706,-0.45439,1.7615
-0.17742,-0.48147,1.7679
-0.17828,-0.50084,1.7777
-0.1786,-0.52838,1.7726
-0.1793,-0.54766,1.785
-0.1794,-0.57459,1.7844
-0.17959,-0.59458,1.7897
-0.17931,-0.62015,1.7886
-0.17957,-0.63821,1.7888
-0.17912,-0.66277,1.7852
-0.17936,-0.68088,1.7847
-0.1786,-0.70458,1.7797
-0.13107,0.44854,1.1697
-0.091633,0.29669,0.81156
-0.067185,0.21271,0.60007
-0.06236,0.19149,0.55926
-0.060697,0.17999,0.54083
-0.059218,0.16865,0.52718
-0.059402,0.16368,0.52872
-0.060204,0.15877,0.53428
-0.060378,0.15364,0.53769
-0.061004,0.14666,0.54288
-0.061065,0.14057,0.54101
-0.061283,0.13332,0.54412
-0.061435,0.12802,0.54538
-0.061886,0.12105,0.55025
-0.062712,0.11801,0.5578
-0.063898,0.11166,0.5714
-0.066707,0.11098,0.59587
-0.070617,0.10777,0.62857
-0.10922,0.15734,0.9718
-0.12605,0.16606,1.123
-0.17645,0.21594,1.573
-0.18816,0.206,1.6732
-0.19007,0.19042,1.6871
-0.19064,0.16669,1.6944
-0.19102,0.14952,1.6978
-0.19125,0.1254,1.6997
-0.19088,0.10753,1.6946
-0.19029,0.083196,1.6943
-0.19015,0.065538,1.6889
-0.18995,0.041276,1.6866
-0.18992,0.023782,1.6865
-0.18979,-0.00032291,1.6861
-0.1897,-0.017769,1.6865
-0.18947,-0.041819,1.6829
-0.18957,-0.059286,1.6831
-0.18946,-0.083418,1.6843
-0.18995,-0.10106,1.6873
-0.19011,-0.12542,1.6888
-0.19051,-0.14321,1.6905
-0.19058,-0.16754,1.6943
-0.19096,-0.18546,1.6982
-0.1915,-0.20998,1.7006
-0.1918,-0.22824,1.7005
-0.19198,-0.25286,1.7053
-0.19267,-0.271,1.714
-0.19364,-0.2978,1.7223
-0.19431,-0.31668,1.7284
-0.1951,-0.34273,1.7342
-0.19578,-0.36216,1.7427
-0.19656,-0.38834,1.7464
-0.19728,-0.40812,1.7502
-0.19781,-0.43389,1.7569
-0.19841,-0.45461,1.7654
-0.19901,-0.48219,1.7668
-0.1999,-0.5023,1.7763
-0.20039,-0.52826,1.7812
-0.20091,-0.54889,1.7844
-0.20082,-0.57397,1.7871
-0.20124,-0.59414,1.7928
-0.20125,-0.61986,1.7889
-0.2014,-0.63754,1.7878
-0.20073,-0.66302,1.7842
-0.20079,-0.68128,1.7834
-0.20076,-0.70647,1.7797
-0.19684,0.61217,1.5862
-0.19364,0.57347,1.5662
-0.18066,0.52602,1.4454
-0.15543,0.43196,1.2488
-0.10917,0.29445,0.88408
-0.092445,0.23808,0.74313
-0.081966,0.20402,0.65985
-0.081423,0.19363,0.65394
-0.078501,0.17934,0.62877
-0.076898,0.16776,0.62148
-0.077104,0.16177,0.62305
-0.078958,0.15592,0.63336
-0.082585,0.15619,0.66105
-0.085138,0.15115,0.68656
-0.094577,0.16099,0.7627
-0.11081,0.17505,0.89495
-0.14376,0.21574,1.1566
-0.18636,0.25759,1.4985
-0.20799,0.27028,1.6691
-0.20877,0.24784,1.6807
-0.21006,0.23161,1.6894
-0.21061,0.20829,1.6935
-0.21134,0.19146,1.6982
-0.21216,0.16744,1.702
-0.21262,0.14997,1.7046
-0.21209,0.12571,1.7034
-0.2119,0.10782,1.7002
-0.21142,0.08334,1.698
-0.21079,0.065592,1.6938
-0.21058,0.041384,1.6902
-0.21041,0.023811,1.6894
-0.21039,-0.00033473,1.6882
-0.21039,-0.017827,1.6881
-0.21032,-0.04194,1.6863
-0.21026,-0.059401,1.6861
-0.21015,-0.083485,1.6859
-0.21043,-0.10106,1.6872
-0.2108,-0.12553,1.691
-0.21102,-0.14327,1.6937
-0.21139,-0.1678,1.6951
-0.21212,-0.18562,1.7009
-0.21238,-0.21037,1.7004
-0.21269,-0.22845,1.7063
-0.21321,-0.2533,1.7088
-0.21331,-0.27148,1.7131
-0.21434,-0.29752,1.7212
-0.21536,-0.31696,1.7274
-0.2158,-0.34285,1.7333
-0.21699,-0.36272,1.7439
-0.21771,-0.38868,1.7456
-0.21844,-0.40825,1.7538
-0.21889,-0.43457,1.7586
-0.21999,-0.45447,1.7633
-0.22092,-0.48243,1.7709
-0.22116,-0.50226,1.7742
-0.22238,-0.52789,1.7813
-0.22224,-0.54816,1.7821
-0.22215,-0.57404,1.7862
-0.22304,-0.59336,1.7905
-0.22264,-0.62005,1.7863
-0.22285,-0.63692,1.7891
-0.22255,-0.66199,1.7856
-0.22219,-0.68076,1.7816
-0.22157,-0.70513,1.7783
-0.22786,0.63736,1.6724
-0.22726,0.61588,1.6665
-0.22428,0.58939,1.6533
-0.22335,0.56628,1.6288
-0.22113,0.54185,1.622
-0.21825,0.51132,1.6042
-0.21721,0.49263,1.5963
-0.21738,0.46855,1.5905
-0.21201,0.44238,1.5511
-0.2064,0.41021,1.5202
-0.20695,0.39556,1.5241
-0.21098,0.37947,1.5448
-0.21905,0.37788,1.6015
-0.22368,0.36123,1.632
-0.22599,0.35012,1.6608
-0.22664,0.32724,1.6604
-0.22765,0.31065,1.6635
-0.22824,0.28758,1.6676
-0.23088,0.27371,1.6864
-0.23141,0.25011,1.6926
-0.23194,0.23292,1.6962
-0.23243,0.20905,1.7007
-0.23288,0.19182,1.7041
-0.23336,0.16795,1.7069
-0.23348,0.15045,1.7081
-0.23336,0.12599,1.707
-0.23298,0.10814,1.7041
-0.23249,0.083569,1.7001
-0.23222,0.065721,1.6965
-0.23147,0.041445,1.6938
-0.23133,0.023875,1.6941
-0.23119,-0.00034748,1.6917
-0.23119,-0.01789,1.6946
-0.23063,-0.042007,1.687
-0.23069,-0.059399,1.6865
-0.23091,-0.083495,1.6875
-0.23099,-0.10126,1.6898
-0.23137,-0.12567,1.6925
-0.23183,-0.14361,1.6946
-0.23257,-0.16792,1.6975
-0.233,-0.18601,1.702
-0.23304,-0.21062,1.7059
-0.23376,-0.22884,1.7077
-0.23378,-0.25358,1.71
-0.23501,-0.27234,1.716
-0.23552,-0.29802,1.721
-0.23646,-0.31734,1.7324
-0.23709,-0.34317,1.7358
-0.23854,-0.36303,1.7425
-0.23886,-0.38929,1.7498
-0.23986,-0.40784,1.7536
-0.24065,-0.4343,1.7566
-0.24132,-0.45525,1.7672
-0.24202,-0.48213,1.7723
-0.24332,-0.50281,1.7777
-0.24365,-0.52923,1.78
-0.24348,-0.54737,1.785
-0.24369,-0.57487,1.7841
-0.24408,-0.59251,1.7884
-0.24393,-0.61901,1.7844
-0.24463,-0.63698,1.7866
-0.24385,-0.66153,1.7823
-0.2434,-0.67981,1.7794
-0.24238,-0.70251,1.7709
-0.25147,0.64637,1.698
-0.2514,0.625,1.6949
-0.25048,0.60561,1.6946
-0.24871,0.58196,1.688
-0.24912,0.5601,1.6846
-0.24864,0.53629,1.6762
-0.24883,0.52006,1.6811
-0.2491,0.49424,1.6787
-0.24934,0.47786,1.6799
-0.24962,0.45495,1.6805
-0.24972,0.43792,1.682
-0.25053,0.4141,1.6835
-0.25069,0.39703,1.6872
-0.25099,0.3738,1.6901
-0.25101,0.35711,1.69
-0.24769,0.32862,1.6685
-0.24818,0.31195,1.6716
-0.25044,0.29035,1.6808
-0.2518,0.27433,1.6955
-0.25243,0.25086,1.7008
-0.25281,0.23351,1.7015
-0.25334,0.2098,1.7075
-0.25372,0.19226,1.7061
-0.25454,0.16824,1.7121
-0.25477,0.15083,1.7102
-0.25478,0.12625,1.7116
-0.25389,0.10834,1.7082
-0.25337,0.083698,1.7026
-0.25285,0.065932,1.701
-0.25253,0.041552,1.6977
-0.25238,0.023901,1.698
-0.25218,-0.00036205,1.6973
-0.25218,-0.017926,1.6974
-0.25207,-0.042144,1.6918
-0.25183,-0.059556,1.6908
-0.2517,-0.083692,1.6895
-0.25206,-0.1014,1.6932
-0.25232,-0.12601,1.6946
-0.25311,-0.14364,1.6969
-0.25347,-0.16825,1.7012
-0.25362,-0.18628,1.7054
-0.25433,-0.21104,1.707
-0.25452,-0.22915,1.7099
-0.25496,-0.25402,1.7121
-0.25544,-0.2723,1.7151
-0.25706,-0.29857,1.722
-0.25722,-0.31829,1.7302
-0.25824,-0.34338,1.734
-0.25935,-0.36294,1.7441
-0.25992,-0.38949,1.7495
-0.26105,-0.40969,1.757
-0.26204,-0.43486,1.7591
-0.26315,-0.45486,1.7672
-0.26302,-0.48202,1.7698
-0.26448,-0.50201,1.7762
-0.26482,-0.52839,1.7792
-0.26516,-0.5471,1.7822
-0.26502,-0.57442,1.7829
-0.26524,-0.5926,1.7842
-0.26558,-0.61848,1.7825
-0.26603,-0.6362,1.784
-0.26506,-0.66079,1.7824
-0.26458,-0.67873,1.7773
-0.26371,-0.70186,1.7726
-0.27244,0.65165,1.7073
-0.2734,0.62944,1.7084
-0.27381,0.61225,1.7054
-0.2733,0.58768,1.7092
-0.27311,0.56736,1.7033
-0.2738,0.54475,1.6987
-0.27327,0.52748,1.7024
-0.27284,0.50262,1.704
-0.27265,0.48458,1.6999
-0.27297,0.45949,1.7012
-0.27304,0.4413,1.6986
-0.27223,0.41695,1.6979
-0.27289,0.40035,1.7
-0.2731,0.37619,1.6936
-0.27255,0.35853,1.6972
-0.27171,0.33339,1.6917
-0.27114,0.31489,1.6896
-0.27183,0.29105,1.6915
-0.27266,0.27547,1.7005
-0.27374,0.25171,1.7041
-0.27415,0.23443,1.7065
-0.27477,0.21042,1.7099
-0.27521,0.19297,1.7129
-0.27586,0.16874,1.7165
-0.27614,0.15114,1.7181
-0.27628,0.12639,1.7182
-0.27526,0.1086,1.7137
-0.27455,0.083896,1.7076
-0.2738,0.06601,1.7045
-0.27388,0.041542,1.7028
-0.27324,0.0239,1.7007
-0.2729,-0.0003772,1.7005
-0.27305,-0.017948,1.6983
-0.27299,-0.042207,1.6971
-0.27292,-0.05967,1.6947
-0.27277,-0.083847,1.6937
-0.27308,-0.10163,1.6953
-0.27328,-0.12598,1.6976
-0.27389,-0.14386,1.7023
-0.27432,-0.16865,1.7041
-0.27477,-0.18646,1.7067
-0.27505,-0.2113,1.7096
-0.27571,-0.22951,1.7115
-0.27611,-0.25443,1.7147
-0.27667,-0.2731,1.7175
-0.27748,-0.29812,1.7265
-0.27864,-0.31802,1.733
-0.27983,-0.34372,1.7378
-0.28111,-0.36297,1.7445
-0.28181,-0.38946,1.7516
-0.2826,-0.40926,1.7615
-0.2834,-0.43621,1.7603
-0.28437,-0.45594,1.7646
-0.28482,-0.48216,1.7693
-0.28631,-0.50119,1.7732
-0.28587,-0.52749,1.7791
-0.28679,-0.54672,1.7799
-0.28618,-0.57345,1.7817
-0.28634,-0.59236,1.7827
-0.28671,-0.61782,1.7803
-0.28708,-0.63555,1.7822
-0.28594,-0.66003,1.7801
-0.28565,-0.67763,1.7782
-0.28482,-0.69967,1.7741
-0.29487,0.65454,1.704
-0.29588,0.63129,1.7122
-0.29564,0.61272,1.711
-0.29535,0.58966,1.7145
-0.29516,0.57351,1.7114
-0.29488,0.54558,1.7104
-0.29478,0.52878,1.7127
-0.29509,0.50491,1.7069
-0.29483,0.48544,1.7055
-0.29495,0.46208,1.7056
-0.29448,0.4435,1.7054
-0.29463,0.41867,1.7033
-0.29372,0.40122,1.7014
-0.29398,0.37711,1.7024
-0.29432,0.35994,1.7054
-0.29331,0.33455,1.7028
-0.29266,0.31585,1.6918
-0.29341,0.29199,1.6959
-0.29468,0.2753,1.7034
-0.29559,0.25214,1.7122
-0.29614,0.2348,1.7135
-0.2967,0.2108,1.7166
-0.29706,0.1933,1.7164
-0.29751,0.16905,1.7189
-0.29732,0.15133,1.7214
-0.29724,0.12681,1.7207
-0.29668,0.1089,1.716
-0.29561,0.084018,1.7116
-0.29525,0.066128,1.7071
-0.29497,0.041623,1.7046
-0.29444,0.023951,1.7007
-0.29437,-0.00039419,1.7009
-0.29437,-0.018,1.7008
-0.2942,-0.042282,1.6981
-0.29425,-0.059897,1.6973
-0.29396,-0.08418,1.6963
-0.29394,-0.10177,1.6969
-0.29419,-0.12614,1.7011
-0.29517,-0.14418,1.7056
-0.29511,-0.16902,1.7076
-0.29619,-0.1868,1.7096
-0.29636,-0.21165,1.7104
-0.29701,-0.22988,1.7159
-0.29688,-0.25514,1.7168
-0.29828,-0.27316,1.7191
-0.29896,-0.29847,1.7236
-0.29971,-0.31795,1.7304
-0.30119,-0.34364,1.7392
-0.30182,-0.36352,1.7474
-0.30301,-0.3894,1.7535
-0.30387,-0.40895,1.7606
-0.30511,-0.43599,1.7626
-0.30611,-0.45545,1.7686
-0.30589,-0.48132,1.7734
-0.30736,-0.50202,1.7711
-0.3076,-0.52687,1.777
-0.30779,-0.54843,1.7785
-0.30764,-0.5726,1.7801
-0.3082,-0.59241,1.7837
-0.30784,-0.61692,1.7782
-0.30807,-0.63476,1.7814
-0.30691,-0.65963,1.7783
-0.30694,-0.67644,1.778
-0.30652,-0.70248,1.7742
-0.31653,0.65797,1.7153
-0.31643,0.63239,1.7126
-0.31706,0.61444,1.7154
-0.31691,0.59054,1.7153
-0.31642,0.57276,1.7145
-0.31741,0.54984,1.7177
-0.31608,0.529,1.7126
-0.31711,0.50568,1.716
-0.31556,0.48777,1.7171
-0.31637,0.46264,1.7087
-0.31591,0.44463,1.7108
-0.3164,0.42105,1.7107
-0.31535,0.40298,1.7078
-0.31514,0.37816,1.7051
-0.31551,0.36009,1.7085
-0.31515,0.33581,1.7066
-0.31329,0.3155,1.6944
-0.31408,0.29205,1.6984
-0.31532,0.27603,1.709
-0.31699,0.25301,1.7139
-0.31725,0.23539,1.7145
-0.31776,0.21127,1.7176
-0.31813,0.1937,1.7205
-0.31865,0.16938,1.7229
-0.31897,0.1516,1.7216
-0.31931,0.12712,1.7215
-0.3181,0.1089,1.7215
-0.31745,0.084136,1.7135
-0.31705,0.06624,1.7099
-0.31583,0.041687,1.7078
-0.31584,0.023992,1.7082
-0.31571,-0.00041243,1.7035
-0.31552,-0.018078,1.7034
-0.31547,-0.042467,1.7041
-0.31542,-0.060097,1.7052
-0.31525,-0.084256,1.7042
-0.31509,-0.10203,1.7047
-0.31546,-0.12639,1.7041
-0.31547,-0.14451,1.7072
-0.31654,-0.16933,1.7099
-0.31714,-0.18724,1.7113
-0.3175,-0.21213,1.7158
-0.31757,-0.22995,1.7166
-0.31778,-0.25514,1.718
-0.31877,-0.2729,1.7205
-0.32002,-0.29886,1.728
-0.32186,-0.31875,1.7359
-0.32254,-0.3439,1.7405
-0.32436,-0.36354,1.7514
-0.32472,-0.38985,1.7503
-0.32581,-0.40999,1.7615
-0.32686,-0.43602,1.7611
-0.32743,-0.45494,1.7681
-0.32829,-0.48191,1.7703
-0.32865,-0.50136,1.7704
-0.32871,-0.52706,1.7755
-0.32868,-0.54746,1.7785
-0.32895,-0.57226,1.7767
-0.32962,-0.59127,1.7816
-0.32882,-0.61582,1.7765
-0.32907,-0.63499,1.7781
-0.32829,-0.65864,1.7804
-0.32786,-0.67652,1.7753
-0.32599,-0.69896,1.7684
-0.33677,0.65727,1.716
-0.33792,0.63404,1.7188
-0.33749,0.61543,1.7148
-0.33812,0.59061,1.7161
-0.33802,0.5734,1.717
-0.33882,0.55009,1.7174
-0.33756,0.53218,1.7192
-0.33768,0.50604,1.7183
-0.33695,0.48848,1.7151
-0.3372,0.46401,1.719
-0.33735,0.44516,1.7132
-0.33707,0.42142,1.7146
-0.33675,0.4034,1.7127
-0.33644,0.37953,1.7152
-0.337,0.36132,1.7088
-0.33657,0.33591,1.7096
-0.33404,0.31658,1.6985
-0.33488,0.29305,1.7026
-0.33697,0.27714,1.7106
-0.33838,0.25354,1.7178
-0.33847,0.23591,1.717
-0.33859,0.21156,1.72
-0.339,0.19395,1.7216
-0.33948,0.16959,1.7241
-0.33957,0.15184,1.7261
-0.33992,0.12718,1.728
-0.33969,0.10914,1.7234
-0.33857,0.084395,1.7208
-0.33795,0.066305,1.7125
-0.33735,0.041791,1.7112
-0.33667,0.024,1.7107
-0.33672,-0.0004315,1.7078
-0.33671,-0.018127,1.7063
-0.33665,-0.04259,1.7059
-0.33656,-0.060202,1.7067
-0.33668,-0.084693,1.707
-0.33675,-0.10241,1.706
-0.33647,-0.12693,1.7054
-0.33693,-0.14477,1.7087
-0.33751,-0.16954,1.7128
-0.33805,-0.18755,1.7154
-0.33826,-0.21249,1.7141
-0.33842,-0.23035,1.7176
-0.33934,-0.25488,1.7194
-0.33997,-0.2739,1.7255
-0.34166,-0.29932,1.7325
-0.34249,-0.31845,1.7394
-0.34377,-0.34457,1.7437
-0.34527,-0.36452,1.7477
-0.34624,-0.38989,1.7518
-0.34657,-0.4099,1.7598
-0.34839,-0.43615,1.7625
-0.34887,-0.4552,1.7661
-0.34901,-0.48093,1.7705
-0.34965,-0.50092,1.7755
-0.34946,-0.52637,1.772
-0.34967,-0.5469,1.7761
-0.35074,-0.57115,1.7731
-0.35071,-0.59007,1.7782
-0.35,-0.61563,1.7768
-0.34995,-0.63441,1.7765
-0.34906,-0.65739,1.7748
-0.34861,-0.67499,1.7718
-0.3474,-0.69801,1.7584
-0.35918,0.65604,1.7144
-0.35914,0.63436,1.7204
-0.35897,0.61692,1.7208
-0.35973,0.59298,1.7245
-0.35892,0.57339,1.7189
-0.35925,0.55098,1.7204
-0.35913,0.53209,1.7183
-0.3602,0.50833,1.723
-0.35851,0.48871,1.7208
-0.35978,0.46547,1.7174
-0.35864,0.44808,1.7187
-0.35886,0.42324,1.7182
-0.3587,0.4037,1.7183
-0.35813,0.37958,1.7147
-0.35847,0.36171,1.7153
-0.35785,0.337,1.7095
-0.35561,0.31742,1.703
-0.35649,0.29382,1.7071
-0.35793,0.27711,1.7103
-0.35933,0.25336,1.7202
-0.35986,0.23578,1.7211
-0.36037,0.21176,1.7241
-0.36069,0.19419,1.7261
-0.36096,0.1698,1.7279
-0.36132,0.15182,1.7278
-0.3616,0.12728,1.7292
-0.36135,0.10941,1.7261
-0.36012,0.084531,1.7224
-0.35973,0.066505,1.7198
-0.35952,0.041866,1.7183
-0.35914,0.024064,1.7146
-0.35847,-0.00045162,1.7119
-0.35804,-0.018163,1.7118
-0.35798,-0.042621,1.7107
-0.35808,-0.060319,1.7111
-0.35823,-0.084915,1.712
-0.35805,-0.1026,1.7113
-0.35774,-0.12718,1.7125
-0.35785,-0.14495,1.713
-0.35834,-0.16976,1.7143
-0.35904,-0.1878,1.7133
-0.35966,-0.2123,1.7179
-0.36016,-0.23044,1.7189
-0.36027,-0.25551,1.722
-0.36195,-0.27411,1.7277
-0.3619,-0.29968,1.7351
-0.36422,-0.31906,1.7385
-0.36561,-0.34529,1.7447
-0.36632,-0.36378,1.7484
-0.36685,-0.39049,1.7537
-0.36852,-0.40901,1.764
-0.36892,-0.43542,1.7603
-0.3697,-0.45456,1.7687
-0.37004,-0.48026,1.7678
-0.37125,-0.50075,1.772
-0.37029,-0.52645,1.7701
-0.37075,-0.54571,1.7739
-0.37203,-0.56986,1.7739
-0.37185,-0.58874,1.7747
-0.37144,-0.61528,1.7742
-0.371,-0.63335,1.7727
-0.36971,-0.65719,1.7698
-0.36968,-0.67358,1.768
-0.36799,-0.69455,1.7634
-0.37855,0.65921,1.7215
-0.37968,0.6341,1.719
-0.38032,0.61692,1.7221
-0.38057,0.5927,1.7252
-0.38073,0.57529,1.72
-0.3804,0.55114,1.725
-0.38101,0.53346,1.7208
-0.38132,0.50831,1.7212
-0.37992,0.49068,1.7245
-0.38073,0.46635,1.7239
-0.38065,0.44814,1.7224
-0.38052,0.42412,1.7219
-0.37958,0.40499,1.7207
-0.37969,0.38073,1.7222
-0.37947,0.36327,1.7141
-0.37953,0.33732,1.7158
-0.37704,0.31867,1.7024
-0.37798,0.29429,1.7064
-0.3797,0.27771,1.7126
-0.38079,0.25392,1.7219
-0.38107,0.23634,1.7243
-0.38159,0.21208,1.7254
-0.3815,0.19427,1.7259
-0.38263,0.1699,1.7284
-0.38192,0.15212,1.7299
-0.38247,0.12755,1.7272
-0.38257,0.10936,1.7266
-0.38178,0.084619,1.7255
-0.38094,0.066608,1.7194
-0.38033,0.041899,1.7196
-0.37999,0.024104,1.7178
-0.37927,-0.00047388,1.7144
-0.37927,-0.01824,1.7133
-0.37888,-0.042735,1.7139
-0.37936,-0.060471,1.713
-0.37967,-0.084882,1.7132
-0.37975,-0.10263,1.7138
-0.37945,-0.12737,1.7122
-0.37922,-0.14524,1.7141
-0.37941,-0.16977,1.7165
-0.38038,-0.18771,1.7173
-0.38049,-0.21263,1.7186
-0.38085,-0.23071,1.7211
-0.38241,-0.25595,1.7225
-0.38271,-0.27443,1.7317
-0.38401,-0.30043,1.7364
-0.38573,-0.31947,1.7436
-0.38669,-0.34521,1.7473
-0.38808,-0.36458,1.7519
-0.38868,-0.39068,1.7535
-0.3892,-0.41037,1.76
-0.38986,-0.43591,1.7577
-0.39092,-0.45473,1.7647
-0.39067,-0.48063,1.7642
-0.39178,-0.49966,1.7703
-0.3919,-0.52587,1.7676
-0.39214,-0.54427,1.7744
-0.39271,-0.57016,1.7699
-0.39285,-0.58753,1.7719
-0.39203,-0.6139,1.7705
-0.39157,-0.63165,1.7703
-0.39092,-0.65573,1.7653
-0.39025,-0.67208,1.7614
-0.38906,-0.69366,1.758
-0.39932,0.65975,1.7133
-0.40004,0.63478,1.7227
-0.40064,0.61729,1.7227
-0.40127,0.59379,1.725
-0.40166,0.57516,1.7264
-0.40225,0.55162,1.7284
-0.40139,0.53233,1.7258
-0.40269,0.50898,1.7236
-0.40239,0.49076,1.723
-0.40292,0.46695,1.7287
-0.40156,0.44851,1.7239
-0.40256,0.42502,1.7254
-0.40148,0.40627,1.7229
-0.40169,0.38117,1.7266
-0.40026,0.36328,1.7214
-0.40028,0.33872,1.7144
-0.39761,0.31865,1.7071
-0.39859,0.29495,1.7111
-0.40039,0.27801,1.7156
-0.40228,0.2541,1.7242
-0.40268,0.23662,1.7218
-0.40311,0.21241,1.7286
-0.40302,0.19476,1.7286
-0.40359,0.16996,1.733
-0.40398,0.1522,1.7326
-0.40408,0.12752,1.7318
-0.40394,0.10965,1.7328
-0.40391,0.08466,1.7302
-0.40247,0.066692,1.7243
-0.40242,0.041962,1.7197
-0.40098,0.024092,1.7201
-0.40045,-0.00049584,1.7182
-0.40062,-0.018273,1.7158
-0.40054,-0.042815,1.7154
-0.4008,-0.060609,1.7151
-0.40067,-0.085026,1.7167
-0.40047,-0.10285,1.7164
-0.40061,-0.12746,1.7152
-0.40042,-0.1452,1.7168
-0.40072,-0.16999,1.7179
-0.40147,-0.18801,1.7177
-0.40171,-0.21271,1.72
-0.40281,-0.23108,1.7214
-0.40319,-0.25607,1.7292
-0.40366,-0.27506,1.7322
-0.40557,-0.30092,1.7412
-0.40693,-0.31991,1.7422
-0.40826,-0.34595,1.7491
-0.41001,-0.36457,1.7536
-0.40999,-0.39047,1.7523
-0.41025,-0.40945,1.7583
-0.41062,-0.43484,1.7603
-0.41178,-0.45462,1.7652
-0.41245,-0.48028,1.7632
-0.41232,-0.49882,1.766
-0.41296,-0.52517,1.7642
-0.41333,-0.54296,1.7719
-0.41317,-0.56911,1.7666
-0.41333,-0.58613,1.7682
-0.41266,-0.61289,1.7693
-0.41315,-0.62968,1.769
-0.41209,-0.65367,1.7645
-0.41081,-0.67053,1.7587
-0.40981,-0.6947,1.7551
-0.42189,0.657,1.717
-0.42094,0.63541,1.7233
-0.42106,0.6167,1.724
-0.42252,0.59379,1.7278
-0.42226,0.57566,1.7257
-0.42303,0.55208,1.7273
-0.42331,0.53341,1.7227
-0.42311,0.51,1.728
-0.42362,0.49118,1.7234
-0.42369,0.46787,1.7253
-0.42385,0.44988,1.7285
-0.42309,0.42417,1.7254
-0.42324,0.40621,1.7248
-0.42352,0.38182,1.7258
-0.42263,0.36313,1.7239
-0.42081,0.33869,1.7209
-0.41826,0.31828,1.7125
-0.41928,0.2946,1.7141
-0.42174,0.2774,1.7192
-0.42265,0.25398,1.7252
-0.42313,0.23647,1.7275
-0.4238,0.21225,1.7289
-0.42386,0.19476,1.728
-0.42431,0.17028,1.7296
-0.42472,0.15241,1.7301
-0.42521,0.12755,1.7327
-0.4251,0.10965,1.7326
-0.42404,0.084766,1.7305
-0.42394,0.066836,1.7272
-0.42314,0.04199,1.7269
-0.42273,0.024125,1.7234
-0.42201,-0.00052036,1.7228
-0.42173,-0.018339,1.7228
-0.42159,-0.042939,1.7191
-0.42148,-0.060742,1.7206
-0.42152,-0.085463,1.7196
-0.42148,-0.10325,1.7189
-0.42195,-0.12774,1.7184
-0.42182,-0.14544,1.7172
-0.42233,-0.16992,1.7164
-0.42266,-0.18814,1.7194
-0.42302,-0.2129,1.7227
-0.42369,-0.23092,1.7267
-0.42402,-0.25647,1.7302
-0.42524,-0.27507,1.7298
-0.42708,-0.30136,1.7387
-0.42922,-0.32057,1.7425
-0.42998,-0.34568,1.7447
-0.43083,-0.36519,1.7524
-0.43117,-0.38956,1.752
-0.43197,-0.40976,1.7544
-0.43075,-0.43398,1.7584
-0.43221,-0.45421,1.7612
-0.433,-0.4798,1.7619
-0.43282,-0.49824,1.7635
-0.43324,-0.52395,1.7621
-0.43363,-0.54329,1.7674
-0.43383,-0.56769,1.7619
-0.43373,-0.58497,1.7673
-0.43305,-0.61139,1.7658
-0.43348,-0.62892,1.7661
-0.43216,-0.65208,1.7602
-0.43102,-0.6689,1.7545
-0.42905,-0.69323,1.7445
-0.44122,0.65806,1.7164
-0.44155,0.63446,1.7204
-0.44203,0.61582,1.7234
-0.44391,0.59321,1.7263
-0.44301,0.57618,1.7239
-0.4439,0.55182,1.7283
-0.44398,0.53269,1.7248
-0.44422,0.50996,1.7266
-0.44396,0.49163,1.7279
-0.44436,0.46709,1.7276
-0.44447,0.44986,1.7245
-0.44498,0.42425,1.7291
-0.44378,0.40597,1.7235
-0.4442,0.38166,1.7231
-0.44409,0.36401,1.7249
-0.44342,0.33847,1.7237
-0.44052,0.31904,1.7123
-0.44052,0.2953,1.7132
-0.44176,0.27814,1.7177
-0.44375,0.25469,1.7256
-0.44424,0.23667,1.7279
-0.44424,0.21239,1.7304
-0.44477,0.19465,1.7318
-0.44549,0.1701,1.7311
-0.44604,0.15233,1.7327
-0.44643,0.12771,1.734
-0.44634,0.10972,1.7351
-0.44527,0.084886,1.7319
-0.4448,0.066854,1.7302
-0.44449,0.042039,1.7271
-0.44459,0.024115,1.7246
-0.44338,-0.00054488,1.7212
-0.44338,-0.018375,1.7186
-0.4433,-0.042995,1.7211
-0.4436,-0.060867,1.7221
-0.44297,-0.085465,1.7211
-0.44344,-0.10337,1.7241
-0.44338,-0.12793,1.7228
-0.44319,-0.14579,1.7229
-0.44279,-0.17023,1.7225
-0.44365,-0.18802,1.7208
-0.44422,-0.21296,1.7251
-0.44445,-0.2315,1.7247
-0.44482,-0.25672,1.7275
-0.44601,-0.27557,1.7323
-0.44983,-0.3012,1.74
-0.44975,-0.3201,1.7437
-0.44988,-0.34597,1.7483
-0.45146,-0.3644,1.7485
-0.4514,-0.38988,1.7526
-0.45203,-0.40865,1.7556
-0.45225,-0.43382,1.7579
-0.45284,-0.45343,1.7565
-0.45338,-0.47901,1.7572
-0.45295,-0.49791,1.7592
-0.45377,-0.52256,1.7587
-0.45378,-0.5419,1.7628
-0.454,-0.56604,1.7625
-0.45389,-0.58488,1.7594
-0.45291,-0.61001,1.7613
-0.45332,-0.62746,1.7616
-0.45238,-0.65042,1.7558
-0.45111,-0.6671,1.7501
-0.44986,-0.69053,1.752
-0.46072,0.65397,1.7204
-0.46106,0.63318,1.7187
-0.46164,0.61696,1.7189
-0.46364,0.59192,1.7217
-0.46353,0.57489,1.7214
-0.46388,0.55064,1.7256
-0.46369,0.53281,1.7257
-0.46532,0.50958,1.7242
-0.46534,0.49081,1.7263
-0.46492,0.46646,1.7291
-0.46489,0.4487,1.7243
-0.46513,0.42438,1.7273
-0.46492,0.40614,1.728
-0.46587,0.38237,1.7247
-0.46431,0.3635,1.7217
-0.46483,0.33928,1.7245
-0.46131,0.31943,1.708
-0.46243,0.29535,1.7119
-0.46357,0.27805,1.7215
-0.4653,0.2541,1.7263
-0.46548,0.23657,1.7283
-0.46631,0.21218,1.7312
-0.46671,0.19465,1.7301
-0.46616,0.17001,1.7313
-0.4665,0.15223,1.7306
-0.46714,0.12757,1.7325
-0.46735,0.10959,1.732
-0.46773,0.084899,1.7331
-0.46698,0.066835,1.7297
-0.46597,0.041995,1.7293
-0.46603,0.024104,1.7264
-0.46458,-0.0005704,1.7231
-0.46457,-0.018384,1.723
-0.46455,-0.042978,1.7234
-0.46443,-0.060928,1.723
-0.46369,-0.08557,1.723
-0.46346,-0.10338,1.7224
-0.46433,-0.12794,1.7223
-0.46492,-0.14578,1.7215
-0.46533,-0.17042,1.7219
-0.46523,-0.18893,1.7238
-0.46524,-0.21363,1.7268
-0.46471,-0.23169,1.7261
-0.46557,-0.25607,1.7253
-0.46799,-0.27506,1.7352
-0.4701,-0.30125,1.7361
-0.47027,-0.32006,1.7427
-0.4707,-0.3452,1.7438
-0.47239,-0.36346,1.7471
-0.47187,-0.38886,1.7483
-0.47188,-0.40769,1.7524
-0.47323,-0.43332,1.7537
-0.47274,-0.45216,1.7516
-0.47302,-0.47836,1.7539
-0.47417,-0.49653,1.759
-0.47374,-0.52113,1.7554
-0.47416,-0.54042,1.7562
-0.47382,-0.5645,1.7585
-0.47464,-0.58393,1.76
-0.4734,-0.60748,1.7615
-0.47296,-0.62579,1.7569
-0.47195,-0.64871,1.7494
-0.47083,-0.66535,1.7462
-0.46943,-0.69231,1.735
-0.479,0.65296,1.7093
-0.47903,0.62991,1.7077
-0.481,0.61564,1.7212
-0.48315,0.58864,1.7109
-0.48597,0.57467,1.7166
-0.4833,0.54854,1.7287
-0.48484,0.53474,1.7209
-0.48493,0.50769,1.7193
-0.48701,0.49283,1.7244
-0.48652,0.46462,1.7277
-0.48554,0.44838,1.7258
-0.48589,0.42354,1.7223
-0.48502,0.40621,1.7347
-0.48556,0.38178,1.7281
-0.4863,0.36504,1.7302
-0.48486,0.33869,1.7294
-0.48196,0.31861,1.7151
-0.48168,0.29441,1.6997
-0.48588,0.27957,1.7288
-0.48623,0.25398,1.7258
-0.48804,0.23627,1.7304
-0.48743,0.21182,1.73
-0.48611,0.19483,1.7348
-0.48727,0.17012,1.7303
-0.48716,0.15232,1.7337
-0.48887,0.12771,1.7256
-0.48811,0.10969,1.7326
-0.48833,0.08479,1.7312
-0.48911,0.06678,1.7361
-0.48662,0.042001,1.7289
-0.48723,0.024021,1.7259
-0.48575,-0.00059723,1.7213
-0.48454,-0.018475,1.7222
-0.48647,-0.042977,1.7195
-0.48465,-0.060962,1.7238
-0.48419,-0.085464,1.718
-0.4856,-0.1031,1.7185
-0.48499,-0.1279,1.721
-0.48524,-0.14637,1.7188
-0.48574,-0.17068,1.7204
-0.48626,-0.18877,1.7259
-0.48461,-0.21339,1.724
-0.48581,-0.23109,1.7233
-0.48524,-0.25577,1.725
-0.4878,-0.27513,1.7299
-0.48974,-0.30075,1.7403
-0.48962,-0.31925,1.739
-0.49078,-0.34462,1.739
-0.49288,-0.36239,1.7414
-0.49251,-0.38772,1.7494
-0.49373,-0.4065,1.7472
-0.49297,-0.43231,1.7493
-0.49236,-0.44971,1.7504
-0.49172,-0.47711,1.7553
-0.49397,-0.49503,1.7553
-0.49362,-0.51964,1.7554
-0.49484,-0.53877,1.7512
-0.49519,-0.56353,1.7555
-0.49221,-0.58303,1.7551
-0.49324,-0.60629,1.7593
-0.49261,-0.62161,1.7522
-0.49088,-0.64526,1.744
-0.49025,-0.66458,1.7459
-0.48967,-0.68488,1.7367
