0.27001,0.32982,0.86805
0.26849,0.31885,0.86556
0.28564,0.32717,0.91066
0.22367,0.24647,0.71741
0.22371,0.24007,0.71457
0.23341,0.23968,0.74994
0.24998,0.25035,0.80008
0.25566,0.24109,0.81243
0.26708,0.2444,0.85759
0.26653,0.2311,0.85035
0.26775,0.2237,0.84989
0.27248,0.2158,0.87318
0.26542,0.2014,0.85827
0.26778,0.18991,0.86316
0.26886,0.18241,0.86494
0.26727,0.17007,0.85272
0.274,0.16374,0.87776
0.27069,0.15016,0.86838
0.27004,0.14013,0.86106
0.27348,0.12971,0.87532
0.27124,0.11996,0.87243
0.26892,0.10689,0.86498
0.2705,0.097397,0.86885
0.27224,0.085304,0.86985
0.26384,0.074917,0.84434
0.26163,0.062479,0.84636
0.2622,0.053376,0.83791
0.25865,0.040822,0.83046
0.26001,0.032308,0.83697
0.26063,0.020049,0.82348
0.25346,0.011377,0.8123
0.2269,-0.00028314,0.73021
0.21261,-0.0073369,0.68005
0.21039,-0.0169,0.67432
0.20792,-0.023521,0.66476
0.20468,-0.032538,0.65129
0.20304,-0.039534,0.65301
0.20354,-0.048794,0.65228
0.20278,-0.055561,0.656
0.20322,-0.065101,0.65344
0.20364,-0.071369,0.64833
0.20314,-0.081119,0.65055
0.2039,-0.087884,0.64704
0.20232,-0.097742,0.65487
0.20543,-0.10398,0.65812
0.20629,-0.11451,0.65877
0.20911,-0.12389,0.66592
0.21407,-0.13614,0.68302
0.22051,-0.14786,0.7044
0.22051,-0.15708,0.7055
0.21953,-0.16499,0.70229
0.22122,-0.17547,0.70501
0.22602,-0.18619,0.72104
0.23383,-0.20254,0.74409
0.26162,-0.23548,0.83624
0.27301,-0.25984,0.86716
0.26543,-0.26257,0.85524
0.26836,-0.27698,0.86054
0.27381,-0.2916,0.87438
0.27133,-0.30388,0.86821
0.26827,-0.30495,0.8535
0.27144,-0.32135,0.86854
0.27154,-0.33183,0.86671
0.26961,-0.34428,0.859
0.26441,0.33633,0.88606
0.26346,0.32519,0.88124
0.26086,0.3123,0.87085
0.26154,0.2994,0.86574
0.25461,0.2843,0.85234
0.25752,0.27324,0.85663
0.25823,0.26886,0.86158
0.25922,0.25764,0.86528
0.26359,0.24982,0.87892
0.26488,0.2419,0.88511
0.27043,0.23371,0.9035
0.27129,0.22159,0.90634
0.27061,0.2124,0.90159
0.26985,0.19986,0.89457
0.26932,0.18888,0.89257
0.2699,0.17656,0.89487
0.27038,0.16915,0.90313
0.27175,0.15685,0.90758
0.27218,0.14738,0.91084
0.27256,0.134,0.91079
0.27293,0.12477,0.91386
0.27235,0.1121,0.90894
0.27279,0.10278,0.90995
0.27304,0.089369,0.91077
0.27284,0.080025,0.90918
0.27078,0.066768,0.90496
0.2665,0.056659,0.89455
0.26375,0.043281,0.87959
0.25072,0.032319,0.83362
0.24322,0.01972,0.80573
0.2063,0.0095949,0.68987
0.20263,-0.00025124,0.67704
0.19864,-0.0072027,0.66653
0.19789,-0.01662,0.6627
0.19537,-0.023121,0.65304
0.19453,-0.032406,0.65178
0.19416,-0.039084,0.64989
0.19365,-0.048237,0.64882
0.19387,-0.054839,0.64829
0.1934,-0.064028,0.64519
0.19351,-0.070661,0.64214
0.19323,-0.079799,0.64116
0.19302,-0.086648,0.64313
0.1931,-0.096162,0.64447
0.19481,-0.10274,0.64658
0.19656,-0.113,0.65139
0.19671,-0.12081,0.65597
0.19812,-0.13104,0.66117
0.20342,-0.14099,0.67834
0.21209,-0.15811,0.70605
0.21642,-0.16902,0.72117
0.22215,-0.18292,0.73937
0.22538,-0.19309,0.74895
0.24209,-0.21994,0.80549
0.25405,-0.23996,0.84617
0.2632,-0.26063,0.86991
0.27014,-0.2766,0.90092
0.27032,-0.28953,0.89748
0.2684,-0.2969,0.89337
0.26538,-0.30638,0.88366
0.2646,-0.31463,0.88098
0.26726,-0.33197,0.8872
0.26717,-0.3403,0.88812
0.26642,-0.35174,0.88683
0.25632,0.34473,0.90293
0.25554,0.33007,0.88923
0.25414,0.31424,0.87825
0.2552,0.30302,0.88192
0.25545,0.2948,0.88425
0.25708,0.2864,0.88978
0.25863,0.27792,0.89945
0.26122,0.26671,0.90763
0.2623,0.2594,0.90997
0.26445,0.25,0.92193
0.26618,0.24048,0.92387
0.26781,0.22855,0.92706
0.26761,0.21892,0.92883
0.26803,0.20648,0.92889
0.26804,0.19606,0.93056
0.2669,0.18327,0.93315
0.26737,0.17396,0.93245
0.27062,0.16153,0.93523
0.27105,0.15215,0.93669
0.27062,0.13928,0.94072
0.27025,0.12969,0.94198
0.27018,0.11564,0.93919
0.27049,0.10602,0.94024
0.27064,0.092689,0.94154
0.26984,0.082989,0.94425
0.27014,0.069571,0.94525
0.26886,0.059827,0.94587
0.25673,0.04404,0.89814
0.22023,0.029644,0.76714
0.19826,0.016781,0.6875
0.19337,0.0093821,0.67561
0.19075,-0.00023681,0.66423
0.18856,-0.0070886,0.65599
0.18739,-0.016314,0.6516
0.18701,-0.022956,0.64895
0.18653,-0.03215,0.64637
0.18535,-0.038696,0.64374
0.18456,-0.04786,0.64245
0.18428,-0.054378,0.64116
0.18407,-0.063472,0.64012
0.18369,-0.070047,0.63948
0.18343,-0.079096,0.6385
0.18309,-0.085487,0.63932
0.18277,-0.095044,0.63814
0.18414,-0.10174,0.64053
0.18547,-0.11206,0.64033
0.18521,-0.11859,0.64705
0.18653,-0.12846,0.64891
0.18876,-0.13756,0.65385
0.19107,-0.14959,0.66795
0.2083,-0.16953,0.72344
0.21739,-0.1876,0.75304
0.23374,-0.20965,0.81067
0.24458,-0.23137,0.85091
0.25509,-0.25086,0.88614
0.2641,-0.2727,0.91391
0.26693,-0.28318,0.92146
0.26514,-0.29524,0.91792
0.2652,-0.30396,0.91663
0.2654,-0.31917,0.91948
0.26546,-0.32797,0.91834
0.2659,-0.34186,0.91788
0.2658,-0.35132,0.91579
0.26585,-0.36684,0.92131
0.24962,0.34837,0.90061
0.24485,0.333,0.89173
0.24499,0.3202,0.89262
0.24625,0.30877,0.89473
0.24698,0.3004,0.89902
0.25465,0.29549,0.91756
0.25606,0.28718,0.92893
0.25766,0.27714,0.93485
0.26013,0.27245,0.94809
0.26245,0.25994,0.95185
0.26321,0.25062,0.95414
0.26405,0.2357,0.95718
0.26488,0.2263,0.95955
0.26521,0.21395,0.96242
0.26632,0.20447,0.96426
0.26644,0.19115,0.9618
0.26681,0.18017,0.96185
0.26664,0.16676,0.96575
0.26559,0.15699,0.96533
0.26747,0.14296,0.96624
0.2659,0.13312,0.95948
0.26636,0.11912,0.96394
0.2662,0.10829,0.9622
0.26647,0.094674,0.96235
0.26672,0.084916,0.96321
0.26702,0.071189,0.96424
0.26383,0.060792,0.95773
0.20665,0.036863,0.74774
0.19039,0.026736,0.68939
0.18447,0.0164,0.67518
0.18296,0.0093419,0.66588
0.18042,-0.00022137,0.65609
0.17958,-0.0069736,0.6485
0.17834,-0.016203,0.64825
0.17747,-0.022876,0.64572
0.17732,-0.031891,0.64299
0.17554,-0.038525,0.64142
0.17534,-0.047668,0.63817
0.17499,-0.053973,0.63637
0.17423,-0.063003,0.6345
0.17406,-0.069487,0.63341
0.17417,-0.078463,0.63243
0.1744,-0.085141,0.63289
0.17463,-0.094267,0.6328
0.17469,-0.10115,0.63429
0.17525,-0.11006,0.63393
0.176,-0.11778,0.64033
0.17658,-0.1278,0.6438
0.17832,-0.13497,0.64778
0.1808,-0.14581,0.65404
0.18318,-0.15607,0.66857
0.20058,-0.18041,0.7286
0.23028,-0.21658,0.83383
0.23639,-0.23392,0.85924
0.25224,-0.25985,0.91742
0.26652,-0.28752,0.96153
0.26688,-0.29918,0.97036
0.26589,-0.31196,0.96661
0.26357,-0.31908,0.95771
0.26252,-0.32939,0.95377
0.26197,-0.34043,0.95229
0.26215,-0.35482,0.94863
0.26434,-0.36532,0.95851
0.26485,-0.37989,0.95666
0.2331,0.34524,0.88755
0.23687,0.33387,0.89414
0.23482,0.32107,0.89342
0.23604,0.31063,0.89883
0.24313,0.30828,0.91646
0.2492,0.30312,0.9443
0.25339,0.29977,0.96193
0.25572,0.28762,0.96629
0.25839,0.27842,0.97563
0.25938,0.2671,0.97902
0.25991,0.25647,0.98139
0.26109,0.24342,0.98586
0.25971,0.23349,0.98804
0.25956,0.2178,0.98837
0.25793,0.20721,0.99027
0.25876,0.19365,0.98088
0.25923,0.18381,0.98247
0.25984,0.17013,0.98476
0.25974,0.15973,0.98184
0.26009,0.14593,0.98383
0.25886,0.13592,0.98245
0.25896,0.12198,0.98537
0.25877,0.11105,0.98448
0.25963,0.097096,0.98786
0.25964,0.087247,0.98198
0.25993,0.073146,0.97991
0.20261,0.048832,0.77101
0.1828,0.034236,0.69489
0.17799,0.026118,0.67695
0.17507,0.016305,0.66697
0.17295,0.0091813,0.65664
0.1714,-0.00021037,0.65052
0.17023,-0.006944,0.64778
0.16919,-0.016183,0.64504
0.1685,-0.022737,0.64064
0.1681,-0.031683,0.63943
0.16727,-0.038276,0.63864
0.16707,-0.04738,0.63689
0.16695,-0.053947,0.63467
0.16641,-0.062856,0.63224
0.16605,-0.069369,0.63156
0.16581,-0.078345,0.62939
0.16562,-0.08494,0.6286
0.16634,-0.094106,0.63189
0.16664,-0.10078,0.63242
0.16685,-0.10986,0.6338
0.16713,-0.11665,0.63475
0.16805,-0.12663,0.63717
0.16814,-0.13409,0.63937
0.16982,-0.14425,0.64822
0.17298,-0.15289,0.65488
0.17632,-0.1663,0.66855
0.20031,-0.19696,0.76196
0.23546,-0.2436,0.89358
0.25638,-0.27536,0.96777
0.26059,-0.2936,0.98973
0.26128,-0.30401,0.99291
0.2603,-0.31698,0.98905
0.25976,-0.32639,0.97892
0.25956,-0.33911,0.97487
0.25879,-0.34901,0.97394
0.25778,-0.36253,0.97911
0.25852,-0.37362,0.97671
0.25899,-0.39064,0.98469
0.22553,0.34699,0.91268
0.22391,0.33473,0.89381
0.2243,0.32004,0.895
0.22552,0.31043,0.89955
0.23739,0.31621,0.94305
0.24443,0.31361,0.97334
0.24757,0.30514,0.97969
0.25018,0.2956,0.99765
0.25261,0.28601,1.0068
0.25349,0.27265,1.0103
0.25281,0.26172,1.0062
0.25301,0.24584,1.0038
0.25302,0.23604,1.006
0.25267,0.22241,1.009
0.25313,0.2113,0.99987
0.25178,0.1975,1.0025
0.25223,0.1875,1.0003
0.25359,0.17441,1.0101
0.254,0.1642,1.003
0.25307,0.14951,1.005
0.25144,0.13868,1.0053
0.25188,0.12397,1.007
0.25434,0.11367,1.0102
0.258,0.10071,1.0259
0.25824,0.090193,1.0268
0.22213,0.065085,0.88191
0.17544,0.044491,0.69932
0.17086,0.033374,0.68127
0.1674,0.025889,0.66947
0.16513,0.016048,0.65843
0.16282,0.009145,0.65099
0.16226,-0.00020092,0.64953
0.16152,-0.0068738,0.64289
0.16037,-0.016052,0.64164
0.15996,-0.022553,0.63959
0.15932,-0.031648,0.63819
0.15925,-0.038199,0.63443
0.15851,-0.047004,0.63204
0.1584,-0.053773,0.63068
0.15773,-0.062522,0.6299
0.15758,-0.069294,0.62969
0.15769,-0.078109,0.62967
0.15795,-0.08476,0.62935
0.15771,-0.093757,0.62833
0.15795,-0.10049,0.63012
0.15839,-0.10936,0.63238
0.1587,-0.11644,0.63171
0.15949,-0.12554,0.63496
0.16046,-0.1332,0.63775
0.16041,-0.14298,0.63939
0.16276,-0.15107,0.64865
0.16536,-0.16224,0.6573
0.17061,-0.17542,0.68155
0.19685,-0.21314,0.77911
0.2483,-0.27827,0.98351
0.25099,-0.29746,0.99834
0.25368,-0.31095,1.0057
0.25353,-0.32475,1.0046
0.25512,-0.33744,1.0134
0.25423,-0.35061,1.0091
0.25347,-0.36033,1.0055
0.25252,-0.37339,1.0011
0.25264,-0.38337,1.0006
0.25151,-0.39723,0.99597
0.24008,0.38298,0.99556
0.21433,0.33382,0.89441
0.20626,0.30491,0.86011
0.20713,0.29405,0.86377
0.23228,0.3271,0.97192
0.24317,0.32468,1.0136
0.2463,0.31867,1.0369
0.24722,0.30618,1.0408
0.24972,0.29657,1.0269
0.24873,0.28272,1.0305
0.24879,0.26949,1.0365
0.24716,0.25414,1.0399
0.24485,0.24218,1.0215
0.24466,0.2269,1.0205
0.24507,0.21667,1.0226
0.24581,0.20256,1.0254
0.24721,0.19341,1.0372
0.24851,0.17969,1.0427
0.24819,0.16855,1.0413
0.2465,0.15377,1.0374
0.24597,0.14187,1.0348
0.24641,0.12733,1.0366
0.2557,0.12118,1.0785
0.25607,0.10596,1.08
0.23755,0.086623,0.99132
0.17267,0.0533,0.72203
0.16379,0.043584,0.68583
0.16126,0.032908,0.67365
0.15868,0.025549,0.66001
0.15574,0.01595,0.65273
0.15482,0.0091265,0.65003
0.15413,-0.00019016,0.64398
0.15307,-0.0068351,0.6436
0.15234,-0.015978,0.6394
0.15205,-0.022581,0.63724
0.15138,-0.031438,0.63575
0.15118,-0.037982,0.63355
0.15057,-0.046889,0.6299
0.15043,-0.053389,0.62921
0.15026,-0.06244,0.62843
0.15019,-0.068923,0.62833
0.14997,-0.077829,0.62735
0.14979,-0.084659,0.62656
0.14977,-0.093539,0.62784
0.15024,-0.10009,0.62813
0.15041,-0.10922,0.63036
0.15089,-0.11596,0.63104
0.15107,-0.12537,0.6313
0.15181,-0.13221,0.63398
0.1527,-0.14234,0.63783
0.15396,-0.14972,0.64297
0.1556,-0.1607,0.65103
0.15833,-0.17051,0.66867
0.16404,-0.18751,0.68779
0.23335,-0.27499,0.97586
0.24345,-0.3025,1.0111
0.24565,-0.31631,1.0288
0.24663,-0.33034,1.0262
0.24621,-0.34176,1.025
0.24554,-0.35568,1.0267
0.24565,-0.36637,1.0241
0.24557,-0.38111,1.0239
0.24565,-0.39171,1.0236
0.24577,-0.40649,1.0222
0.20302,0.34596,0.8931
0.1944,0.31464,0.85943
0.19251,0.30505,0.85076
0.19338,0.29419,0.86378
0.23045,0.3386,1.012
0.2393,0.33758,1.0495
0.24472,0.329,1.063
0.24564,0.3167,1.08
0.24483,0.30483,1.0698
0.24112,0.28776,1.0617
0.24157,0.27621,1.0581
0.23862,0.26073,1.0557
0.23898,0.24962,1.0544
0.23969,0.23417,1.0563
0.23991,0.2237,1.0535
0.2402,0.20865,1.0552
0.24016,0.19806,1.0582
0.24073,0.18384,1.0687
0.24232,0.17308,1.0704
0.24418,0.15917,1.0729
0.24488,0.14822,1.0744
0.24585,0.13425,1.0866
0.25636,0.12868,1.1233
0.24719,0.10757,1.0829
0.1727,0.066567,0.75402
0.15848,0.051478,0.69532
0.15373,0.042782,0.67738
0.15095,0.032941,0.67118
0.14814,0.025374,0.6542
0.1477,0.015898,0.65222
0.14676,0.0090803,0.64641
0.14585,-0.00018104,0.64325
0.145,-0.006831,0.63946
0.14432,-0.015975,0.63668
0.14413,-0.022406,0.63506
0.14348,-0.031402,0.63118
0.14306,-0.037885,0.62986
0.14307,-0.046841,0.62928
0.14245,-0.053305,0.62778
0.14221,-0.062095,0.62711
0.14208,-0.068678,0.62647
0.14231,-0.077583,0.62548
0.14222,-0.084108,0.6256
0.14214,-0.093295,0.62622
0.14207,-0.099713,0.62716
0.14261,-0.10898,0.62716
0.14279,-0.11558,0.62828
0.14325,-0.12499,0.63109
0.14407,-0.13202,0.63148
0.14416,-0.14156,0.63383
0.14471,-0.14943,0.63963
0.14612,-0.15934,0.64422
0.1493,-0.16972,0.65724
0.15105,-0.18209,0.66856
0.17258,-0.21508,0.75769
0.23321,-0.30693,1.0327
0.23712,-0.32095,1.0393
0.24146,-0.34056,1.0557
0.24091,-0.3528,1.0577
0.24078,-0.36653,1.0533
0.24061,-0.37698,1.05
0.23963,-0.39286,1.0597
0.24071,-0.40318,1.0579
0.24068,-0.41835,1.0546
0.18189,0.32474,0.85682
0.18323,0.31629,0.8607
0.18375,0.30751,0.8527
0.18578,0.29745,0.85656
0.22611,0.352,1.0477
0.24064,0.35812,1.1207
0.24377,0.35107,1.1382
0.24469,0.33617,1.1425
0.24472,0.32239,1.1392
0.24084,0.30517,1.1159
0.2397,0.29055,1.115
0.23889,0.27346,1.1124
0.23821,0.26257,1.1029
0.23673,0.24514,1.1016
0.2369,0.2319,1.1008
0.23532,0.21765,1.0955
0.23511,0.20579,1.0914
0.23631,0.19125,1.094
0.23923,0.18032,1.1132
0.24123,0.1655,1.1194
0.24762,0.16002,1.1475
0.25233,0.14543,1.1863
0.25262,0.13335,1.1786
0.23454,0.10785,1.0852
0.15359,0.063036,0.71834
0.14729,0.050799,0.68913
0.14436,0.042773,0.67551
0.14223,0.032663,0.66279
0.14015,0.025367,0.6536
0.13949,0.015861,0.65156
0.13868,0.009103,0.64495
0.13726,-0.00017278,0.64112
0.1369,-0.0068103,0.63831
0.13627,-0.015867,0.63657
0.13569,-0.022392,0.63281
0.13559,-0.031373,0.63114
0.13531,-0.037907,0.62971
0.13478,-0.04681,0.62907
0.13461,-0.053255,0.62755
0.13446,-0.062074,0.62579
0.13451,-0.068509,0.62515
0.13451,-0.077589,0.62416
0.13448,-0.08415,0.62435
0.13433,-0.093136,0.62451
0.13438,-0.099557,0.625
0.13468,-0.10872,0.62733
0.13497,-0.11562,0.62704
0.13529,-0.12459,0.62865
0.13566,-0.13197,0.63145
0.13657,-0.14143,0.63124
0.13695,-0.1484,0.63868
0.13724,-0.1586,0.64136
0.13888,-0.16755,0.65341
0.14119,-0.18064,0.65947
0.14969,-0.19652,0.69522
0.19463,-0.26788,0.9024
0.22994,-0.32737,1.0624
0.23412,-0.34996,1.0917
0.23412,-0.36306,1.0946
0.23425,-0.37879,1.0903
0.23354,-0.38902,1.0868
0.23255,-0.40289,1.0822
0.23192,-0.41181,1.0787
0.23089,-0.42533,1.0732
0.17607,0.33538,0.86472
0.17324,0.32282,0.86255
0.17379,0.30977,0.85473
0.17735,0.30414,0.89821
0.22663,0.37337,1.1186
0.24535,0.3883,1.2028
0.24728,0.3811,1.2247
0.24821,0.36494,1.2294
0.24719,0.34507,1.2104
0.24317,0.32635,1.1975
0.23997,0.3104,1.1876
0.24048,0.29157,1.1822
0.23758,0.27819,1.1811
0.23688,0.25956,1.1775
0.23704,0.24634,1.1604
0.23422,0.22814,1.1498
0.23425,0.21539,1.1493
0.23481,0.19938,1.152
0.23937,0.19163,1.1804
0.24612,0.17842,1.2177
0.25028,0.17084,1.2431
0.254,0.15334,1.2453
0.25028,0.13995,1.2314
0.17635,0.085522,0.86439
0.1419,0.0619,0.70223
0.13797,0.050281,0.68226
0.13511,0.042756,0.66508
0.1326,0.032224,0.65781
0.13221,0.02526,0.65386
0.13115,0.015867,0.64925
0.13047,0.0090581,0.64263
0.12977,-0.00016487,0.64025
0.1289,-0.0067885,0.63777
0.12832,-0.015853,0.63462
0.1281,-0.022345,0.63197
0.12771,-0.031323,0.63158
0.12757,-0.037848,0.62951
0.1273,-0.046804,0.6282
0.12713,-0.053241,0.62744
0.12698,-0.062099,0.62624
0.12678,-0.068574,0.62642
0.12678,-0.077436,0.62566
0.1268,-0.08393,0.62547
0.12663,-0.092753,0.62518
0.12665,-0.09972,0.62431
0.12681,-0.10855,0.62483
0.12728,-0.1153,0.62804
0.12732,-0.12477,0.62959
0.12778,-0.13164,0.63093
0.12843,-0.14135,0.63149
0.12926,-0.14805,0.63496
0.12944,-0.15853,0.63946
0.13118,-0.16643,0.6489
0.13267,-0.17874,0.65269
0.13719,-0.19203,0.67462
0.14947,-0.22013,0.73586
0.22222,-0.33638,1.0985
0.22656,-0.35905,1.1161
0.22688,-0.37244,1.1172
0.22596,-0.38692,1.1111
0.22446,-0.39415,1.1063
0.2235,-0.4082,1.1013
0.22445,-0.42204,1.0995
0.22425,-0.44107,1.1072
0.16755,0.33667,0.89369
0.16831,0.32565,0.8955
0.1705,0.32067,0.89839
0.17917,0.3203,0.9283
0.2302,0.40478,1.2004
0.24715,0.41726,1.2852
0.25134,0.40663,1.314
0.25229,0.38939,1.319
0.24873,0.37242,1.3039
0.24939,0.35485,1.2879
0.24528,0.33599,1.2895
0.24455,0.3164,1.2838
0.24154,0.30037,1.27
0.24112,0.28152,1.2589
0.23908,0.26683,1.2572
0.23272,0.24218,1.2232
0.23315,0.22805,1.216
0.23384,0.2111,1.219
0.24117,0.20459,1.2483
0.24552,0.19014,1.2902
0.24957,0.18251,1.3248
0.24368,0.15846,1.2771
0.23959,0.14027,1.2439
0.14751,0.076194,0.77144
0.13206,0.061439,0.69419
0.12933,0.050295,0.67928
0.12618,0.042222,0.6636
0.12487,0.032303,0.65675
0.12374,0.025246,0.65079
0.12293,0.015776,0.6468
0.12228,0.0090323,0.64388
0.12198,-0.0001578,0.63927
0.12129,-0.0067642,0.63687
0.12084,-0.015816,0.63398
0.12027,-0.022354,0.63211
0.12005,-0.031338,0.63036
0.11972,-0.03778,0.6298
0.11953,-0.046727,0.62921
0.11963,-0.053209,0.62834
0.11931,-0.062134,0.62669
0.11914,-0.068621,0.62551
0.11897,-0.077489,0.62585
0.11914,-0.083919,0.62587
0.11919,-0.092713,0.62492
0.11912,-0.099184,0.62479
0.11907,-0.10871,0.62505
0.11932,-0.1151,0.62637
0.11975,-0.12451,0.62838
0.12014,-0.13138,0.63028
0.12039,-0.14088,0.63098
0.12085,-0.14805,0.63282
0.12161,-0.15768,0.63797
0.12204,-0.16572,0.64031
0.12408,-0.17754,0.65037
0.12794,-0.1898,0.66833
0.13339,-0.20852,0.70027
0.21417,-0.34478,1.1195
0.21435,-0.36257,1.124
0.21594,-0.37683,1.1344
0.21597,-0.392,1.1319
0.2165,-0.40489,1.1358
0.21587,-0.42097,1.1311
0.21544,-0.43199,1.1269
0.21526,-0.44763,1.1204
0.15869,0.34523,0.89774
0.15944,0.33221,0.90186
0.16416,0.33113,0.92055
0.22523,0.43711,1.2664
0.23861,0.44804,1.3389
0.24258,0.43664,1.3601
0.24627,0.43036,1.3874
0.24822,0.41335,1.3963
0.24888,0.39879,1.4001
0.24975,0.37853,1.4003
0.24663,0.36125,1.3768
0.2473,0.34182,1.3814
0.24521,0.32491,1.3775
0.24387,0.30251,1.3698
0.23007,0.27193,1.2947
0.22658,0.2524,1.2685
0.22552,0.23594,1.2649
0.22606,0.21841,1.2697
0.22987,0.20853,1.2902
0.23443,0.1964,1.3257
0.24256,0.18731,1.3627
0.24177,0.1669,1.3631
0.19867,0.12492,1.1027
0.13273,0.072986,0.74232
0.12335,0.06098,0.69122
0.12087,0.049963,0.6767
0.11826,0.042231,0.66429
0.11703,0.032409,0.65807
0.1161,0.025233,0.64889
0.11513,0.015815,0.64813
0.1147,0.0090569,0.64395
0.11392,-0.00015106,0.63879
0.11371,-0.0067513,0.63645
0.11287,-0.015816,0.63519
0.1127,-0.022338,0.63175
0.11208,-0.031324,0.63063
0.11209,-0.037795,0.63004
0.112,-0.046778,0.62934
0.11196,-0.053268,0.62812
0,0,0.62642
0,0,-1
0,0,-1
0.11137,-0.083846,0.62476
0.11157,-0.092709,0.62562
0.11172,-0.099231,0.6253
0.11171,-0.10865,0.62623
0.11168,-0.11509,0.62641
0.11182,-0.12403,0.6261
0.11218,-0.13121,0.62882
0.11242,-0.1406,0.6313
0.11286,-0.14794,0.63402
0.11364,-0.1576,0.63415
0.11449,-0.16588,0.64133
0.1158,-0.177,0.64744
0.11818,-0.18776,0.66732
0.1228,-0.2038,0.68458
0.17998,-0.31011,1.0031
0.20401,-0.3668,1.1401
0.20541,-0.38315,1.1505
0.205,-0.39804,1.1465
0.20484,-0.40927,1.1428
0.20375,-0.42385,1.1373
0.20331,-0.43444,1.1335
0.20254,-0.44868,1.1336
0.1435,0.33028,0.86156
0.15278,0.34015,0.91922
0.18524,0.39855,1.1056
0.22211,0.46128,1.3372
0.2305,0.46561,1.3857
0.23756,0.45898,1.4277
0.2388,0.44546,1.4368
0.24001,0.42659,1.4429
0.24065,0.41139,1.4463
0.24022,0.39154,1.4498
0.23991,0.37646,1.4475
0.23992,0.3551,1.4431
0.23862,0.33888,1.432
0.23596,0.31742,1.4329
0.22818,0.28956,1.3753
0.2154,0.25474,1.3007
0.21195,0.2387,1.2733
0.21586,0.22264,1.2965
0.21843,0.2123,1.3185
0.22778,0.20159,1.377
0.22951,0.19034,1.3885
0.22912,0.1704,1.3691
0.15791,0.10737,0.95543
0.12041,0.072125,0.73017
0.11418,0.060753,0.688
0.11221,0.050067,0.67595
0.11011,0.042201,0.66256
0.10928,0.032479,0.6595
0.10836,0.025289,0.6502
0.10751,0.015864,0.64928
0.1065,0.0090526,0.64237
0.10632,-0.00014493,0.63958
0.10589,-0.0067502,0.6377
0.10537,-0.015841,0.63474
0.10499,-0.022365,0.63239
0.10463,-0.03133,0.63166
0.1045,-0.037836,0.63045
0.10432,-0.046827,0.62824
0,0,-1
0,0,-1
0,0,-1
0,0,-1
0,0,-1
0,0,-1
0.10403,-0.09923,0.62629
0.10413,-0.10832,0.62747
0.10424,-0.1153,0.62807
0.10435,-0.12426,0.62732
0.10424,-0.13118,0.62703
0.10483,-0.14058,0.63152
0.10523,-0.1481,0.63437
0.10535,-0.15768,0.63537
0.10652,-0.16587,0.64145
0.10778,-0.17621,0.64596
0.10995,-0.18805,0.66337
0.11364,-0.2031,0.68354
0.15835,-0.29222,0.95002
0.19234,-0.37291,1.1561
0.19571,-0.39052,1.1745
0.19445,-0.40536,1.1668
0.1931,-0.41483,1.1595
0.19197,-0.42793,1.1526
0.19135,-0.43846,1.1479
0.19085,-0.45308,1.1445
0.13169,0.32762,0.8539
0.14187,0.34331,0.92737
0.17179,0.39921,1.1074
0.21073,0.47195,1.3781
0.2197,0.47915,1.4242
0.22733,0.47293,1.4722
0.22817,0.4601,1.4821
0.22958,0.44166,1.4989
0.2304,0.42738,1.4999
0.23122,0.40616,1.4972
0.23007,0.39029,1.4948
0.22939,0.3676,1.4991
0.22924,0.35242,1.498
0.22225,0.31991,1.4389
0.21896,0.30013,1.3969
0.20003,0.2552,1.3031
0.19732,0.23913,1.2765
0.19857,0.22253,1.2822
0.20185,0.21269,1.321
0.21543,0.20592,1.4056
0.21863,0.19275,1.4167
0.21613,0.17213,1.4101
0.12799,0.094204,0.83498
0.11049,0.070921,0.72238
0.10583,0.06066,0.68578
0.10369,0.050108,0.67598
0.10209,0.042248,0.66126
0.10126,0.032466,0.65724
0.10058,0.025271,0.65179
0.099837,0.01587,0.64664
0.098771,0.009075,0.64353
0.098595,-0.00013936,0.642
0.097949,-0.0067568,0.63703
0.097691,-0.015857,0.63593
0.097553,-0.0224,0.63348
0.097088,-0.031376,0.63201
0.096891,-0.037835,0.63002
0,0,-1
0,0,-1
0,0,-1
0,0,-1
0,0,-1
0,0,-1
0,0,-1
0,0,-1
0.096496,-0.10875,0.62863
0.096773,-0.1155,0.6288
0.096655,-0.12433,0.62773
0.096775,-0.13132,0.62763
0.097318,-0.14082,0.63251
0.097584,-0.14757,0.63227
0.09783,-0.15795,0.63651
0.098817,-0.16584,0.64048
0.099578,-0.17644,0.64706
0.10128,-0.18695,0.66333
0.10465,-0.20284,0.67781
0.13392,-0.26666,0.86528
0.18205,-0.38004,1.1796
0.18188,-0.39165,1.1767
0.18103,-0.40635,1.1715
0.1802,-0.41609,1.1651
0.17854,-0.43034,1.1563
0.17788,-0.44027,1.1509
0.17714,-0.45549,1.1443
0.12229,0.33078,0.86952
0.13251,0.34803,0.93492
0.14739,0.3703,1.0471
0.1592,0.38563,1.114
0.19504,0.45994,1.3845
0.20977,0.47367,1.4746
0.21054,0.46083,1.4845
0.21184,0.44236,1.5014
0.2126,0.42806,1.5024
0.21336,0.40681,1.4996
0.21229,0.39093,1.4973
0.21167,0.3682,1.5016
0.21153,0.353,1.5005
0.20219,0.31852,1.4379
0.18193,0.27352,1.2884
0.1806,0.2523,1.2762
0.17914,0.23621,1.2633
0.18252,0.22172,1.2694
0.18315,0.20876,1.2715
0.19291,0.19997,1.3387
0.20174,0.19309,1.4191
0.15863,0.1364,1.1375
0.10965,0.087553,0.77845
0.10108,0.07081,0.71665
0.097338,0.060503,0.68588
0.095537,0.049978,0.67334
0.094208,0.042194,0.66484
0.093437,0.032471,0.6582
0.092319,0.025288,0.65294
0.091876,0.015902,0.64777
0.091134,0.0090957,0.64466
0.090932,-0.00013404,0.64388
0.090407,-0.0067675,0.63809
0.090146,-0.015898,0.63616
0.090019,-0.02237,0.63402
0.089383,-0.031355,0.63311
0,0,-1
0,0,-1
0,0,-1
0,0,-1
0,0,-1
0,0,-1
0,0,-1
0,0,-1
0,0,-1
0.088872,-0.10861,0.6282
0.089192,-0.11534,0.63044
0.089048,-0.12453,0.62919
0.089286,-0.13127,0.62874
0.089801,-0.14105,0.63082
0.089991,-0.14781,0.63333
0.090425,-0.15784,0.63694
0.090947,-0.1656,0.63843
0.091886,-0.17564,0.6471
0.093164,-0.18602,0.65774
0.0965,-0.20202,0.67892
0.11622,-0.25227,0.82077
0.1673,-0.37896,1.1763
0.16782,-0.39224,1.1795
0.16713,-0.40731,1.1744
0.1663,-0.41754,1.1674
0.1654,-0.43136,1.1597
0.1642,-0.44158,1.1526
0.1629,-0.45536,1.148
0.11248,0.33249,0.86289
0.12507,0.35121,0.95347
0.13365,0.36819,1.0235
0.13558,0.36414,1.0532
0.14345,0.36969,1.1102
0.14816,0.36684,1.1442
0.17591,0.42025,1.3527
0.17847,0.40765,1.3696
0.18056,0.3945,1.3851
0.1812,0.37612,1.3901
0.17776,0.35992,1.3692
0.17636,0.33442,1.3633
0.17304,0.31371,1.3392
0.16628,0.28673,1.2876
0.15411,0.2527,1.1695
0.14701,0.22707,1.1424
0.14144,0.2041,1.1024
0.14149,0.18697,1.0863
0.14173,0.17604,1.0881
0.14244,0.16343,1.1205
0.14264,0.1522,1.1221
0.12516,0.1222,0.98618
0.10042,0.087693,0.77936
0.091889,0.069727,0.70656
0.089151,0.060602,0.68698
0.087533,0.049761,0.67442
0.086223,0.042265,0.66348
0.085544,0.032371,0.6574
0.084472,0.025333,0.65357
0.083982,0.015907,0.64882
0.083548,0.0091381,0.64523
0.083188,-0.00012926,0.64132
0.082804,-0.0067732,0.63899
0.082564,-0.015873,0.63719
0.08228,-0.022418,0.63475
0.081929,-0.0314,0.63422
0,0,-1
0,0,-1
0,0,-1
0,0,-1
0,0,-1
0,0,-1
0,0,-1
0,0,-1
0,0,-1
0,0,-1
0.081758,-0.11551,0.63022
0.081613,-0.12471,0.63018
0.081722,-0.13121,0.63023
0.082205,-0.14126,0.63139
0.082474,-0.14779,0.63388
0.082821,-0.15807,0.63631
0.083207,-0.16574,0.63941
0.083945,-0.17589,0.64738
0.085273,-0.18577,0.65866
0.088444,-0.20231,0.6808
0.10644,-0.25262,0.82199
0.15324,-0.37949,1.178
0.15371,-0.39264,1.1808
0.15308,-0.40787,1.1757
0.15232,-0.41812,1.1695
0.15165,-0.43201,1.1615
0.1504,-0.44196,1.1562
0.14932,-0.45518,1.1468
0.10359,0.33973,0.88678
0.117,0.35817,0.99151
0.12199,0.36912,1.0279
0.12308,0.36186,1.0519
0.12408,0.35211,1.0551
0.12468,0.34603,1.0659
0.12522,0.33246,1.0729
0.12657,0.31839,1.0771
0.12691,0.30567,1.0713
0.12666,0.29144,1.0663
0.126,0.28088,1.069
0.1264,0.26639,1.0726
0.12628,0.25276,1.063
0.1262,0.23747,1.0667
0.12511,0.22642,1.0679
0.1246,0.21045,1.0708
0.12424,0.19826,1.0626
0.1238,0.18202,1.0586
0.12075,0.16919,1.0387
0.11867,0.15033,1.0078
0.11796,0.13713,0.98966
0.11199,0.11924,0.96743
0.09161,0.088256,0.78049
0.083414,0.06983,0.7076
0.08087,0.060692,0.68704
0.07946,0.050136,0.67554
0.07827,0.042335,0.66459
0.077654,0.032421,0.65837
0.076893,0.025373,0.6541
0.076235,0.015922,0.64975
0.075779,0.0091127,0.64582
0.075602,-0.00012497,0.64227
0.075179,-0.0067719,0.63931
0.075017,-0.015891,0.63805
0.074612,-0.022428,0.63568
0.074382,-0.03144,0.634
0,0,-1
0,0,-1
0,0,-1
0,0,-1
0,0,-1
0,0,-1
0,0,-1
0,0,-1
0,0,-1
0,0,-1
0.074219,-0.11578,0.62992
0.074243,-0.12493,0.63142
0.074386,-0.13172,0.63322
0.074625,-0.14145,0.63269
0.074779,-0.14797,0.63605
0.075298,-0.15828,0.63721
0.075619,-0.16595,0.6443
0.07661,-0.17685,0.64899
0.077412,-0.18601,0.65957
0.08054,-0.20292,0.68202
0.098252,-0.255,0.83282
0.13932,-0.38089,1.1839
0.13957,-0.39401,1.1833
0.13897,-0.40887,1.1777
0.13829,-0.4187,1.1726
0.13754,-0.43248,1.164
0.13657,-0.44261,1.1584
0.13586,-0.45652,1.1496
0.1037,0.36504,0.98807
0.11157,0.38595,1.046
0.11192,0.37712,1.0494
0.11164,0.36375,1.0541
0.11143,0.35253,1.0564
0.11115,0.33827,1.0654
0.11174,0.32831,1.0655
0.11216,0.31533,1.062
0.11246,0.30514,1.0632
0.11233,0.28835,1.0633
0.11138,0.27678,1.0562
0.11223,0.26213,1.0597
0.11178,0.25126,1.0583
0.11212,0.23678,1.0615
0.11106,0.22456,1.059
0.111,0.20886,1.0561
0.1109,0.1954,1.0493
0.10898,0.17992,1.0383
0.10684,0.16473,1.007
0.10565,0.14671,0.98954
0.10171,0.13489,0.97273
0.10038,0.11572,0.95268
0.083922,0.090436,0.80397
0.075524,0.070851,0.71641
0.072081,0.060769,0.68665
0.071769,0.049941,0.67699
0.069986,0.042393,0.66386
0.069642,0.032567,0.66097
0.0692,0.025451,0.65309
0.068458,0.015946,0.65025
0.068105,0.0091637,0.64518
0.067774,-0.00012115,0.64314
0.067455,-0.0067612,0.64008
0.067359,-0.015907,0.63857
0.06702,-0.02244,0.63651
0.066928,-0.031511,0.63485
0.066813,-0.037901,0.63272
0,0,-1
0,0,-1
0,0,-1
0,0,-1
0,0,-1
0,0,-1
0,0,-1
0,0,-1
0,0,-1
0.066694,-0.11609,0.63074
0.066753,-0.12531,0.63322
0.066801,-0.13208,0.63433
0.067016,-0.14157,0.63509
0.067287,-0.14814,0.63716
0.067542,-0.1591,0.64004
0.06805,-0.16661,0.64655
0.068912,-0.17714,0.65121
0.069924,-0.18751,0.66164
0.072343,-0.20512,0.68286
0.092888,-0.26974,0.87835
0.1257,-0.38356,1.1874
0.12555,-0.39477,1.1866
0.12503,-0.40976,1.1798
0.12429,-0.41953,1.1741
0.12354,-0.43353,1.1662
0.12281,-0.44302,1.1605
0.12204,-0.4576,1.1511
0.10524,0.42897,1.1249
0.10134,0.40211,1.0887
0.10166,0.39216,1.0923
0.10209,0.37826,1.0971
0.09923,0.35824,1.0688
0.098702,0.33926,1.0683
0.098981,0.32866,1.0642
0.099147,0.31476,1.0632
0.099188,0.3032,1.0628
0.098448,0.28764,1.0636
0.098518,0.27708,1.0574
0.099442,0.26242,1.0609
0.099284,0.25153,1.0611
0.099581,0.23704,1.0643
0.098463,0.22561,1.0602
0.098454,0.20934,1.0573
0.098267,0.19741,1.0586
0.098497,0.1811,1.05
0.096076,0.16694,1.0205
0.094859,0.14761,1.0044
0.090588,0.1354,0.97387
0.089106,0.1183,0.96036
0.079785,0.097237,0.86121
0.068075,0.071969,0.72751
0.063863,0.060841,0.68746
0.063588,0.050071,0.6786
0.062007,0.042268,0.66626
0.061943,0.032607,0.66382
0.06131,0.025472,0.65575
0.060557,0.015956,0.65103
0.060405,0.0091629,0.64771
0.060185,-0.00011775,0.64396
0.059812,-0.0067653,0.64085
0.059679,-0.015932,0.63933
0.059379,-0.022448,0.6382
0.059297,-0.031543,0.63561
0.059182,-0.038011,0.63347
0,0,-1
0,0,-1
0,0,-1
0,0,-1
0,0,-1
0,0,-1
0,0,-1
0,0,-1
0.059057,-0.10953,0.63207
0.059217,-0.11622,0.63362
0.059147,-0.12551,0.63473
0.059267,-0.13226,0.63652
0.05954,-0.1418,0.63854
0.059745,-0.14883,0.6406
0.059958,-0.15952,0.6434
0.060593,-0.16695,0.64924
0.061119,-0.1782,0.65433
0.062355,-0.18823,0.66476
0.064316,-0.20584,0.68876
0.089144,-0.29222,0.95188
0.1116,-0.38395,1.1913
0.11135,-0.39522,1.1893
0.11082,-0.41032,1.1825
0.11016,-0.42011,1.1753
0.10943,-0.43387,1.1681
0.10898,-0.44354,1.1627
0.10801,-0.45796,1.1539
0.091378,0.43064,1.1244
0.088663,0.40246,1.0901
0.088565,0.39251,1.0933
0.088939,0.3786,1.0981
0.087137,0.35947,1.0729
0.087235,0.34523,1.0743
0.086284,0.33086,1.0707
0.086608,0.31648,1.0644
0.086804,0.30469,1.0672
0.086705,0.28863,1.0685
0.087381,0.27833,1.0712
0.087816,0.26695,1.0748
0.088009,0.25635,1.0821
0.088617,0.24221,1.0842
0.088799,0.23085,1.0877
0.089417,0.21638,1.0942
0.090185,0.20631,1.1094
0.091113,0.1943,1.1175
0.093149,0.18686,1.1477
0.095522,0.17154,1.1503
0.097069,0.16229,1.1661
0.097242,0.14568,1.1682
0.075532,0.10413,0.93522
0.060546,0.073599,0.7496
0.056593,0.061486,0.69877
0.055429,0.050124,0.67931
0.054347,0.042418,0.66842
0.053989,0.032643,0.6657
0.053395,0.025538,0.65772
0.052957,0.016084,0.6542
0.052733,0.00919,0.65035
0.052428,-0.00011517,0.64669
0.052216,-0.0067799,0.64325
0.051974,-0.015947,0.64063
0.051828,-0.022523,0.63833
0.051677,-0.031616,0.63746
0.051553,-0.038213,0.63748
0,0,-1
0,0,-1
0,0,-1
0,0,-1
0,0,-1
0,0,-1
0,0,-1
0.051323,-0.10064,0.63245
0.051513,-0.10993,0.63415
0.051641,-0.11676,0.63428
0.051559,-0.12577,0.63656
0.051756,-0.13285,0.63729
0.052019,-0.14227,0.63921
0.052107,-0.15041,0.64468
0.052461,-0.16006,0.64426
0.05291,-0.1671,0.65128
0.053623,-0.17919,0.65592
0.054728,-0.19171,0.6712
0.056898,-0.20936,0.70142
0.085915,-0.32452,1.0556
0.097277,-0.38427,1.1943
0.097103,-0.39559,1.1918
0.096609,-0.41068,1.184
0.095984,-0.42048,1.1767
0.095377,-0.43452,1.1695
0.095032,-0.44482,1.1639
0.094443,-0.45816,1.1557
0.07536,0.41376,1.0859
0.075208,0.40026,1.0906
0.073521,0.38128,1.0631
0.073827,0.3699,1.0694
0.074007,0.35937,1.0707
0.0743,0.34582,1.0752
0.07472,0.33566,1.0783
0.083409,0.35476,1.2029
0.10093,0.41432,1.4549
0.10158,0.39841,1.4679
0.10336,0.38954,1.499
0.10388,0.37163,1.5112
0.10549,0.35929,1.5255
0.10652,0.34202,1.5423
0.10673,0.32676,1.5455
0.10636,0.30363,1.5467
0.10656,0.28824,1.5496
0.10654,0.26685,1.5535
0.10292,0.24198,1.5042
0.10133,0.21489,1.4621
0.098509,0.19645,1.4269
0.095241,0.16823,1.3836
0.083242,0.13371,1.1784
0.054723,0.078359,0.78731
0.048597,0.062157,0.70282
0.047392,0.051195,0.69401
0.046387,0.042753,0.6716
0.046118,0.032834,0.66648
0.045672,0.025593,0.66257
0.045126,0.016122,0.6555
0.04491,0.0092129,0.65336
0.044866,-0.00011271,0.6489
0.044634,-0.0068182,0.64713
0.044446,-0.015987,0.64287
0.044167,-0.022608,0.64071
0.044102,-0.031695,0.63881
0.044073,-0.038303,0.6387
0.043845,-0.04741,0.63745
0,0,-1
0,0,-1
0,0,-1
0,-0.078598,0.63399
0,-0.085085,0.6337
0.043749,-0.094274,0.63389
0.0439,-0.10098,0.63725
0.044042,-0.11027,0.63598
0.044027,-0.11705,0.63755
0.0441,-0.12636,0.63883
0.044233,-0.13355,0.64046
0.044406,-0.14275,0.64157
0.044427,-0.15053,0.64524
0.044693,-0.16088,0.65158
0.045299,-0.16862,0.65687
0.046089,-0.18,0.65742
0.047366,-0.19378,0.68059
0.05003,-0.21324,0.72398
0.080248,-0.35566,1.1581
0.082939,-0.38456,1.1963
0.082744,-0.39638,1.1931
0.082381,-0.41114,1.1866
0.081761,-0.42079,1.1777
0.081245,-0.43522,1.1706
0.080905,-0.4452,1.1664
0.080619,-0.4597,1.1578
0.064529,0.42084,1.0982
0.06052,0.39119,1.0582
0.059878,0.37544,1.0449
0.060356,0.36261,1.0571
0.060619,0.35507,1.0628
0.061513,0.34605,1.0708
0.068599,0.37066,1.199
0.083097,0.42843,1.4519
0.095616,0.4791,1.6798
0.095942,0.45681,1.6859
0.096097,0.43953,1.686
0.096019,0.41604,1.6881
0.095664,0.39767,1.6807
0.095456,0.37146,1.6778
0.094644,0.35183,1.6663
0.093799,0.32573,1.6486
0.092433,0.30435,1.6264
0.090605,0.27446,1.6005
0.08883,0.25319,1.5583
0.085094,0.22128,1.5086
0.083719,0.20027,1.4588
0.080282,0.17647,1.425
0.078671,0.15439,1.365
0.055468,0.094635,0.96947
0.041053,0.063755,0.72426
0.039658,0.051606,0.69861
0.038667,0.043216,0.67923
0.038226,0.032966,0.67043
0.037756,0.02571,0.66581
0.037638,0.016169,0.66239
0.037203,0.0092732,0.65536
0.037043,-0.00011069,0.65334
0.03692,-0.006857,0.64865
0.03667,-0.016041,0.64639
0.036638,-0.022685,0.64351
0.036548,-0.031859,0.64081
0.036531,-0.038442,0.64044
0.036336,-0.047519,0.63954
0.036306,-0.054118,0.63817
0.03627,-0.063201,0.63702
0.036347,-0.069771,0.63699
0.036294,-0.078848,0.63597
0.036351,-0.085489,0.63572
0.036273,-0.094519,0.63751
0.036305,-0.10145,0.63774
0.036388,-0.11063,0.6375
0.036377,-0.11745,0.63953
0.036491,-0.12666,0.6396
0.036647,-0.13397,0.64385
0.036669,-0.14344,0.6431
0.036839,-0.1507,0.64649
0.037136,-0.16107,0.65214
0.037551,-0.16877,0.65917
0.038066,-0.1822,0.66967
0.039766,-0.19693,0.69053
0.043874,-0.22855,0.767
0.068609,-0.369,1.1995
0.06847,-0.38594,1.1976
0.068282,-0.39685,1.1939
0.067989,-0.41176,1.1883
0.067567,-0.42121,1.179
0.067089,-0.4355,1.1719
0.066867,-0.44547,1.1674
0.066478,-0.46002,1.16
0.050878,0.42953,1.119
0.047076,0.38572,1.0404
0.046965,0.375,1.0399
0.047263,0.36172,1.0501
0.047722,0.35341,1.0622
0.048666,0.34623,1.0696
0.058754,0.40606,1.3098
0.075494,0.49699,1.6842
0.075812,0.48177,1.6899
0.07601,0.45857,1.6937
0.075785,0.44074,1.6912
0.07596,0.41709,1.6927
0.075821,0.39897,1.6922
0.075588,0.37498,1.6867
0.075353,0.35508,1.6824
0.074754,0.32916,1.672
0.074022,0.30885,1.6528
0.07298,0.28193,1.6314
0.07148,0.25857,1.6041
0.067884,0.22424,1.5142
0.066085,0.20317,1.4662
0.063229,0.17657,1.4248
0.061958,0.15586,1.376
0.052931,0.11796,1.1739
0.033433,0.065514,0.74606
0.031807,0.052265,0.70808
0.030773,0.043984,0.68606
0.030333,0.033296,0.67653
0.02988,0.025937,0.67114
0.029641,0.016231,0.66377
0.029531,0.009335,0.65764
0.029217,-0.00010949,0.65489
0.029162,-0.0068717,0.65393
0.029002,-0.016162,0.64836
0.028869,-0.022814,0.64729
0.028838,-0.031965,0.64352
0.028801,-0.038564,0.64392
0.028778,-0.047643,0.64167
0.028731,-0.054224,0.64177
0.028674,-0.063298,0.63809
0.028709,-0.070018,0.63906
0.028669,-0.079072,0.638
0.028671,-0.085783,0.63954
0.028634,-0.094962,0.63931
0.028719,-0.10175,0.63983
0.028681,-0.11106,0.63994
0.02878,-0.11764,0.64137
0.028825,-0.12726,0.64187
0.028947,-0.13411,0.64432
0.028996,-0.14374,0.64465
0.029204,-0.15171,0.64992
0.029473,-0.16167,0.65391
0.029782,-0.17144,0.66429
0.030548,-0.1841,0.67636
0.032054,-0.20243,0.719
0.0409,-0.27023,0.90865
0.05425,-0.3705,1.2052
0.054057,-0.38627,1.2002
0.0539,-0.39741,1.1949
0.053607,-0.41239,1.1888
0.05332,-0.42144,1.1799
0.052983,-0.43624,1.1742
0.052784,-0.44639,1.1687
0.052595,-0.46022,1.1631
0.037549,0.43771,1.1559
0.034329,0.38989,1.0408
0.034384,0.37514,1.0443
0.034565,0.36186,1.0539
0.034946,0.35441,1.0626
0.03558,0.34424,1.0701
0.045168,0.42636,1.3767
0.055412,0.49947,1.687
0.055569,0.48334,1.6917
0.055581,0.45996,1.6951
0.055597,0.44172,1.6968
0.055527,0.41775,1.6943
0.055437,0.39912,1.693
0.055208,0.37513,1.6877
0.055144,0.3561,1.6832
0.054827,0.33066,1.673
0.05429,0.30952,1.6551
0.053583,0.28385,1.6389
0.052486,0.2603,1.6052
0.049975,0.2271,1.5384
0.048239,0.20419,1.4755
0.046102,0.17553,1.4157
0.045228,0.15614,1.3676
0.04381,0.13142,1.3144
0.02602,0.070316,0.79892
0.023871,0.054264,0.73684
0.022812,0.044446,0.69753
0.022198,0.033725,0.68385
0.022063,0.026131,0.67505
0.02176,0.016392,0.66922
0.021632,0.0093552,0.66319
0.021548,-0.00010846,0.65677
0.02132,-0.0069038,0.65599
0.021276,-0.01622,0.65219
0.021272,-0.022907,0.64899
0.021108,-0.032094,0.6472
0.021099,-0.03878,0.64631
0.021023,-0.047932,0.64488
0.021009,-0.05442,0.64403
0.020996,-0.063555,0.64292
0.021018,-0.070233,0.64231
0.021017,-0.079312,0.64256
0.021027,-0.086032,0.64198
0.020993,-0.095328,0.64112
0.020994,-0.1022,0.64329
0.021045,-0.11131,0.64325
0.021134,-0.1183,0.64386
0.021154,-0.12756,0.6453
0.02123,-0.13492,0.64685
0.021335,-0.14532,0.6507
0.021445,-0.15263,0.65273
0.0217,-0.16295,0.66127
0.022124,-0.1727,0.67342
0.022806,-0.18913,0.69441
0.025132,-0.21572,0.76204
0.037617,-0.34027,1.1448
0.039775,-0.37128,1.2075
0.039575,-0.38678,1.2013
0.03945,-0.39768,1.1968
0.039213,-0.41261,1.1894
0.039009,-0.42167,1.1829
0.038762,-0.43639,1.1747
0.038648,-0.44691,1.1703
0.03856,-0.46216,1.1646
0.023729,0.45696,1.1696
0.02203,0.38998,1.0514
0.021781,0.37767,1.0495
0.021952,0.36291,1.0542
0.022039,0.35491,1.0645
0.022597,0.34946,1.0847
0.02883,0.43174,1.3799
0.035018,0.4998,1.6893
0.035092,0.48366,1.6939
0.035078,0.46019,1.6957
0.03508,0.44216,1.6982
0.035007,0.41786,1.6955
0.034981,0.39923,1.6918
0.034781,0.37478,1.6881
0.034761,0.3564,1.6843
0.034669,0.33132,1.6746
0.034228,0.31077,1.6618
0.033976,0.28418,1.6466
0.033223,0.26052,1.6139
0.031972,0.22963,1.5518
0.030781,0.20655,1.4957
0.029025,0.17557,1.4162
0.028358,0.15597,1.376
0.027676,0.13158,1.3417
0.020522,0.087918,0.99979
0.015472,0.055903,0.75501
0.014625,0.045346,0.71468
0.014348,0.03443,0.69722
0.013934,0.026405,0.6827
0.013866,0.016487,0.67333
0.013701,0.0094674,0.66957
0.013618,-0.00010796,0.66124
0.013546,-0.0069535,0.65819
0.013443,-0.016289,0.65604
0.013423,-0.023009,0.65525
0.013411,-0.032335,0.6518
0.013406,-0.039098,0.649
0.01331,-0.048165,0.64838
0.013327,-0.054778,0.64785
0.01328,-0.063973,0.647
0.013297,-0.070668,0.64631
0.013258,-0.07986,0.64686
0.013268,-0.086518,0.646
0.013282,-0.0957,0.64472
0.01333,-0.1028,0.64664
0.013307,-0.11187,0.64615
0.013358,-0.11865,0.64721
0.013402,-0.12876,0.64846
0.013481,-0.13628,0.65283
0.013529,-0.14638,0.6539
0.013712,-0.15385,0.66346
0.013831,-0.16567,0.67091
0.014396,-0.17848,0.69478
0.015154,-0.19904,0.72891
0.020145,-0.27461,0.97167
0.025177,-0.36,1.2117
0.025142,-0.37173,1.2088
0.025051,-0.38734,1.2033
0.024948,-0.39778,1.1985
0.024846,-0.41291,1.19
0.024673,-0.42218,1.1835
0.024581,-0.4365,1.1761
0.024466,-0.44702,1.171
0.024379,-0.46074,1.1655
0.010245,0.44447,1.1569
0.0092509,0.39003,1.0546
0.0091631,0.37771,1.0497
0.0091639,0.36295,1.0544
0.0092061,0.3553,1.0669
0.0094305,0.35117,1.0919
0.012186,0.43503,1.3964
0.014571,0.50048,1.6909
0.014589,0.48433,1.6956
0.014582,0.46029,1.6959
0.014561,0.44334,1.6985
0.014496,0.41718,1.6951
0.014475,0.39959,1.6921
0.014385,0.37391,1.6884
0.014379,0.35624,1.6869
0.014315,0.33136,1.6793
0.014153,0.31115,1.6694
0.014035,0.28426,1.6555
0.013788,0.26307,1.6202
0.013283,0.23211,1.5711
0.012916,0.21004,1.5299
0.012131,0.17839,1.4345
0.011709,0.15653,1.3763
0.011385,0.13256,1.3419
0.010839,0.11294,1.2825
0.0074688,0.064882,0.88536
0.0061114,0.045906,0.72411
0.005966,0.034919,0.70773
0.0058911,0.027194,0.69875
0.0057353,0.016683,0.68313
0.0056814,0.0095206,0.6746
0.0056227,-0.00010868,0.66686
0.0055923,-0.0069706,0.66355
0.0055581,-0.016443,0.6601
0.0055449,-0.023238,0.65664
0.0055253,-0.03241,0.65515
0.0055108,-0.039174,0.65478
0.0055054,-0.048496,0.6517
0.0054931,-0.055302,0.6521
0.0054903,-0.064422,0.65025
0.0054881,-0.071264,0.65056
0.0054845,-0.080143,0.64937
0.0055017,-0.087119,0.64932
0.0054955,-0.096475,0.64878
0.0055114,-0.1035,0.6503
0.0055335,-0.11278,0.65145
0.0055512,-0.12,0.65236
0.0055901,-0.12989,0.65596
0.0056026,-0.13756,0.65646
0.0056617,-0.14733,0.66168
0.0057385,-0.15649,0.67123
0.0058973,-0.16903,0.68961
0.006291,-0.1891,0.73138
0.0071125,-0.2251,0.82927
0.010402,-0.3411,1.2073
0.010485,-0.36053,1.2128
0.010475,-0.37213,1.2103
0.010448,-0.38748,1.2035
0.010419,-0.39805,1.1987
0.010391,-0.4132,1.1918
0.010338,-0.42244,1.1837
0.010308,-0.43656,1.1763
0.01028,-0.44682,1.1709
0.010239,-0.46071,1.1641
-0.003909,0.4489,1.173
-0.0035648,0.39196,1.0547
-0.0035532,0.3777,1.053
-0.0035877,0.36287,1.0559
-0.0036378,0.35529,1.0669
-0.0037499,0.35261,1.1018
-0.004902,0.43507,1.4026
-0.0058834,0.50047,1.6917
-0.0059237,0.48432,1.6964
-0.0059593,0.46038,1.6981
-0.0059813,0.44333,1.6985
-0.0059909,0.41667,1.694
-0.0060092,0.39958,1.6921
-0.0060201,0.3739,1.6885
-0.0060291,0.35639,1.6869
-0.0060371,0.33177,1.682
-0.0060362,0.31318,1.674
-0.0060065,0.28666,1.6613
-0.0059358,0.26493,1.6333
-0.0057918,0.23599,1.5936
-0.005695,0.21534,1.5699
-0.0054138,0.18455,1.4953
-0.0050611,0.15652,1.3818
-0.0049478,0.133,1.342
-0.0048634,0.11538,1.3194
-0.0045882,0.093493,1.247
-0.0029588,0.051057,0.80304
-0.0026487,0.035379,0.72062
-0.0026059,0.027516,0.70531
-0.0025584,0.017098,0.69662
-0.0025109,0.0096399,0.68486
-0.0024846,-0.00010975,0.67469
-0.002463,-0.0070773,0.66711
-0.0024546,-0.016592,0.66663
-0.0024417,-0.023353,0.66292
-0.0024255,-0.032756,0.66124
-0.0024212,-0.039443,0.659
-0.0024045,-0.048759,0.65822
-0.0024063,-0.055609,0.6577
-0.0023902,-0.064849,0.65459
-0.0023936,-0.071765,0.65614
-0.002381,-0.080888,0.6539
-0.0023833,-0.087756,0.65304
-0.0023779,-0.097001,0.65174
-0.0023752,-0.10383,0.65482
-0.0023637,-0.11357,0.65497
-0.0023772,-0.12127,0.65795
-0.0023759,-0.13133,0.66175
-0.0023824,-0.1388,0.66366
-0.0024004,-0.14984,0.67276
-0.0024422,-0.15973,0.68898
-0.0025744,-0.17894,0.72418
-0.0028636,-0.20864,0.80795
-0.0039915,-0.30981,1.1386
-0.0042836,-0.34566,1.2222
-0.0042439,-0.36176,1.2175
-0.0042058,-0.37303,1.213
-0.004156,-0.3879,1.2044
-0.0041146,-0.39828,1.1992
-0.0040659,-0.41346,1.1919
-0.0040272,-0.42244,1.1835
-0.0039673,-0.43676,1.1774
-0.0039279,-0.44696,1.1705
-0.0038764,-0.46069,1.1636
-0.018657,0.44529,1.1854
-0.016468,0.3919,1.0546
-0.016238,0.37613,1.0513
-0.016264,0.36281,1.0528
-0.016502,0.35663,1.0593
-0.016993,0.35111,1.1133
-0.022139,0.43883,1.4094
-0.026393,0.50039,1.6916
-0.026491,0.48424,1.6963
-0.026514,0.46087,1.6984
-0.026531,0.44256,1.6993
-0.026481,0.4171,1.6937
-0.026476,0.39891,1.6942
-0.026462,0.37423,1.6886
-0.026444,0.35633,1.6862
-0.026374,0.33176,1.6855
-0.026334,0.31372,1.6778
-0.026282,0.28778,1.6717
-0.025858,0.26716,1.6489
-0.02556,0.23973,1.6227
-0.025076,0.21893,1.5879
-0.024554,0.19306,1.5544
-0.022667,0.16343,1.4412
-0.02159,0.13423,1.3573
-0.021088,0.11698,1.3306
-0.020616,0.095651,1.3096
-0.019563,0.078896,1.2361
-0.012624,0.039392,0.7944
-0.011373,0.027934,0.72054
-0.011094,0.017281,0.70452
-0.011069,0.0099172,0.70088
-0.010873,-0.00011259,0.68922
-0.010767,-0.007183,0.68269
-0.010649,-0.01689,0.6767
-0.010562,-0.023622,0.67114
-0.01053,-0.033079,0.66923
-0.010504,-0.039701,0.66387
-0.010475,-0.049138,0.66173
-0.010424,-0.055961,0.66115
-0.010401,-0.065382,0.6588
-0.010387,-0.072267,0.65809
-0.010374,-0.081494,0.65968
-0.010374,-0.088758,0.66028
-0.010348,-0.09806,0.66016
-0.010402,-0.10493,0.65965
-0.010429,-0.11507,0.66112
-0.01046,-0.12213,0.66398
-0.010542,-0.13289,0.67154
-0.010621,-0.14075,0.675
-0.010848,-0.15312,0.69046
-0.011337,-0.16842,0.72187
-0.012958,-0.20493,0.8263
-0.017023,-0.27982,1.0845
-0.019183,-0.3345,1.2285
-0.019173,-0.3468,1.2254
-0.019047,-0.36259,1.2205
-0.018976,-0.3736,1.2155
-0.018798,-0.38808,1.206
-0.018669,-0.39894,1.2015
-0.018531,-0.4134,1.1918
-0.018415,-0.42348,1.1834
-0.018243,-0.43708,1.1773
-0.018145,-0.4472,1.1729
-0.01801,-0.46149,1.1648
-0.033007,0.45816,1.1773
-0.029804,0.39122,1.0511
-0.029083,0.37675,1.0508
-0.029144,0.36341,1.0486
-0.029358,0.3585,1.0591
-0.030021,0.35052,1.1014
-0.039507,0.44197,1.4191
-0.046878,0.50048,1.6942
-0.047033,0.48439,1.6989
-0.047107,0.46132,1.7009
-0.047064,0.44243,1.6988
-0.047044,0.41735,1.6934
-0.046947,0.39879,1.6912
-0.046891,0.37475,1.6895
-0.046857,0.35635,1.6858
-0.046774,0.33207,1.6851
-0.0467,0.31416,1.6775
-0.046611,0.28867,1.6753
-0.046067,0.26899,1.6605
-0.045552,0.24217,1.6361
-0.045285,0.22319,1.624
-0.044439,0.19646,1.5904
-0.042879,0.17327,1.5399
-0.04004,0.14153,1.4354
-0.038172,0.12019,1.3582
-0.036924,0.097796,1.3241
-0.036455,0.082267,1.3102
-0.034319,0.060947,1.2367
-0.022482,0.031245,0.80375
-0.020196,0.01775,0.72068
-0.019761,0.01003,0.7055
-0.019523,-0.00011439,0.70074
-0.019345,-0.0072989,0.69331
-0.019109,-0.01715,0.68892
-0.018943,-0.023973,0.67814
-0.018894,-0.033567,0.67591
-0.018769,-0.040501,0.67348
-0.01866,-0.049958,0.67189
-0.018617,-0.056498,0.67128
-0.018576,-0.065981,0.66937
-0.018553,-0.072857,0.66942
-0.018622,-0.082701,0.66755
-0.018595,-0.089779,0.66744
-0.018661,-0.099645,0.66925
-0.01863,-0.10654,0.66887
-0.018752,-0.11618,0.67612
-0.018903,-0.12519,0.67752
-0.018972,-0.13518,0.68717
-0.01936,-0.14496,0.69565
-0.020145,-0.16122,0.72331
-0.023062,-0.1936,0.82879
-0.031719,-0.28318,1.1451
-0.034412,-0.31925,1.2374
-0.034223,-0.3355,1.2323
-0.034111,-0.34718,1.2275
-0.033935,-0.36304,1.2222
-0.033762,-0.3742,1.2168
-0.033513,-0.38905,1.2091
-0.033304,-0.39979,1.2034
-0.03302,-0.41369,1.195
-0.032836,-0.42393,1.1866
-0.032561,-0.43725,1.1774
-0.032379,-0.44729,1.1729
-0.032174,-0.46156,1.1627
-0.047172,0.45965,1.2215
-0.042869,0.39106,1.0507
-0.041823,0.3766,1.0435
-0.041653,0.36349,1.0482
-0.042196,0.35835,1.0587
-0.043143,0.34685,1.0919
-0.056852,0.44269,1.4334
-0.067414,0.50063,1.6956
-0.067627,0.48497,1.7003
-0.067734,0.46165,1.7006
-0.067681,0.44236,1.6986
-0.067552,0.41749,1.6967
-0.067414,0.39924,1.6928
-0.067358,0.37464,1.6901
-0.067321,0.35664,1.6881
-0.067158,0.33224,1.6844
-0.067087,0.31417,1.6816
-0.066914,0.28926,1.6746
-0.066482,0.27024,1.6663
-0.065922,0.24447,1.649
-0.065433,0.22544,1.6378
-0.065075,0.20026,1.6263
-0.063806,0.17993,1.5917
-0.061583,0.15146,1.5414
-0.057607,0.12793,1.4438
-0.054795,0.10088,1.379
-0.052974,0.084098,1.3245
-0.052861,0.065039,1.3158
-0.049613,0.048265,1.2478
-0.037816,0.02297,0.94294
-0.029657,0.010524,0.74281
-0.028634,-0.00011834,0.71351
-0.028057,-0.0073761,0.70044
-0.027848,-0.017273,0.69738
-0.027577,-0.024387,0.69446
-0.027533,-0.034043,0.68981
-0.02735,-0.040925,0.68184
-0.027286,-0.050606,0.6789
-0.027093,-0.057697,0.67624
-0.027055,-0.067123,0.67449
-0.027128,-0.074461,0.67464
-0.02708,-0.083858,0.67717
-0.027042,-0.091028,0.67833
-0.027006,-0.10065,0.68087
-0.027182,-0.10869,0.68114
-0.027531,-0.11944,0.69301
-0.027988,-0.12892,0.70066
-0.028262,-0.14005,0.70965
-0.030322,-0.15807,0.76009
-0.034695,-0.19346,0.86693
-0.047414,-0.27672,1.1863
-0.049612,-0.30787,1.2453
-0.049564,-0.32008,1.2421
-0.049314,-0.33653,1.2361
-0.049068,-0.34761,1.2292
-0.048792,-0.36331,1.2237
-0.048621,-0.37454,1.2184
-0.048262,-0.38985,1.2108
-0.047982,-0.40044,1.2058
-0.047585,-0.41461,1.1972
-0.04722,-0.42455,1.1886
-0.046895,-0.43822,1.1783
-0.04659,-0.44794,1.1725
-0.046344,-0.46118,1.1668
-0.063375,0.46956,1.2026
-0.055285,0.39484,1.0614
-0.054233,0.37664,1.043
-0.054486,0.36329,1.0516
-0.055018,0.35532,1.0612
-0.056246,0.34633,1.0861
-0.075077,0.4426,1.4368
-0.087979,0.50087,1.6959
-0.08825,0.48497,1.7006
-0.088272,0.46139,1.7001
-0.088324,0.44273,1.6993
-0.088048,0.41729,1.6961
-0.08783,0.3993,1.6919
-0.087921,0.3748,1.6911
-0.087694,0.35719,1.6896
-0.087699,0.33213,1.6861
-0.087455,0.3142,1.6811
-0.087296,0.28912,1.682
-0.086749,0.27052,1.6691
-0.08613,0.24534,1.6607
-0.085983,0.22754,1.6505
-0.086044,0.20325,1.651
-0.084877,0.18428,1.6274
-0.083299,0.15726,1.6
-0.080412,0.13593,1.5422
-0.077734,0.10934,1.493
-0.072615,0.088252,1.385
-0.071424,0.066882,1.3698
-0.069174,0.05147,1.3236
-0.069105,0.032096,1.3162
-0.054892,0.014875,1.0517
-0.044206,-0.00014282,0.84661
-0.038867,-0.0078254,0.74091
-0.037604,-0.017963,0.72271
-0.036634,-0.024868,0.70363
-0.036478,-0.034861,0.70032
-0.036093,-0.041643,0.69606
-0.035957,-0.051538,0.69489
-0.035807,-0.058229,0.68888
-0.035759,-0.068003,0.68798
-0.035957,-0.075683,0.68863
-0.036036,-0.08555,0.69294
-0.036413,-0.093356,0.69217
-0.03647,-0.10342,0.69974
-0.037004,-0.11292,0.71134
-0.037554,-0.12461,0.71847
-0.03868,-0.13648,0.74539
-0.041304,-0.15673,0.7903
-0.056727,-0.2273,1.0922
-0.06487,-0.27817,1.2475
-0.06507,-0.29106,1.2491
-0.064844,-0.30829,1.2461
-0.064695,-0.32062,1.2431
-0.064329,-0.33709,1.2366
-0.064107,-0.34847,1.232
-0.063634,-0.364,1.2258
-0.063435,-0.37521,1.2211
-0.063014,-0.3902,1.2126
-0.062744,-0.40088,1.206
-0.062252,-0.41517,1.1974
-0.061723,-0.42476,1.1881
-0.06122,-0.43861,1.1809
-0.060861,-0.44841,1.1734
-0.060456,-0.46234,1.1647
-0.07933,0.47711,1.2475
-0.068161,0.40045,1.0607
-0.066852,0.37642,1.0463
-0.067032,0.36305,1.0509
-0.067436,0.35508,1.0644
-0.069681,0.34609,1.0855
-0.092671,0.44628,1.4421
-0.10858,0.50139,1.6982
-0.10891,0.48519,1.7029
-0.1089,0.46119,1.7026
-0.10892,0.44308,1.6998
-0.10855,0.41739,1.6963
-0.10869,0.3995,1.6936
-0.10831,0.37499,1.692
-0.10828,0.35713,1.689
-0.1081,0.33243,1.6874
-0.10801,0.31438,1.684
-0.10765,0.28912,1.6809
-0.10707,0.27102,1.6745
-0.10702,0.24591,1.6681
-0.10625,0.22832,1.6618
-0.10679,0.20524,1.665
-0.10622,0.18643,1.6556
-0.1053,0.16173,1.6409
-0.10332,0.14191,1.6124
-0.10174,0.11714,1.5835
-0.09819,0.096503,1.5284
-0.095019,0.072983,1.4806
-0.090325,0.054653,1.4032
-0.089734,0.033887,1.388
-0.086644,0.019203,1.3673
-0.084919,-0.00022508,1.3164
-0.064694,-0.010626,1.0045
-0.054347,-0.020995,0.84258
-0.049223,-0.02703,0.76609
-0.047899,-0.036921,0.74711
-0.046948,-0.043872,0.73096
-0.046671,-0.054039,0.7276
-0.046408,-0.061214,0.72361
-0.046347,-0.071488,0.72267
-0.046411,-0.079107,0.72431
-0.046684,-0.090075,0.72594
-0.047216,-0.098549,0.73449
-0.04803,-0.11158,0.75098
-0.051698,-0.1281,0.80446
-0.05637,-0.15229,0.8775
-0.068608,-0.19604,1.0652
-0.07886,-0.24334,1.2303
-0.081588,-0.26443,1.2694
-0.080911,-0.28126,1.2567
-0.080508,-0.29247,1.2539
-0.080094,-0.30944,1.2485
-0.079819,-0.32113,1.2438
-0.079341,-0.33706,1.2379
-0.079046,-0.3488,1.2325
-0.078658,-0.36447,1.2265
-0.078392,-0.37546,1.2224
-0.077834,-0.39042,1.2153
-0.077375,-0.40133,1.206
-0.076755,-0.41546,1.1995
-0.076358,-0.42549,1.1911
-0.075717,-0.43872,1.1808
-0.075139,-0.44851,1.1746
-0.074639,-0.46277,1.1655
-0.099646,0.50233,1.2993
-0.081018,0.40207,1.0564
-0.079435,0.37612,1.0449
-0.079658,0.36227,1.0495
-0.080102,0.35373,1.0593
-0.082798,0.34444,1.0776
-0.11503,0.46891,1.511
-0.12901,0.5021,1.6992
-0.12939,0.48588,1.7039
-0.12945,0.4608,1.702
-0.12942,0.44286,1.7022
-0.12934,0.41813,1.6984
-0.12925,0.40015,1.6934
-0.12877,0.37542,1.6954
-0.12887,0.35759,1.6901
-0.12863,0.33301,1.6888
-0.12842,0.31445,1.6833
-0.12806,0.29018,1.68
-0.12761,0.27133,1.6735
-0.12719,0.24696,1.6703
-0.12694,0.22881,1.6675
-0.12755,0.20567,1.6722
-0.12736,0.18814,1.6687
-0.12666,0.16368,1.6639
-0.12612,0.14557,1.6512
-0.12493,0.12112,1.6419
-0.12327,0.10268,1.6162
-0.12177,0.078651,1.6008
-0.11953,0.060674,1.5549
-0.11767,0.037567,1.5354
-0.11372,0.021126,1.4855
-0.11341,-0.00025957,1.4804
-0.11105,-0.015426,1.4596
-0.11055,-0.036085,1.4461
-0.10159,-0.04678,1.3309
-0.089441,-0.057738,1.1654
-0.078712,-0.061614,1.028
-0.07433,-0.072555,0.98108
-0.072077,-0.079549,0.94127
-0.071983,-0.092901,0.94005
-0.074323,-0.10674,0.97472
-0.074756,-0.12133,0.97566
-0.077619,-0.13592,1.0131
-0.079405,-0.1541,1.04
-0.095581,-0.19898,1.2525
-0.098496,-0.22315,1.2898
-0.098355,-0.2366,1.2917
-0.098088,-0.25409,1.2847
-0.097378,-0.26579,1.2758
-0.0967,-0.28216,1.2687
-0.095912,-0.29356,1.2605
-0.095559,-0.31012,1.2498
-0.095084,-0.32161,1.2467
-0.094451,-0.3375,1.2384
-0.094188,-0.34907,1.2344
-0.093643,-0.36481,1.227
-0.093362,-0.37612,1.2229
-0.092681,-0.3911,1.2158
-0.092017,-0.40138,1.2058
-0.091413,-0.41609,1.1995
-0.090863,-0.42568,1.1912
-0.090001,-0.43943,1.1814
-0.089395,-0.44851,1.1752
-0.08894,-0.46281,1.1678
-0.13852,0.60009,1.5709
-0.09506,0.40175,1.0555
-0.091726,0.37498,1.0377
-0.091794,0.36169,1.0408
-0.092601,0.35487,1.0523
-0.095591,0.34411,1.0715
-0.13934,0.49048,1.5742
-0.14979,0.50177,1.7
-0.15023,0.48556,1.7047
-0.15013,0.46206,1.7057
-0.15001,0.44298,1.7023
-0.1499,0.41806,1.7005
-0.14995,0.40006,1.6959
-0.14927,0.37512,1.6943
-0.14924,0.35763,1.6925
-0.14901,0.33277,1.6885
-0.14887,0.31423,1.6882
-0.14839,0.29016,1.6828
-0.14787,0.27174,1.6763
-0.1473,0.24677,1.6706
-0.14753,0.22932,1.6698
-0.14782,0.20624,1.6742
-0.14773,0.18858,1.6731
-0.14775,0.16478,1.6749
-0.14744,0.14674,1.6673
-0.14704,0.12289,1.6649
-0.14634,0.10512,1.6611
-0.14633,0.081374,1.6523
-0.14511,0.063733,1.6488
-0.14476,0.040121,1.6451
-0.14374,0.023064,1.6303
-0.14377,-0.00029351,1.6305
-0.14419,-0.017158,1.6304
-0.14436,-0.040574,1.6347
-0.14485,-0.057806,1.6402
-0.14604,-0.081764,1.6441
-0.14704,-0.099666,1.662
-0.14756,-0.12362,1.6709
-0.14808,-0.14166,1.6777
-0.14884,-0.16653,1.6809
-0.14941,-0.18498,1.6893
-0.13949,-0.19528,1.576
-0.12123,-0.18309,1.3683
-0.11648,-0.19601,1.32
-0.11607,-0.20838,1.3099
-0.11522,-0.22621,1.3046
-0.11457,-0.23785,1.2962
-0.11379,-0.25501,1.2892
-0.11331,-0.267,1.281
-0.11239,-0.2831,1.2708
-0.11185,-0.29499,1.2637
-0.11072,-0.31034,1.2552
-0.11044,-0.32206,1.2506
-0.10968,-0.33801,1.2427
-0.10918,-0.34945,1.236
-0.10867,-0.36507,1.2299
-0.10823,-0.37617,1.224
-0.10765,-0.39147,1.2165
-0.10665,-0.4016,1.207
-0.10586,-0.41605,1.1988
-0.10529,-0.42596,1.1927
-0.10467,-0.43968,1.184
-0.10381,-0.44888,1.1757
-0.10284,-0.46209,1.1667
-0.16272,0.62177,1.5885
-0.10827,0.40777,1.0764
-0.10377,0.37385,1.0339
-0.10426,0.36014,1.0385
-0.1052,0.35205,1.0485
-0.10717,0.34374,1.0617
-0.15828,0.48994,1.5726
-0.17041,0.50265,1.703
-0.1709,0.48641,1.7077
-0.17067,0.46166,1.7045
-0.1708,0.4436,1.7014
-0.17048,0.41895,1.7016
-0.1705,0.40059,1.6972
-0.17007,0.37517,1.6968
-0.16954,0.35735,1.696
-0.1695,0.33295,1.6897
-0.16943,0.31435,1.6895
-0.16883,0.29009,1.681
-0.1681,0.27171,1.6759
-0.16784,0.24668,1.671
-0.16754,0.22948,1.6693
-0.16789,0.20621,1.6732
-0.16808,0.18909,1.6748
-0.16818,0.16508,1.6773
-0.16821,0.14748,1.6753
-0.16839,0.12369,1.6766
-0.16845,0.10637,1.6766
-0.16846,0.082398,1.6763
-0.16842,0.065023,1.6753
-0.16826,0.04099,1.6744
-0.16814,0.02365,1.6749
-0.16814,-0.00031107,1.6734
-0.16817,-0.017692,1.6749
-0.16898,-0.041829,1.68
-0.16921,-0.059394,1.6813
-0.16991,-0.083763,1.6867
-0.17099,-0.10183,1.7
-0.17115,-0.12694,1.7046
-0.172,-0.14477,1.7114
-0.17229,-0.16991,1.7152
-0.17211,-0.18753,1.7134
-0.16949,-0.2088,1.6852
-0.15819,-0.21116,1.5722
-0.13739,-0.20205,1.3641
-0.13227,-0.20917,1.3167
-0.13151,-0.22643,1.3055
-0.13065,-0.23899,1.3009
-0.12977,-0.25549,1.2914
-0.12899,-0.26704,1.2827
-0.1283,-0.28387,1.2757
-0.12731,-0.29523,1.2665
-0.12645,-0.31128,1.2552
-0.12566,-0.32256,1.2512
-0.12499,-0.33829,1.2449
-0.12446,-0.34972,1.2385
-0.12354,-0.36543,1.231
-0.12302,-0.37638,1.2261
-0.12231,-0.39161,1.2171
-0.12138,-0.40157,1.2104
-0.12052,-0.41612,1.1996
-0.1197,-0.42566,1.1924
-0.11899,-0.44064,1.1851
-0.11799,-0.44975,1.1749
-0.11718,-0.46215,1.1655
-0.18472,0.63566,1.6432
-0.12277,0.40553,1.0825
-0.1157,0.3734,1.0355
-0.11624,0.35971,1.0386
-0.11776,0.35494,1.047
-0.11996,0.34456,1.0618
-0.17317,0.47698,1.5395
-0.19075,0.50329,1.7049
-0.19131,0.48702,1.7096
-0.19151,0.46148,1.7038
-0.19136,0.44348,1.7008
-0.19084,0.41899,1.7017
-0.19107,0.40086,1.6995
-0.19047,0.37554,1.6958
-0.19062,0.35789,1.6967
-0.19022,0.33291,1.6901
-0.1898,0.31539,1.6878
-0.18918,0.2903,1.684
-0.18898,0.27243,1.6798
-0.18834,0.24757,1.6727
-0.1881,0.22946,1.6713
-0.18872,0.20643,1.6748
-0.18846,0.18926,1.6748
-0.1887,0.16515,1.6773
-0.18894,0.14804,1.6789
-0.18907,0.12404,1.6803
-0.18921,0.10674,1.6815
-0.18933,0.082748,1.6828
-0.18943,0.065386,1.6846
-0.1899,0.041346,1.688
-0.19044,0.023866,1.6885
-0.1907,-0.00032422,1.6933
-0.19071,-0.017873,1.6946
-0.19126,-0.042255,1.6985
-0.19155,-0.059913,1.7015
-0.19205,-0.084561,1.7054
-0.19268,-0.10249,1.7095
-0.19265,-0.12735,1.7157
-0.19346,-0.14539,1.7176
-0.19364,-0.17037,1.7184
-0.19343,-0.18804,1.718
-0.19227,-0.21169,1.7119
-0.17878,-0.21288,1.5858
-0.15449,-0.20351,1.3774
-0.14855,-0.20941,1.3185
-0.14745,-0.22691,1.311
-0.14648,-0.23897,1.3011
-0.14582,-0.25637,1.2956
-0.14471,-0.26758,1.2855
-0.14386,-0.28404,1.2773
-0.14298,-0.29602,1.2682
-0.14183,-0.31151,1.2609
-0.14107,-0.32318,1.2506
-0.14003,-0.33858,1.2451
-0.13952,-0.34987,1.2408
-0.13863,-0.36552,1.2323
-0.13793,-0.37631,1.2261
-0.13691,-0.39184,1.2169
-0.13614,-0.40201,1.2097
-0.13502,-0.41625,1.2019
-0.13416,-0.42556,1.1942
-0.13327,-0.44014,1.1838
-0.1322,-0.44948,1.1763
-0.13121,-0.46311,1.1678
-0.20589,0.63538,1.6564
-0.13675,0.41107,1.0962
-0.12767,0.36839,1.0315
-0.12821,0.35531,1.036
-0.12909,0.35214,1.046
-0.1327,0.3441,1.0654
-0.18526,0.46417,1.4918
-0.21141,0.50267,1.7017
-0.21202,0.48642,1.7063
-0.2122,0.46215,1.7049
-0.21185,0.44412,1.702
-0.21143,0.41847,1.7011
-0.21155,0.40071,1.7012
-0.21077,0.37631,1.6946
-0.21087,0.35765,1.6952
-0.2109,0.33351,1.6908
-0.21017,0.31537,1.6904
-0.2102,0.29093,1.6881
-0.2095,0.27247,1.683
-0.20899,0.24788,1.6802
-0.2086,0.23022,1.6728
-0.20962,0.20699,1.6792
-0.2094,0.1896,1.679
-0.20969,0.16581,1.6815
-0.2099,0.14802,1.6826
-0.21008,0.12414,1.6823
-0.21007,0.1069,1.6834
-0.21026,0.082948,1.6875
-0.21045,0.065593,1.6894
-0.21133,0.041483,1.6933
-0.21157,0.023925,1.6958
-0.21161,-0.00033682,1.6982
-0.21185,-0.017959,1.7021
-0.21254,-0.042409,1.7042
-0.21273,-0.060233,1.7057
-0.21319,-0.084686,1.7108
-0.21351,-0.10296,1.7149
-0.21428,-0.12753,1.7171
-0.21491,-0.14592,1.7196
-0.21497,-0.17048,1.7249
-0.21475,-0.18816,1.7232
-0.21357,-0.2122,1.7141
-0.1992,-0.21375,1.5948
-0.17186,-0.20441,1.376
-0.16448,-0.20955,1.3193
-0.16364,-0.22717,1.3102
-0.16257,-0.23906,1.3019
-0.16149,-0.25633,1.2959
-0.16062,-0.26782,1.2845
-0.15925,-0.2846,1.2766
-0.15839,-0.29616,1.2722
-0.15739,-0.31268,1.2622
-0.15623,-0.32332,1.2562
-0.15539,-0.33948,1.2446
-0.15468,-0.35053,1.2401
-0.15371,-0.36578,1.234
-0.15267,-0.3766,1.2252
-0.15186,-0.39134,1.2164
-0.15062,-0.40162,1.2088
-0.14966,-0.41694,1.202
-0.1488,-0.42585,1.1932
-0.14746,-0.43972,1.1835
-0.14635,-0.44909,1.1772
-0.14552,-0.46359,1.1692
-0.22643,0.64096,1.6682
-0.15424,0.41707,1.1042
-0.14016,0.36786,1.0364
-0.14054,0.3548,1.0384
-0.14192,0.35217,1.051
-0.147,0.34572,1.0787
-0.19801,0.44446,1.4422
-0.23184,0.50264,1.701
-0.2325,0.48639,1.7064
-0.23302,0.46224,1.7058
-0.23301,0.44435,1.7041
-0.23213,0.41893,1.7003
-0.23185,0.40076,1.7004
-0.23138,0.37604,1.7014
-0.23138,0.3583,1.694
-0.23152,0.33387,1.6933
-0.23112,0.31532,1.6912
-0.23065,0.29131,1.6897
-0.23003,0.27279,1.687
-0.22958,0.24797,1.6806
-0.22926,0.23047,1.68
-0.23038,0.20714,1.6844
-0.23067,0.18968,1.6853
-0.23057,0.16587,1.6842
-0.23081,0.14857,1.6858
-0.231,0.12464,1.6879
-0.23105,0.10727,1.689
-0.23126,0.083158,1.692
-0.23143,0.065699,1.6923
-0.23181,0.041487,1.6935
-0.23209,0.023925,1.6976
-0.23291,-0.00035023,1.7032
-0.23322,-0.018014,1.7038
-0.23358,-0.042479,1.7085
-0.23378,-0.06027,1.7092
-0.23446,-0.085082,1.7132
-0.23491,-0.10299,1.7161
-0.23551,-0.12794,1.7183
-0.23599,-0.14592,1.7244
-0.23597,-0.17112,1.7252
-0.23573,-0.18887,1.7234
-0.23502,-0.21248,1.7177
-0.21983,-0.21482,1.6041
-0.18946,-0.20515,1.3839
-0.18057,-0.20978,1.3207
-0.17958,-0.22749,1.3112
-0.17821,-0.23954,1.3042
-0.17733,-0.25645,1.296
-0.17605,-0.2684,1.2878
-0.17514,-0.28464,1.2787
-0.17396,-0.29619,1.2707
-0.17271,-0.31293,1.2639
-0.17192,-0.3236,1.255
-0.17033,-0.33916,1.2466
-0.16977,-0.35075,1.24
-0.16881,-0.36643,1.2328
-0.16767,-0.37645,1.2241
-0.16655,-0.392,1.2178
-0.16546,-0.40132,1.2092
-0.1641,-0.4165,1.2003
-0.16312,-0.42622,1.1939
-0.16162,-0.43958,1.1821
-0.16089,-0.44927,1.1756
-0.15951,-0.46247,1.168
-0.24765,0.63745,1.6704
-0.17531,0.43567,1.155
-0.15305,0.36855,1.0318
-0.15276,0.35546,1.0363
-0.1547,0.35161,1.0579
-0.16144,0.3469,1.0791
-0.21521,0.44375,1.44
-0.25256,0.50205,1.7021
-0.25328,0.48581,1.7068
-0.25334,0.46206,1.7105
-0.25363,0.44496,1.7058
-0.25278,0.41879,1.7036
-0.25273,0.40148,1.6986
-0.25277,0.37674,1.701
-0.25194,0.35799,1.6982
-0.25208,0.33409,1.6953
-0.2519,0.31597,1.6921
-0.25135,0.2912,1.6923
-0.25107,0.27353,1.6852
-0.25035,0.24844,1.6864
-0.24985,0.23052,1.6802
-0.25091,0.20761,1.6891
-0.2511,0.19022,1.6892
-0.25145,0.1663,1.6875
-0.25129,0.14879,1.6882
-0.25159,0.1248,1.6909
-0.252,0.10736,1.6926
-0.25222,0.083403,1.6961
-0.25235,0.065846,1.6974
-0.25255,0.041564,1.6983
-0.25313,0.024016,1.7032
-0.25372,-0.00036425,1.7057
-0.25434,-0.018083,1.7071
-0.25493,-0.042682,1.7127
-0.25534,-0.060449,1.7127
-0.25538,-0.085108,1.7159
-0.25633,-0.10312,1.7195
-0.25662,-0.12808,1.7229
-0.25734,-0.14632,1.7296
-0.25763,-0.17131,1.7308
-0.25736,-0.18908,1.729
-0.25636,-0.21303,1.7232
-0.2408,-0.21573,1.6144
-0.20639,-0.20603,1.3868
-0.19707,-0.20991,1.3221
-0.19571,-0.22772,1.3142
-0.19475,-0.23989,1.3067
-0.19315,-0.25679,1.2971
-0.19207,-0.2683,1.2885
-0.19064,-0.28557,1.2816
-0.18963,-0.29656,1.2714
-0.18809,-0.31261,1.2644
-0.18707,-0.32381,1.2583
-0.18597,-0.33964,1.2475
-0.18457,-0.35025,1.2406
-0.18347,-0.36649,1.2316
-0.18246,-0.37659,1.2246
-0.18145,-0.39175,1.2162
-0.17993,-0.40188,1.2088
-0.17904,-0.41619,1.2008
-0.1775,-0.42588,1.1937
-0.17591,-0.43962,1.1812
-0.17496,-0.44899,1.1763
-0.17411,-0.46241,1.1677
-0.26502,0.64043,1.661
-0.20428,0.47037,1.2804
-0.16698,0.37654,1.0354
-0.16759,0.36074,1.0399
-0.17242,0.35687,1.0587
-0.20481,0.40445,1.2595
-0.2605,0.49904,1.6167
-0.27336,0.5029,1.7056
-0.27414,0.48651,1.7083
-0.27368,0.46254,1.7083
-0.27417,0.44431,1.707
-0.27392,0.41987,1.7065
-0.27346,0.40088,1.7034
-0.27309,0.37691,1.7008
-0.27245,0.35873,1.6982
-0.27272,0.33409,1.6994
-0.27261,0.31611,1.695
-0.27258,0.29158,1.693
-0.27174,0.27319,1.6919
-0.27117,0.24918,1.6857
-0.2706,0.23093,1.6858
-0.27197,0.20814,1.6926
-0.27195,0.19062,1.6902
-0.27214,0.1665,1.6914
-0.27198,0.14909,1.6916
-0.27231,0.12506,1.6935
-0.27257,0.10758,1.6982
-0.27343,0.083381,1.6998
-0.27357,0.065825,1.7012
-0.27406,0.041623,1.7036
-0.27413,0.024058,1.7052
-0.2748,-0.0003801,1.7071
-0.27567,-0.018133,1.7116
-0.27587,-0.042657,1.7121
-0.27593,-0.060495,1.7169
-0.27705,-0.08518,1.7189
-0.2772,-0.10338,1.7233
-0.27794,-0.1283,1.7286
-0.27839,-0.14653,1.7321
-0.27854,-0.17126,1.7315
-0.27825,-0.18902,1.7281
-0.27739,-0.21336,1.7231
-0.26001,-0.21744,1.6183
-0.22354,-0.20583,1.3868
-0.21302,-0.21032,1.3238
-0.21185,-0.22793,1.3143
-0.21035,-0.23997,1.3074
-0.20945,-0.25728,1.2973
-0.20762,-0.26926,1.2916
-0.20662,-0.28534,1.2817
-0.2047,-0.2964,1.2726
-0.20394,-0.31305,1.2648
-0.2021,-0.32414,1.2581
-0.20108,-0.33949,1.2489
-0.19987,-0.35055,1.2409
-0.19821,-0.36602,1.2313
-0.19712,-0.37597,1.2263
-0.19589,-0.3913,1.2177
-0.19494,-0.40137,1.2103
-0.19338,-0.41638,1.1997
-0.192,-0.42596,1.1947
-0.19009,-0.43924,1.1828
-0.18918,-0.44938,1.1745
-0.18811,-0.46295,1.1689
-0.27939,0.63017,1.6236
-0.21927,0.46953,1.2782
-0.1833,0.3785,1.0393
-0.18413,0.3661,1.0438
-0.18982,0.36916,1.0998
-0.26728,0.4925,1.5455
-0.29144,0.52417,1.6993
-0.29476,0.50455,1.7066
-0.29458,0.48684,1.7103
-0.29531,0.46272,1.7103
-0.29425,0.44406,1.7079
-0.29459,0.41991,1.7039
-0.29451,0.40211,1.7031
-0.29415,0.37678,1.7005
-0.29369,0.35911,1.7011
-0.29321,0.33474,1.6996
-0.29332,0.31651,1.6936
-0.29328,0.29184,1.6959
-0.29288,0.27366,1.6924
-0.29199,0.24912,1.6909
-0.29141,0.23158,1.6907
-0.29226,0.20848,1.6941
-0.29262,0.1909,1.695
-0.29307,0.16694,1.6968
-0.29336,0.14949,1.6984
-0.29372,0.12536,1.7007
-0.29398,0.10784,1.7025
-0.29447,0.083489,1.7038
-0.29489,0.066017,1.7054
-0.29523,0.04166,1.7076
-0.29589,0.024067,1.7121
-0.29656,-0.00039676,1.7151
-0.29665,-0.018171,1.7153
-0.29732,-0.042739,1.7183
-0.29751,-0.060628,1.7178
-0.2977,-0.085389,1.7215
-0.29877,-0.10346,1.727
-0.29932,-0.1286,1.7317
-0.29976,-0.1465,1.7322
-0.29943,-0.17167,1.7326
-0.29909,-0.18918,1.7308
-0.29804,-0.21341,1.7241
-0.27979,-0.21707,1.6194
-0.2399,-0.20654,1.3842
-0.2293,-0.21023,1.3239
-0.22786,-0.22818,1.3164
-0.22612,-0.23974,1.3095
-0.22511,-0.25744,1.2965
-0.22329,-0.26903,1.2904
-0.2221,-0.28547,1.2834
-0.22044,-0.29704,1.2732
-0.21893,-0.31302,1.265
-0.21758,-0.32413,1.2584
-0.21594,-0.33945,1.2476
-0.21497,-0.35079,1.2426
-0.21346,-0.36612,1.2322
-0.2121,-0.37646,1.225
-0.21035,-0.39125,1.219
-0.20927,-0.40082,1.2097
-0.20765,-0.41619,1.2025
-0.20645,-0.42525,1.1929
-0.20461,-0.43921,1.1835
-0.20334,-0.44881,1.175
-0.2022,-0.46353,1.1669
-0.2763,0.58097,1.5038
-0.19528,0.38861,1.0568
-0.19575,0.37777,1.0374
-0.20079,0.37445,1.0864
-0.20356,0.36924,1.1016
-0.29585,0.51111,1.6004
-0.31408,0.52588,1.6993
-0.31549,0.50392,1.7069
-0.31564,0.48724,1.7083
-0.31619,0.46319,1.7107
-0.31573,0.44487,1.705
-0.31542,0.41958,1.7065
-0.31482,0.4019,1.7024
-0.31428,0.37766,1.7035
-0.31431,0.35911,1.6997
-0.31341,0.33493,1.7019
-0.31367,0.3169,1.6989
-0.31397,0.29242,1.6952
-0.31351,0.27416,1.6952
-0.31309,0.24954,1.6912
-0.3122,0.23213,1.6898
-0.31408,0.20857,1.6959
-0.31414,0.19119,1.6954
-0.31462,0.16718,1.6978
-0.31463,0.14969,1.699
-0.3146,0.12559,1.7009
-0.31484,0.10809,1.702
-0.31576,0.08377,1.7052
-0.3162,0.066125,1.7065
-0.31672,0.041812,1.7123
-0.31705,0.024095,1.7126
-0.31783,-0.00041502,1.7134
-0.31785,-0.01822,1.7166
-0.31808,-0.042805,1.7207
-0.31806,-0.060705,1.7217
-0.31956,-0.085514,1.7249
-0.31983,-0.10371,1.7293
-0.3206,-0.12859,1.7314
-0.32054,-0.1469,1.7328
-0.32139,-0.17184,1.7357
-0.32082,-0.18933,1.7321
-0.31885,-0.21319,1.7288
-0.30056,-0.21758,1.6239
-0.25855,-0.20612,1.3933
-0.24525,-0.20999,1.3235
-0.24381,-0.22793,1.3177
-0.2417,-0.2399,1.3072
-0.2408,-0.25717,1.3013
-0.2391,-0.26857,1.2903
-0.23719,-0.28556,1.2838
-0.23613,-0.29719,1.2747
-0.23452,-0.31304,1.266
-0.23305,-0.32425,1.258
-0.23119,-0.33961,1.2482
-0.22985,-0.35045,1.2416
-0.2286,-0.36583,1.2352
-0.22721,-0.37715,1.224
-0.22513,-0.39135,1.2174
-0.22395,-0.40122,1.2097
-0.22247,-0.41559,1.2022
-0.22062,-0.42522,1.1934
-0.21909,-0.43887,1.1817
-0.21778,-0.44885,1.1747
-0.21688,-0.4619,1.1672
-0.24654,0.47175,1.2233
-0.20745,0.3866,1.0321
-0.20583,0.37297,1.0354
-0.21009,0.36955,1.0823
-0.21643,0.36848,1.0994
-0.30385,0.49599,1.5417
-0.33392,0.52512,1.6963
-0.33572,0.50339,1.7044
-0.33594,0.48656,1.7069
-0.33623,0.46253,1.708
-0.3363,0.44425,1.7081
-0.33589,0.41967,1.7045
-0.33597,0.402,1.7045
-0.33537,0.37741,1.7007
-0.33479,0.35911,1.7022
-0.33554,0.33507,1.7016
-0.3338,0.31701,1.7013
-0.33444,0.29269,1.7
-0.33394,0.27439,1.6934
-0.33386,0.24993,1.6968
-0.33329,0.23194,1.6899
-0.33497,0.20873,1.6999
-0.33515,0.1914,1.7011
-0.33549,0.16717,1.7028
-0.33567,0.14972,1.7009
-0.33607,0.1256,1.7026
-0.33629,0.10806,1.7039
-0.33658,0.083755,1.7087
-0.33733,0.06614,1.7106
-0.33772,0.041793,1.7128
-0.33796,0.024114,1.7147
-0.33822,-0.00043355,1.7187
-0.33918,-0.018269,1.7196
-0.33913,-0.04292,1.7194
-0.33996,-0.06087,1.7256
-0.34074,-0.085664,1.7269
-0.34133,-0.10389,1.7301
-0.34141,-0.12892,1.7306
-0.34259,-0.14684,1.7349
-0.34218,-0.17176,1.7351
-0.34183,-0.18957,1.7333
-0.34047,-0.21356,1.7254
-0.3215,-0.21833,1.6305
-0.27516,-0.20629,1.3971
-0.2612,-0.21016,1.3228
-0.2599,-0.22778,1.3173
-0.25783,-0.2402,1.3075
-0.25627,-0.25697,1.3001
-0.25429,-0.26843,1.289
-0.25278,-0.28504,1.2836
-0.2514,-0.29692,1.2728
-0.24993,-0.31379,1.2652
-0.24807,-0.32392,1.2599
-0.24644,-0.34007,1.2502
-0.24486,-0.3507,1.2414
-0.24335,-0.36608,1.2335
-0.24174,-0.37719,1.2261
-0.24048,-0.39137,1.2163
-0.23837,-0.402,1.211
-0.23674,-0.41576,1.2003
-0.23483,-0.42446,1.1923
-0.23319,-0.43865,1.1817
-0.23186,-0.44828,1.1754
-0.23075,-0.46156,1.1684
-0.22385,0.40442,1.0752
-0.20912,0.37687,0.98622
-0.20982,0.3694,1.005
-0.21898,0.35981,1.0529
-0.22695,0.36444,1.0852
-0.31287,0.47602,1.486
-0.34571,0.51004,1.6513
-0.35478,0.50177,1.6987
-0.35467,0.48415,1.6984
-0.35597,0.45969,1.7034
-0.35469,0.44318,1.6982
-0.35525,0.41774,1.7007
-0.35442,0.40107,1.6965
-0.35513,0.37652,1.7003
-0.35513,0.35914,1.6997
-0.35571,0.33544,1.7036
-0.35536,0.31735,1.7002
-0.35462,0.29294,1.7008
-0.3543,0.2749,1.6941
-0.35436,0.25037,1.6948
-0.35401,0.2328,1.6971
-0.35588,0.20923,1.7018
-0.3555,0.1918,1.7038
-0.35637,0.16755,1.7062
-0.35672,0.15006,1.7073
-0.35714,0.12583,1.7092
-0.35787,0.10818,1.7095
-0.35817,0.083906,1.7127
-0.35835,0.066224,1.7135
-0.35876,0.041859,1.7156
-0.35908,0.02411,1.7167
-0.35976,-0.00045396,1.7202
-0.36008,-0.018287,1.7225
-0.36074,-0.042984,1.7228
-0.36121,-0.060922,1.7269
-0.36198,-0.085795,1.7278
-0.36259,-0.10393,1.7306
-0.36325,-0.12878,1.7366
-0.36399,-0.14699,1.736
-0.36376,-0.17192,1.7385
-0.3634,-0.18975,1.7352
-0.3614,-0.21378,1.7265
-0.34157,-0.21978,1.6353
-0.29252,-0.20777,1.3987
-0.27727,-0.21023,1.3208
-0.27542,-0.22778,1.315
-0.27364,-0.23999,1.3077
-0.27217,-0.25686,1.2978
-0.27015,-0.26912,1.29
-0.26839,-0.28524,1.2811
-0.2666,-0.29694,1.2728
-0.26498,-0.31323,1.2651
-0.26342,-0.32462,1.2574
-0.26153,-0.33968,1.2498
-0.25993,-0.35119,1.2417
-0.25829,-0.36617,1.2334
-0.25679,-0.37639,1.2261
-0.2548,-0.39185,1.2167
-0.25289,-0.40191,1.2091
-0.25115,-0.41616,1.1997
-0.24968,-0.42513,1.194
-0.24733,-0.4386,1.1814
-0.2459,-0.44796,1.1745
-0.24458,-0.46204,1.1676
-0.22037,0.37468,0.97275
-0.22072,0.36556,0.98269
-0.22145,0.3619,0.98719
-0.23004,0.35809,1.0366
-0.23558,0.35794,1.0705
-0.27916,0.4039,1.2681
-0.33117,0.46088,1.4869
-0.36629,0.48724,1.6533
-0.36637,0.4735,1.6582
-0.36895,0.45149,1.6655
-0.36999,0.43649,1.6774
-0.37131,0.41392,1.6851
-0.37345,0.39819,1.6911
-0.37467,0.3752,1.6961
-0.37465,0.35791,1.695
-0.37535,0.3341,1.6971
-0.37458,0.31656,1.6962
-0.37535,0.29256,1.7002
-0.37481,0.27492,1.6994
-0.37533,0.25016,1.6974
-0.37522,0.23267,1.6948
-0.37656,0.20907,1.702
-0.37677,0.19181,1.7038
-0.37736,0.16773,1.7062
-0.37773,0.1502,1.7053
-0.37828,0.12595,1.7091
-0.37863,0.10844,1.7103
-0.37908,0.084057,1.7117
-0.37952,0.066339,1.7162
-0.38002,0.04187,1.7169
-0.38133,0.024147,1.7211
-0.38167,-0.00047637,1.7236
-0.38182,-0.018346,1.7236
-0.38211,-0.043029,1.7248
-0.38216,-0.061053,1.7283
-0.38287,-0.085922,1.7303
-0.3837,-0.10425,1.7356
-0.38439,-0.12907,1.7349
-0.38474,-0.14702,1.7383
-0.38447,-0.17211,1.7362
-0.38409,-0.18995,1.7329
-0.38284,-0.21407,1.7282
-0.36277,-0.21956,1.6447
-0.31072,-0.20815,1.403
-0.29348,-0.21014,1.3244
-0.29161,-0.2278,1.314
-0.28888,-0.23965,1.3073
-0.28762,-0.25712,1.2986
-0.28524,-0.26869,1.291
-0.28382,-0.2848,1.2813
-0.28205,-0.29675,1.2728
-0.28039,-0.31296,1.2652
-0.27874,-0.32486,1.2588
-0.27699,-0.34073,1.2499
-0.27513,-0.35081,1.2405
-0.27292,-0.36606,1.2343
-0.27173,-0.37649,1.2248
-0.26957,-0.39152,1.216
-0.26809,-0.40208,1.2102
-0.26549,-0.41624,1.2007
-0.264,-0.42497,1.1924
-0.26232,-0.43875,1.1844
-0.26028,-0.44843,1.1728
-0.25946,-0.46196,1.1665
-0.21806,0.37072,0.96171
-0.22798,0.36151,0.96602
-0.23279,0.35562,0.98409
-0.23382,0.34295,1.0006
-0.24279,0.34842,1.0373
-0.2594,0.3592,1.1128
-0.30819,0.41201,1.314
-0.32668,0.40755,1.3789
-0.31086,0.38136,1.3389
-0.30477,0.34913,1.3049
-0.30503,0.33663,1.3016
-0.30605,0.32112,1.3057
-0.32602,0.32569,1.3892
-0.34617,0.33054,1.486
-0.37246,0.33658,1.5963
-0.38659,0.32524,1.649
-0.3931,0.31513,1.6903
-0.39407,0.29169,1.6942
-0.39326,0.27249,1.6846
-0.3948,0.24949,1.6931
-0.39537,0.23232,1.6954
-0.3974,0.20972,1.7039
-0.39811,0.1923,1.7058
-0.39885,0.16808,1.7098
-0.39909,0.15044,1.7113
-0.3997,0.12614,1.7134
-0.39969,0.10841,1.715
-0.40067,0.084146,1.7171
-0.40087,0.066439,1.7181
-0.40172,0.041999,1.7213
-0.40182,0.024174,1.7239
-0.40222,-0.00049854,1.7251
-0.40304,-0.018394,1.7259
-0.40316,-0.04319,1.7275
-0.4038,-0.061183,1.7321
-0.40473,-0.08611,1.7329
-0.40579,-0.10418,1.7322
-0.40591,-0.12918,1.7384
-0.40572,-0.14728,1.74
-0.40564,-0.17216,1.7379
-0.40517,-0.19001,1.7362
-0.40338,-0.21396,1.7256
-0.38544,-0.22166,1.649
-0.32865,-0.20926,1.4084
-0.30901,-0.21045,1.3236
-0.30675,-0.22797,1.3134
-0.30484,-0.23917,1.3055
-0.30297,-0.25686,1.296
-0.30135,-0.26839,1.2894
-0.29906,-0.28526,1.2827
-0.29727,-0.29661,1.2724
-0.29503,-0.31318,1.2655
-0.29379,-0.32413,1.2576
-0.29152,-0.34011,1.2489
-0.29023,-0.35098,1.242
-0.28765,-0.36595,1.2327
-0.28611,-0.37643,1.2237
-0.28376,-0.39144,1.2161
-0.28243,-0.40122,1.2078
-0.27966,-0.41583,1.1999
-0.2783,-0.42509,1.1919
-0.27635,-0.43897,1.1819
-0.27398,-0.44771,1.1713
-0.2727,-0.46243,1.1654
-0.23811,0.36988,0.95464
-0.23012,0.35309,0.95675
-0.22885,0.33493,0.94327
-0.23499,0.32162,0.94532
-0.23767,0.31586,0.94814
-0.26019,0.33689,1.0622
-0.29116,0.36818,1.1923
-0.31128,0.37471,1.2702
-0.31824,0.36529,1.297
-0.31919,0.34782,1.2857
-0.30125,0.3273,1.2454
-0.30226,0.30877,1.2494
-0.31196,0.29799,1.2715
-0.31409,0.28228,1.2795
-0.31537,0.27054,1.2799
-0.31889,0.25729,1.2937
-0.34346,0.25849,1.3893
-0.37708,0.26606,1.5515
-0.40728,0.26906,1.6612
-0.41111,0.24633,1.6743
-0.41477,0.23223,1.6882
-0.41714,0.20914,1.7004
-0.4181,0.19201,1.7038
-0.41994,0.1681,1.7093
-0.42013,0.15034,1.7108
-0.42113,0.12624,1.7129
-0.42147,0.10856,1.7169
-0.42213,0.084152,1.7186
-0.42239,0.066434,1.7197
-0.42272,0.042005,1.7204
-0.42314,0.02415,1.7227
-0.42354,-0.00052231,1.7244
-0.42357,-0.018415,1.7283
-0.42474,-0.043244,1.7309
-0.42604,-0.061276,1.7354
-0.42597,-0.086209,1.7346
-0.42622,-0.10419,1.7382
-0.42628,-0.12914,1.7379
-0.4269,-0.14733,1.7376
-0.42664,-0.17212,1.7407
-0.42622,-0.19014,1.739
-0.42433,-0.21408,1.7293
-0.40753,-0.22187,1.66
-0.34911,-0.21119,1.4227
-0.32649,-0.21097,1.3281
-0.32289,-0.22772,1.3164
-0.32121,-0.24018,1.3065
-0.31888,-0.25653,1.2988
-0.31669,-0.26913,1.2895
-0.31437,-0.28484,1.2808
-0.31295,-0.29717,1.2706
-0.31085,-0.31295,1.2647
-0.3088,-0.32453,1.2591
-0.30709,-0.34009,1.2497
-0.30494,-0.35105,1.242
-0.30265,-0.36632,1.233
-0.30095,-0.3758,1.2257
-0.29875,-0.39077,1.2143
-0.29637,-0.40112,1.2088
-0.29482,-0.41571,1.1994
-0.29251,-0.42515,1.192
-0.29022,-0.43874,1.1815
-0.2876,-0.44737,1.1729
-0.28575,-0.4612,1.1631
-0.23975,0.35642,0.91279
-0.23749,0.34259,0.91838
-0.23596,0.32809,0.92125
-0.24056,0.31691,0.93153
-0.24204,0.30833,0.93428
-0.24975,0.3083,0.96185
-0.29802,0.36479,1.1633
-0.32421,0.37148,1.2604
-0.33302,0.36429,1.2936
-0.31193,0.32444,1.2147
-0.31211,0.31139,1.2173
-0.28553,0.27244,1.1161
-0.31655,0.29204,1.2424
-0.32741,0.27854,1.2592
-0.32857,0.26857,1.267
-0.33304,0.25581,1.2874
-0.33429,0.24352,1.2924
-0.33928,0.22821,1.3168
-0.34747,0.21528,1.3356
-0.36749,0.20973,1.4196
-0.42416,0.227,1.6548
-0.43473,0.2078,1.6863
-0.43743,0.19169,1.701
-0.43973,0.16781,1.7086
-0.44036,0.15028,1.7104
-0.441,0.12642,1.7147
-0.44132,0.10876,1.7174
-0.44304,0.084256,1.721
-0.44262,0.06655,1.7211
-0.44313,0.041948,1.7222
-0.44307,0.024108,1.7225
-0.44428,-0.00054703,1.727
-0.44562,-0.018456,1.7275
-0.44644,-0.043281,1.7321
-0.44731,-0.061272,1.7327
-0.44714,-0.086138,1.7376
-0.44725,-0.10432,1.7391
-0.44797,-0.12917,1.7404
-0.44787,-0.14733,1.739
-0.44817,-0.17246,1.7387
-0.44865,-0.19033,1.7401
-0.44797,-0.21463,1.7374
-0.44153,-0.23039,1.7144
-0.4222,-0.24327,1.6394
-0.36472,-0.22501,1.4167
-0.34086,-0.22888,1.3215
-0.33726,-0.2403,1.3105
-0.33576,-0.2576,1.2996
-0.33326,-0.26876,1.2936
-0.33044,-0.28608,1.283
-0.32824,-0.29671,1.2744
-0.32645,-0.31379,1.2633
-0.32451,-0.32447,1.2584
-0.32204,-0.34055,1.2509
-0.3198,-0.35097,1.2419
-0.31771,-0.36592,1.234
-0.31585,-0.37633,1.2245
-0.31313,-0.39049,1.2127
-0.31063,-0.40119,1.2076
-0.30859,-0.41536,1.1987
-0.30758,-0.42423,1.1912
-0.30479,-0.4387,1.1808
-0.30212,-0.44803,1.1719
-0.29961,-0.46051,1.1636
-0.23595,0.33329,0.87679
-0.23703,0.33062,0.89745
-0.24362,0.32237,0.90702
-0.24614,0.31551,0.91445
-0.25194,0.30696,0.91793
-0.25563,0.2971,0.93933
-0.31115,0.36377,1.1602
-0.33849,0.37043,1.257
-0.33939,0.3584,1.2602
-0.32686,0.32708,1.2136
-0.32583,0.31049,1.2139
-0.29808,0.27165,1.113
-0.29876,0.25548,1.0767
-0.31951,0.26409,1.1913
-0.33634,0.26282,1.2565
-0.34541,0.25032,1.2761
-0.34474,0.23483,1.2741
-0.34558,0.21736,1.2759
-0.33942,0.20449,1.2677
-0.34013,0.18682,1.2703
-0.35026,0.17789,1.292
-0.38201,0.17459,1.42
-0.44907,0.18741,1.6673
-0.45898,0.16742,1.7048
-0.45983,0.15031,1.7078
-0.46223,0.12638,1.7178
-0.46248,0.10863,1.7189
-0.46425,0.08415,1.7233
-0.46471,0.066478,1.7207
-0.46533,0.041909,1.7262
-0.46578,0.024104,1.7265
-0.46674,-0.00057265,1.7287
-0.46677,-0.018515,1.7333
-0.46739,-0.043339,1.734
-0.46732,-0.061386,1.7335
-0.4682,-0.086218,1.7364
-0.46834,-0.10415,1.7382
-0.46868,-0.12935,1.7391
-0.46911,-0.14751,1.7414
-0.46985,-0.17262,1.7432
-0.46946,-0.19082,1.7421
-0.46876,-0.21547,1.7409
-0.4679,-0.23258,1.7319
-0.46003,-0.25381,1.7062
-0.44007,-0.25916,1.6323
-0.42055,-0.26924,1.5518
-0.39434,-0.26952,1.4616
-0.38114,-0.27912,1.413
-0.36759,-0.28314,1.3647
-0.35864,-0.29618,1.3329
-0.35153,-0.30433,1.2997
-0.34651,-0.31807,1.2843
-0.34248,-0.3273,1.2752
-0.34,-0.34276,1.2597
-0.33596,-0.3519,1.2453
-0.33267,-0.36716,1.2341
-0.33104,-0.37668,1.228
-0.32884,-0.39133,1.2165
-0.32668,-0.40121,1.207
-0.32299,-0.41578,1.1995
-0.32184,-0.42571,1.1918
-0.31976,-0.43824,1.1843
-0.31815,-0.44836,1.1734
-0.31402,-0.46169,1.1662
-0.24199,0.33078,0.85124
-0.23794,0.31981,0.86895
-0.25384,0.31818,0.90815
-0.25646,0.30414,0.88458
-0.25664,0.30731,0.90078
-0.26633,0.29324,0.91948
-0.36025,0.39906,1.277
-0.37652,0.38996,1.3299
-0.39143,0.39357,1.4088
-0.34566,0.33451,1.2339
-0.34136,0.3144,1.213
-0.32304,0.28258,1.1467
-0.28735,0.23534,1.0094
-0.27241,0.2196,0.95994
-0.30771,0.22534,1.0762
-0.31183,0.21685,1.0916
-0.32571,0.21592,1.1318
-0.32702,0.19767,1.1436
-0.29899,0.17671,1.0716
-0.31544,0.16337,1.1345
-0.32207,0.15632,1.1203
-0.32321,0.13864,1.1261
-0.36318,0.14414,1.2561
-0.45088,0.15772,1.605
-0.4822,0.15046,1.7145
-0.4836,0.12614,1.7136
-0.48457,0.10856,1.7192
-0.48457,0.084216,1.718
-0.48458,0.066578,1.7227
-0.48533,0.042016,1.7242
-0.48716,0.024142,1.7272
-0.48798,-0.00060004,1.7297
-0.48745,-0.01855,1.7339
-0.48755,-0.043306,1.7352
-0.48935,-0.061424,1.7323
-0.4881,-0.085941,1.7338
-0.48906,-0.10444,1.7364
-0.48968,-0.12944,1.7392
-0.49069,-0.14748,1.7432
-0.49078,-0.17278,1.7385
-0.49087,-0.19066,1.7408
-0.49081,-0.21584,1.7453
-0.49017,-0.23388,1.7464
-0.49192,-0.25847,1.744
-0.49198,-0.27684,1.7425
-0.49077,-0.30152,1.7467
-0.49098,-0.31916,1.7394
-0.49089,-0.34425,1.7399
-0.49042,-0.36329,1.7411
-0.48592,-0.38538,1.7294
-0.47984,-0.39686,1.6955
-0.47259,-0.41482,1.6716
-0.4529,-0.414,1.6038
-0.4352,-0.41999,1.5416
-0.41029,-0.4113,1.4568
-0.39624,-0.41646,1.3997
-0.37655,-0.41136,1.3383
-0.36844,-0.41909,1.2999
-0.3589,-0.42211,1.2717
-0.35308,-0.43257,1.2472
-0.34744,-0.44109,1.2379
-0.34581,-0.45418,1.2219
-0.33817,-0.45919,1.1991
-0.33417,-0.46957,1.1843
