0.29325,0.35961,0.93948
0.28264,0.33611,0.91682
0.29008,0.33226,0.92418
0.28473,0.31429,0.90231
0.28191,0.29973,0.90486
0.27585,0.28306,0.88407
0.2795,0.28031,0.89696
0.28469,0.26856,0.91224
0.28307,0.25675,0.9034
0.28072,0.2459,0.91123
0.28488,0.23717,0.90821
0.28193,0.22287,0.90892
0.2819,0.21211,0.89682
0.28155,0.20201,0.90946
0.29252,0.19769,0.92863
0.29425,0.18341,0.93341
0.29702,0.17668,0.94818
0.28977,0.16032,0.93417
0.28662,0.14965,0.92025
0.29325,0.13859,0.93857
0.30383,0.13419,0.98475
0.30142,0.11958,0.97191
0.30208,0.10907,0.97081
0.30379,0.095826,0.98274
0.29294,0.082442,0.93414
0.31,0.073155,0.99525
0.30241,0.061074,0.97332
0.2994,0.047073,0.96552
0.30151,0.037131,0.95608
0.2986,0.023304,0.96241
0.30033,0.013349,0.95911
0.29426,-0.00036772,0.94782
0.29297,-0.010072,0.93841
0.28911,-0.023156,0.92705
0.27576,-0.031351,0.8825
0.28184,-0.044906,0.90092
0.27156,-0.052553,0.8765
0.26722,-0.063631,0.85185
0.26051,-0.071138,0.8353
0.26133,-0.082381,0.83475
0.26074,-0.091778,0.833
0.26038,-0.10414,0.83853
0.27063,-0.11728,0.87037
0.26992,-0.12798,0.85955
0.26816,-0.1363,0.86019
0.27141,-0.15027,0.8699
0.27013,-0.15971,0.86809
0.26453,-0.16932,0.85306
0.27084,-0.18094,0.86927
0.27495,-0.19607,0.87762
0.27324,-0.20409,0.87516
0.27155,-0.21653,0.86973
0.27541,-0.2294,0.8856
0.2757,-0.24076,0.88117
0.27347,-0.24784,0.88328
0.28304,-0.26573,0.89534
0.27721,-0.27529,0.88526
0.27987,-0.28879,0.89961
0.28249,-0.29649,0.89767
0.28279,-0.31397,0.90077
0.27066,-0.30613,0.86448
0.27592,-0.32689,0.88184
0.282,-0.34126,0.90078
0.28345,-0.36356,0.90785
0.28908,0.3662,0.96612
0.28859,0.35225,0.95698
0.28947,0.34245,0.95884
0.28178,0.32135,0.94028
0.2826,0.31251,0.9404
0.28074,0.29652,0.93707
0.28022,0.28661,0.92302
0.28063,0.27332,0.92492
0.28135,0.26549,0.92878
0.28119,0.25334,0.94077
0.28298,0.24638,0.94756
0.28593,0.23361,0.95363
0.28655,0.22515,0.95726
0.28704,0.21212,0.96639
0.28605,0.20222,0.9619
0.28836,0.18903,0.9699
0.29187,0.18093,0.97161
0.29256,0.16756,0.97901
0.29673,0.1579,0.98395
0.30282,0.14834,1.0133
0.30415,0.13971,1.0225
0.31139,0.12688,1.0355
0.30941,0.11642,1.0333
0.31463,0.10297,1.0502
0.31013,0.09114,1.0356
0.30833,0.076088,1.0322
0.30833,0.06531,1.0329
0.30504,0.050101,1.0259
0.30547,0.039387,1.0126
0.30426,0.024749,1.0125
0.30568,0.01423,1.0131
0.2969,-0.0003657,0.99441
0.29689,-0.010579,0.99029
0.29587,-0.024677,0.98459
0.28521,-0.033779,0.95098
0.27745,-0.045979,0.92606
0.27227,-0.05452,0.90952
0.26639,-0.066173,0.89331
0.25945,-0.073805,0.86555
0.25844,-0.086171,0.8645
0.2582,-0.095492,0.86521
0.2618,-0.10868,0.8746
0.26711,-0.11952,0.89403
0.27106,-0.13536,0.91051
0.27755,-0.14625,0.91885
0.27757,-0.1598,0.92479
0.27757,-0.16883,0.92325
0.27795,-0.18187,0.92102
0.27973,-0.19427,0.93047
0.279,-0.20708,0.92792
0.27733,-0.21494,0.92528
0.27653,-0.22749,0.92248
0.27847,-0.23929,0.92899
0.27918,-0.25471,0.93784
0.27851,-0.26463,0.9355
0.27954,-0.27969,0.93217
0.27882,-0.28872,0.92844
0.27572,-0.29772,0.92254
0.27496,-0.30647,0.9199
0.27388,-0.31843,0.91616
0.27182,-0.32339,0.9097
0.27267,-0.33399,0.9064
0.2808,-0.35871,0.94267
0.27957,-0.37054,0.9384
0.28669,0.38258,1.0133
0.28794,0.366,0.98788
0.28686,0.35674,0.98534
0.28531,0.34115,0.98945
0.28071,0.32676,0.98378
0.28081,0.31307,0.97618
0.27944,0.30247,0.97626
0.27995,0.28256,0.9626
0.27931,0.27338,0.96363
0.28026,0.2622,0.96694
0.28097,0.25466,0.9716
0.28488,0.24576,0.9981
0.28713,0.23596,1.0003
0.28796,0.22139,0.99594
0.28861,0.21148,0.99792
0.29232,0.20058,1.0178
0.29892,0.1926,1.0385
0.29961,0.17857,1.0412
0.30009,0.16902,1.0477
0.3008,0.15467,1.0518
0.30291,0.14417,1.0535
0.31487,0.1341,1.0933
0.31523,0.12377,1.0997
0.31568,0.10821,1.1012
0.31514,0.096897,1.1022
0.30727,0.078373,1.0668
0.30748,0.067397,1.0675
0.30773,0.051936,1.0683
0.3068,0.041113,1.0733
0.30326,0.025634,1.0605
0.30406,0.014715,1.0497
0.30305,-0.00037199,1.0458
0.2983,-0.011158,1.0373
0.28683,-0.024988,0.99598
0.28483,-0.035276,0.9905
0.27647,-0.047752,0.96555
0.27123,-0.056521,0.93782
0.26586,-0.068629,0.92512
0.25974,-0.076501,0.90574
0.25944,-0.089321,0.90464
0.26021,-0.099936,0.91106
0.26411,-0.11396,0.91302
0.26934,-0.12446,0.93264
0.27253,-0.14102,0.94644
0.27544,-0.15066,0.95146
0.27487,-0.16507,0.9546
0.27481,-0.17467,0.95301
0.27943,-0.19129,0.9662
0.28257,-0.20331,0.97757
0.28183,-0.2185,0.98058
0.27866,-0.22822,0.97852
0.27673,-0.2394,0.96781
0.2758,-0.24888,0.96558
0.27492,-0.26223,0.96432
0.2845,-0.27616,0.98612
0.28352,-0.28916,0.98258
0.28278,-0.29849,0.97994
0.283,-0.31534,0.98772
0.28288,-0.32644,0.98635
0.28685,-0.34172,0.99977
0.28601,-0.35092,0.99672
0.27933,-0.36287,0.96644
0.27813,-0.36876,0.96091
0.27691,-0.37875,0.95478
0.29147,0.39982,1.0496
0.29005,0.38666,1.0498
0.29057,0.37743,1.0478
0.29249,0.3638,1.0522
0.28933,0.3524,1.0529
0.28434,0.32766,1.025
0.2838,0.31634,1.0256
0.27509,0.29522,1.0008
0.27331,0.28465,0.99803
0.27676,0.27227,1.0068
0.27785,0.26314,1.0126
0.28056,0.24969,1.0222
0.28318,0.24156,1.0252
0.28498,0.22855,1.0352
0.28655,0.22061,1.05
0.29052,0.20675,1.0531
0.29186,0.19759,1.0578
0.29254,0.18289,1.0678
0.29102,0.17207,1.0695
0.29693,0.15767,1.0717
0.30751,0.15222,1.1157
0.30915,0.13815,1.1218
0.30839,0.12667,1.1189
0.30784,0.10968,1.1173
0.31099,0.098895,1.1218
0.31134,0.082344,1.123
0.3077,0.07067,1.1124
0.30684,0.054674,1.1055
0.30781,0.043121,1.1137
0.30132,0.026719,1.0979
0.30139,0.015345,1.0981
0.29627,-0.00036253,1.0759
0.29627,-0.01148,1.0758
0.29551,-0.026826,1.0722
0.29024,-0.037139,1.0563
0.28448,-0.051608,1.0318
0.27804,-0.060344,1.0083
0.26566,-0.071695,0.96061
0.26074,-0.080086,0.94124
0.25895,-0.093508,0.93958
0.2602,-0.1033,0.93863
0.26496,-0.11725,0.95173
0.26987,-0.13013,0.98097
0.2738,-0.14763,0.9921
0.27362,-0.15772,0.99444
0.27285,-0.17158,0.99038
0.274,-0.18254,0.99061
0.27907,-0.19886,1.01
0.27966,-0.21228,1.0124
0.2848,-0.22951,1.0226
0.28422,-0.23971,1.0262
0.28187,-0.25163,1.0173
0.28125,-0.2616,1.0207
0.28427,-0.27867,1.0224
0.28358,-0.29065,1.0334
0.28263,-0.30529,1.0296
0.28179,-0.31414,1.0205
0.28355,-0.3298,1.0165
0.28232,-0.33872,1.0182
0.2812,-0.35193,1.014
0.27779,-0.35885,1.0078
0.27663,-0.37169,1.0034
0.27735,-0.38177,1.0115
0.27612,-0.39434,1.0069
0.27721,0.40342,1.048
0.28068,0.39232,1.068
0.28156,0.38261,1.0714
0.28655,0.36975,1.0847
0.28231,0.35897,1.0773
0.2823,0.34113,1.0658
0.2775,0.32449,1.0503
0.27335,0.3053,1.0327
0.2726,0.29219,1.0332
0.27354,0.27853,1.035
0.27421,0.2721,1.0375
0.27985,0.26215,1.0643
0.28228,0.2517,1.0716
0.2852,0.23783,1.0841
0.29041,0.23308,1.0962
0.29772,0.22145,1.1267
0.29826,0.21019,1.1288
0.30049,0.1967,1.1438
0.29442,0.18126,1.1206
0.30159,0.16777,1.1479
0.30257,0.15622,1.1506
0.31056,0.14419,1.1731
0.31092,0.13221,1.1745
0.30474,0.11372,1.1639
0.30502,0.10184,1.1649
0.30742,0.085689,1.1662
0.30764,0.073694,1.1667
0.30505,0.056711,1.1609
0.30412,0.044745,1.1571
0.30325,0.028213,1.1565
0.30434,0.016211,1.1567
0.30326,-0.00037385,1.1538
0.29784,-0.012008,1.1191
0.2946,-0.027778,1.1138
0.29073,-0.0389,1.1012
0.28248,-0.052816,1.0677
0.27491,-0.062778,1.0427
0.26708,-0.074958,1.014
0.26257,-0.084219,0.99856
0.26073,-0.097656,0.99116
0.26048,-0.1077,0.98791
0.26269,-0.12161,0.98637
0.2643,-0.13492,1.0082
0.27038,-0.15189,1.0221
0.27195,-0.16373,1.0282
0.27185,-0.17853,1.0268
0.27046,-0.18843,1.0242
0.27185,-0.203,1.0241
0.27649,-0.21807,1.0513
0.28421,-0.23984,1.0771
0.28516,-0.25319,1.0877
0.28432,-0.26796,1.0843
0.2836,-0.27598,1.0736
0.28269,-0.29038,1.0699
0.28462,-0.30253,1.0806
0.28469,-0.31817,1.0796
0.28905,-0.33569,1.0964
0.28909,-0.35363,1.0933
0.28828,-0.36401,1.0917
0.28652,-0.37647,1.0872
0.28567,-0.38659,1.0838
0.28334,-0.40048,1.0769
0.28245,-0.41059,1.0734
0.27972,-0.42432,1.0607
0.27713,0.42247,1.1107
0.27505,0.40208,1.0893
0.27592,0.39026,1.0927
0.27708,0.37635,1.0991
0.27788,0.36488,1.1071
0.27806,0.35071,1.1116
0.27516,0.33694,1.0865
0.26662,0.3158,1.0688
0.2671,0.29899,1.0539
0.26825,0.28502,1.0576
0.27003,0.2773,1.0735
0.2767,0.26775,1.1072
0.28258,0.26308,1.1127
0.28376,0.25113,1.1271
0.29152,0.24551,1.1473
0.30217,0.23454,1.2007
0.30272,0.22552,1.2111
0.30517,0.20875,1.2139
0.30269,0.19567,1.2066
0.30629,0.17877,1.2091
0.31581,0.17166,1.2607
0.31636,0.15405,1.2629
0.31248,0.13996,1.2484
0.30996,0.12157,1.2367
0.3025,0.10554,1.1986
0.2998,0.087267,1.1856
0.29808,0.074894,1.1871
0.29501,0.057662,1.1775
0.29617,0.045459,1.174
0.29631,0.028601,1.1745
0.2969,0.016441,1.176
0.30032,-0.00036653,1.1887
0.29721,-0.012687,1.1879
0.28817,-0.028721,1.1458
0.28536,-0.040246,1.1338
0.27907,-0.054856,1.1038
0.27366,-0.065313,1.0878
0.26571,-0.078337,1.0535
0.26122,-0.088084,1.0366
0.25859,-0.1017,1.0354
0.25756,-0.11208,1.0343
0.25718,-0.12674,1.0347
0.26096,-0.13909,1.0371
0.26284,-0.15498,1.0353
0.2633,-0.16639,1.0495
0.26275,-0.18101,1.0472
0.26294,-0.19154,1.0454
0.26496,-0.20816,1.0563
0.27359,-0.22701,1.0913
0.27826,-0.24419,1.1
0.28427,-0.26359,1.1192
0.28622,-0.28049,1.1312
0.28624,-0.29226,1.1374
0.28671,-0.30963,1.1357
0.28601,-0.32064,1.1307
0.28501,-0.33571,1.1286
0.28747,-0.35068,1.1331
0.28639,-0.36564,1.1287
0.28558,-0.37637,1.1254
0.28014,-0.38563,1.117
0.27966,-0.39144,1.1023
0.27238,-0.4017,1.0801
0.27072,-0.41162,1.0766
0.27601,-0.43505,1.0939
0.27084,0.42666,1.1223
0.27102,0.41683,1.1352
0.26921,0.40647,1.1388
0.26941,0.39079,1.1252
0.26764,0.3756,1.1246
0.26871,0.36103,1.1291
0.26817,0.35013,1.1261
0.26601,0.3292,1.1027
0.26115,0.31247,1.0894
0.26206,0.29787,1.0932
0.26756,0.28996,1.116
0.2714,0.27747,1.1335
0.27324,0.26953,1.1571
0.28002,0.26015,1.1675
0.2882,0.25733,1.2073
0.29689,0.24516,1.2448
0.30379,0.23745,1.2712
0.30682,0.2211,1.2765
0.30536,0.20724,1.2786
0.30795,0.19019,1.2814
0.3186,0.18259,1.3329
0.30611,0.15766,1.2879
0.30288,0.14215,1.2712
0.29861,0.12272,1.2536
0.29631,0.10954,1.2522
0.29664,0.091844,1.2536
0.28975,0.077063,1.221
0.28689,0.05894,1.2037
0.28626,0.046508,1.1969
0.2864,0.029253,1.1999
0.28774,0.016823,1.201
0.28831,-0.00035585,1.2055
0.28831,-0.012877,1.2055
0.2873,-0.029864,1.2014
0.28409,-0.042249,1.1962
0.28394,-0.059333,1.1955
0.27755,-0.069239,1.1637
0.2728,-0.084123,1.1313
0.26088,-0.092507,1.092
0.25959,-0.10738,1.087
0.2585,-0.1179,1.0859
0.25812,-0.13314,1.0845
0.26312,-0.14788,1.0975
0.26265,-0.16338,1.0992
0.26117,-0.1732,1.0938
0.25774,-0.18559,1.0801
0.25732,-0.19638,1.0783
0.26201,-0.21667,1.0986
0.26623,-0.23116,1.1213
0.27493,-0.25724,1.1549
0.28338,-0.27714,1.182
0.28359,-0.29329,1.1929
0.28295,-0.30477,1.1901
0.28179,-0.31627,1.1649
0.28107,-0.32752,1.162
0.28196,-0.34865,1.1741
0.2867,-0.36687,1.2
0.28562,-0.38252,1.1953
0.28369,-0.39066,1.1841
0.2751,-0.39774,1.145
0.269,-0.40057,1.1287
0.25986,-0.40267,1.0824
0.2575,-0.40722,1.0747
0.25712,-0.42476,1.0742
0.26406,0.44235,1.1481
0.26471,0.42784,1.1532
0.26555,0.41852,1.1752
0.26668,0.40193,1.1803
0.26307,0.38437,1.149
0.26084,0.36635,1.1537
0.25876,0.35198,1.1569
0.26139,0.33847,1.1454
0.25881,0.3275,1.1374
0.25994,0.31244,1.1414
0.26057,0.30125,1.1589
0.2634,0.2893,1.1673
0.2738,0.28276,1.2007
0.27949,0.27425,1.2378
0.28747,0.26898,1.2719
0.29348,0.25395,1.2986
0.29419,0.24216,1.301
0.29589,0.22416,1.305
0.2968,0.21175,1.3075
0.30554,0.19986,1.352
0.31411,0.19008,1.3827
0.30651,0.16704,1.3562
0.29166,0.14495,1.2928
0.28866,0.12498,1.2715
0.28731,0.11164,1.2637
0.28624,0.092471,1.2642
0.28466,0.079535,1.2591
0.28479,0.061629,1.2577
0.28394,0.048293,1.2418
0.28148,0.030279,1.2396
0.28154,0.017419,1.2398
0.28047,-0.00034948,1.2389
0.28356,-0.013324,1.245
0.28257,-0.030924,1.2346
0.2825,-0.043475,1.2363
0.27912,-0.060741,1.2335
0.27392,-0.072027,1.2057
0.26684,-0.087419,1.169
0.26125,-0.097804,1.1582
0.25913,-0.11196,1.1538
0.25709,-0.12337,1.1251
0.25672,-0.13953,1.1234
0.25693,-0.15191,1.1312
0.25648,-0.16783,1.1291
0.25437,-0.17784,1.1263
0.25286,-0.1927,1.1162
0.25245,-0.20471,1.1143
0.2568,-0.22394,1.1376
0.26236,-0.24104,1.1595
0.27022,-0.26592,1.1847
0.27637,-0.27955,1.1997
0.2792,-0.30325,1.229
0.28515,-0.31974,1.2417
0.28422,-0.3364,1.2361
0.27764,-0.34498,1.2277
0.27666,-0.36119,1.2232
0.27895,-0.37622,1.2352
0.2779,-0.39226,1.2303
0.27711,-0.40376,1.2267
0.2728,-0.41654,1.2087
0.26268,-0.41354,1.1628
0.24971,-0.40733,1.1008
0.24476,-0.40815,1.0724
0.23633,-0.41066,1.0441
0.2569,0.45783,1.1814
0.25766,0.44196,1.185
0.25816,0.42622,1.1821
0.25645,0.40731,1.1872
0.25609,0.39602,1.1908
0.2529,0.37734,1.1847
0.2511,0.35988,1.1721
0.25205,0.34462,1.1724
0.25117,0.33676,1.1755
0.25445,0.32105,1.1851
0.25507,0.30956,1.1912
0.26049,0.29668,1.2111
0.26471,0.29202,1.2372
0.27218,0.28225,1.2724
0.27635,0.2723,1.2918
0.28787,0.26392,1.3411
0.29013,0.25259,1.3555
0.29672,0.23615,1.375
0.2972,0.22408,1.3793
0.29873,0.20557,1.409
0.30735,0.19541,1.4343
0.29882,0.17106,1.3944
0.27673,0.14532,1.296
0.27122,0.12498,1.2657
0.27147,0.11193,1.2669
0.27452,0.093919,1.2795
0.27576,0.081354,1.2889
0.27598,0.062752,1.2812
0.27292,0.049063,1.2718
0.27306,0.030944,1.2723
0.27468,0.017793,1.2821
0.27585,-0.0003445,1.2822
0.2748,-0.013574,1.2814
0.27475,-0.03184,1.2706
0.27139,-0.044677,1.2696
0.27034,-0.062624,1.2642
0.26929,-0.074613,1.2442
0.26421,-0.090336,1.2301
0.25954,-0.10142,1.2072
0.25617,-0.11758,1.1899
0.25592,-0.12871,1.1851
0.25502,-0.14534,1.1771
0.25472,-0.15692,1.1749
0.25109,-0.17313,1.1702
0.24897,-0.18496,1.1594
0.24793,-0.19804,1.1483
0.24804,-0.21109,1.1463
0.24939,-0.23,1.1647
0.25302,-0.24431,1.1778
0.2571,-0.26654,1.2012
0.26569,-0.28721,1.2359
0.27139,-0.3129,1.2555
0.27514,-0.32961,1.2806
0.27606,-0.34918,1.2886
0.27796,-0.36613,1.2883
0.27698,-0.38333,1.2835
0.27377,-0.39237,1.28
0.27273,-0.40742,1.2678
0.27265,-0.42108,1.2759
0.26661,-0.42897,1.237
0.2492,-0.41445,1.1655
0.23317,-0.3992,1.0751
0.2252,-0.39846,1.0513
0.23062,-0.42316,1.0698
0.24477,0.46165,1.1986
0.24587,0.44652,1.2076
0.25264,0.44671,1.2471
0.25372,0.43062,1.2459
0.25448,0.41503,1.2468
0.25303,0.39646,1.247
0.25097,0.38384,1.2405
0.24614,0.35995,1.2203
0.24558,0.34485,1.2182
0.24644,0.32875,1.2225
0.24778,0.32121,1.2292
0.25058,0.30482,1.2391
0.25662,0.30078,1.2716
0.26637,0.29268,1.3167
0.27232,0.28363,1.3406
0.27993,0.2687,1.3676
0.28237,0.25844,1.3895
0.28305,0.23953,1.3992
0.28822,0.22939,1.4163
0.29351,0.21348,1.4545
0.29691,0.20256,1.4746
0.29532,0.17975,1.4599
0.26318,0.14605,1.3046
0.25907,0.1258,1.28
0.25976,0.11308,1.2897
0.26627,0.096607,1.3159
0.26805,0.083982,1.3247
0.26939,0.065869,1.3463
0.26839,0.050839,1.3195
0.26783,0.03207,1.3201
0.26863,0.018635,1.3231
0.26957,-0.00034118,1.3234
0.26957,-0.014115,1.3233
0.2684,-0.03305,1.3222
0.2668,-0.046394,1.3106
0.26547,-0.064476,1.3077
0.26391,-0.077759,1.307
0.2615,-0.095682,1.2933
0.25875,-0.10707,1.2733
0.25374,-0.12278,1.2491
0.25118,-0.1351,1.2451
0.25081,-0.15184,1.233
0.24827,-0.16426,1.2223
0.24626,-0.18006,1.2107
0.24453,-0.19154,1.1967
0.24299,-0.20728,1.1911
0.24048,-0.21786,1.189
0.23974,-0.23378,1.1829
0.24096,-0.24611,1.1895
0.24446,-0.26713,1.204
0.25355,-0.29018,1.2444
0.26308,-0.31996,1.2983
0.26915,-0.34025,1.3291
0.26907,-0.36125,1.3313
0.2694,-0.37422,1.3323
0.26745,-0.39165,1.3273
0.26442,-0.39974,1.299
0.26248,-0.41509,1.2938
0.26267,-0.42897,1.2971
0.25995,-0.44068,1.2777
0.24397,-0.42956,1.2104
0.23279,-0.42588,1.1489
0.22454,-0.4193,1.102
0.19959,-0.38855,0.98292
0.22963,0.46035,1.2046
0.24135,0.46703,1.2671
0.24416,0.46207,1.2908
0.2489,0.45131,1.3155
0.24965,0.43731,1.3195
0.25066,0.41696,1.3163
0.24846,0.40119,1.2926
0.24683,0.38165,1.2917
0.24369,0.36313,1.2673
0.24455,0.3462,1.2718
0.24502,0.33482,1.2782
0.24604,0.31754,1.2846
0.25281,0.31164,1.3204
0.25603,0.29879,1.3408
0.26586,0.29393,1.3904
0.26836,0.27933,1.4167
0.27168,0.26629,1.4257
0.27467,0.24866,1.4445
0.27595,0.23417,1.4547
0.28704,0.22091,1.5065
0.28391,0.20362,1.4877
0.27824,0.18016,1.4632
0.25517,0.15058,1.3404
0.24815,0.128,1.3054
0.25057,0.11548,1.3174
0.2519,0.098238,1.3332
0.26512,0.087454,1.3994
0.26625,0.06861,1.4005
0.26266,0.053499,1.3767
0.26279,0.033753,1.3773
0.2633,0.019439,1.3805
0.26365,-0.00034073,1.3882
0.26595,-0.014961,1.3886
0.26718,-0.035137,1.4036
0.26711,-0.049251,1.4031
0.26554,-0.069063,1.396
0.26257,-0.081877,1.3728
0.2573,-0.10035,1.3513
0.25252,-0.11358,1.3325
0.24883,-0.13008,1.3173
0.24825,-0.14307,1.3108
0.24762,-0.16136,1.2944
0.24506,-0.17173,1.288
0.24387,-0.18928,1.2702
0.24084,-0.20206,1.2683
0.23365,-0.21386,1.2301
0.22856,-0.22095,1.1976
0.22602,-0.23478,1.1923
0.22701,-0.24662,1.1922
0.23031,-0.26558,1.2066
0.2486,-0.30259,1.3053
0.25414,-0.32798,1.3351
0.26578,-0.3598,1.3945
0.2649,-0.37853,1.3897
0.26348,-0.39087,1.3861
0.26243,-0.40865,1.3656
0.26075,-0.41867,1.3513
0.25693,-0.43168,1.3459
0.2562,-0.44432,1.3509
0.25516,-0.46159,1.3452
0.25169,-0.46849,1.3033
0.23146,-0.45125,1.2039
0.23072,-0.46236,1.1999
0.23621,-0.48523,1.2285
0.22732,0.48375,1.2638
0.23354,0.48075,1.2993
0.23675,0.47644,1.3328
0.23887,0.46282,1.3449
0.2432,0.45133,1.3623
0.24426,0.43386,1.3679
0.24204,0.42104,1.3649
0.24204,0.39724,1.3463
0.23988,0.38314,1.3387
0.23822,0.36333,1.3432
0.23881,0.35035,1.3466
0.24203,0.33479,1.3531
0.24783,0.32783,1.3954
0.25217,0.31148,1.4076
0.25841,0.30329,1.4467
0.26415,0.28804,1.4707
0.26486,0.27525,1.4764
0.26588,0.25548,1.4836
0.27085,0.24403,1.5169
0.27478,0.22777,1.5431
0.27517,0.21211,1.5452
0.26684,0.18316,1.4935
0.25417,0.15976,1.4133
0.23976,0.13196,1.3452
0.24157,0.11966,1.3612
0.24602,0.10101,1.3688
0.2574,0.090632,1.4423
0.26416,0.072193,1.4705
0.26429,0.056989,1.4712
0.26656,0.036453,1.4958
0.26767,0.021078,1.5038
0.26868,-0.00035553,1.5099
0.26928,-0.016032,1.5104
0.26923,-0.037837,1.51
0.26709,-0.053566,1.5089
0.26408,-0.073962,1.4835
0.25509,-0.085292,1.4329
0.251,-0.10511,1.4142
0.25082,-0.11906,1.4054
0.25018,-0.13879,1.4036
0.24943,-0.15306,1.4056
0.24776,-0.1718,1.4034
0.24565,-0.18388,1.3758
0.24432,-0.20259,1.3558
0.24485,-0.21546,1.3537
0.22548,-0.22025,1.2736
0.21826,-0.22248,1.2231
0.21162,-0.231,1.183
0.21186,-0.24649,1.1922
0.21477,-0.26611,1.1992
0.23323,-0.30318,1.308
0.25191,-0.3475,1.4018
0.26326,-0.37985,1.4728
0.2637,-0.40114,1.4725
0.26304,-0.41605,1.4768
0.26155,-0.43557,1.4713
0.25448,-0.44122,1.4273
0.24813,-0.4475,1.3962
0.24898,-0.46059,1.3842
0.24859,-0.48326,1.3861
0.25168,-0.49859,1.4053
0.25755,-0.53418,1.4416
0.26558,-0.56557,1.4857
0.26533,-0.58411,1.4858
0.22059,0.5125,1.3505
0.22158,0.49601,1.3567
0.22511,0.48443,1.3643
0.22931,0.47076,1.3721
0.23252,0.46453,1.3931
0.23561,0.44991,1.4139
0.23628,0.43666,1.418
0.23659,0.4146,1.4145
0.2363,0.4004,1.4115
0.23434,0.38094,1.4235
0.23492,0.36728,1.4185
0.23775,0.34832,1.4298
0.24315,0.3403,1.4331
0.24388,0.32401,1.4685
0.24715,0.31373,1.4893
0.2488,0.29598,1.4945
0.25131,0.28385,1.5215
0.25262,0.2629,1.5355
0.25905,0.25211,1.563
0.26504,0.23532,1.5948
0.26541,0.21915,1.5971
0.26261,0.19422,1.5859
0.24946,0.16829,1.4982
0.22522,0.13306,1.3532
0.22946,0.12071,1.3701
0.22973,0.10123,1.3716
0.25019,0.096598,1.5191
0.25639,0.076535,1.5544
0.25651,0.060419,1.5551
0.26613,0.039287,1.5981
0.27089,0.02298,1.6292
0.27205,-0.00037042,1.6319
0.2747,-0.0174,1.6512
0.27465,-0.040908,1.6508
0.27366,-0.057825,1.6465
0.27062,-0.080305,1.6144
0.26071,-0.093526,1.5557
0.25537,-0.11311,1.5341
0.2531,-0.1287,1.5329
0.2528,-0.15029,1.5134
0.25256,-0.16563,1.5127
0.25042,-0.18604,1.5094
0.24654,-0.19958,1.4883
0.24526,-0.21949,1.4761
0.23997,-0.23119,1.4573
0.22919,-0.23483,1.3649
0.20002,-0.22136,1.202
0.19668,-0.23132,1.1776
0.19632,-0.24299,1.1753
0.19832,-0.2666,1.198
0.21906,-0.3083,1.3258
0.24637,-0.36746,1.484
0.25709,-0.39618,1.5452
0.25627,-0.4168,1.5398
0.25564,-0.4316,1.5404
0.25292,-0.45335,1.5205
0.25119,-0.46792,1.5066
0.2367,-0.46083,1.4243
0.23591,-0.46805,1.4126
0.23496,-0.48643,1.4123
0.24151,-0.5167,1.4508
0.24917,-0.5554,1.4934
0.25485,-0.57983,1.5253
0.25407,-0.59883,1.5244
0.21015,0.52184,1.371
0.2111,0.50797,1.3794
0.21563,0.50347,1.3893
0.21851,0.49184,1.4338
0.22231,0.47897,1.4428
0.22553,0.46626,1.4523
0.2266,0.45892,1.4876
0.22741,0.43927,1.4934
0.22029,0.40188,1.4208
0.22021,0.3824,1.4299
0.22671,0.3834,1.4766
0.22864,0.36437,1.4929
0.23106,0.35204,1.5104
0.23372,0.33685,1.5181
0.23663,0.32355,1.54
0.23777,0.30407,1.5444
0.23821,0.28865,1.5477
0.2416,0.27078,1.5633
0.2456,0.25801,1.5944
0.25581,0.24461,1.657
0.25697,0.22948,1.6791
0.25376,0.20355,1.6531
0.23619,0.17261,1.5452
0.20684,0.13245,1.3464
0.21294,0.12014,1.3726
0.21334,0.10148,1.3855
0.24401,0.10066,1.582
0.24991,0.080295,1.6228
0.25003,0.063391,1.6235
0.26045,0.040863,1.6687
0.27025,0.024824,1.7601
0.27234,-0.00038285,1.7699
0.27368,-0.018787,1.7736
0.27417,-0.044399,1.7903
0.27411,-0.06287,1.7897
0.27169,-0.087405,1.7651
0.26644,-0.1033,1.7329
0.26114,-0.1258,1.6944
0.25777,-0.14164,1.6877
0.2572,-0.16517,1.6728
0.25695,-0.18148,1.6679
0.25657,-0.20478,1.6607
0.25471,-0.22127,1.6586
0.25058,-0.23909,1.6218
0.23815,-0.24341,1.5329
0.22237,-0.25194,1.4567
0.18644,-0.22175,1.2042
0.18265,-0.23183,1.1798
0.18231,-0.24689,1.1775
0.18417,-0.26887,1.2111
0.20342,-0.30883,1.3378
0.23929,-0.38335,1.5517
0.2546,-0.42438,1.6545
0.25416,-0.45018,1.6489
0.25519,-0.46617,1.6586
0.25428,-0.48803,1.6384
0.25277,-0.50211,1.6321
0.23237,-0.48864,1.5032
0.21908,-0.46902,1.4208
0.21819,-0.48722,1.4147
0.22881,-0.52825,1.4738
0.23742,-0.5708,1.533
0.25249,-0.62858,1.6414
0.25134,-0.64917,1.6335
0.19387,0.52594,1.3917
0.20012,0.52468,1.4215
0.20107,0.51908,1.4386
0.20842,0.50535,1.4766
0.2107,0.49332,1.4847
0.2158,0.47996,1.5018
0.21996,0.48273,1.5506
0.21358,0.44186,1.4992
0.20945,0.41925,1.4711
0.18985,0.36143,1.3339
0.21029,0.38483,1.4802
0.21583,0.37192,1.5255
0.22195,0.36727,1.5639
0.22245,0.34616,1.5668
0.22047,0.3281,1.5557
0.22107,0.30706,1.5587
0.2224,0.29299,1.5641
0.22422,0.27233,1.5835
0.23556,0.26816,1.6563
0.24806,0.25846,1.7496
0.25453,0.24644,1.7996
0.23945,0.20733,1.6859
0.18841,0.14922,1.3315
0.18758,0.12917,1.3259
0.19007,0.11794,1.3412
0.19672,0.10166,1.3879
0.23307,0.10428,1.6409
0.23465,0.08144,1.6693
0.24022,0.065517,1.684
0.24932,0.043186,1.7629
0.26315,0.026246,1.8606
0.26558,-0.00039065,1.8653
0.26581,-0.019736,1.8677
0.26577,-0.046741,1.8728
0.2657,-0.066008,1.8722
0.26511,-0.092764,1.8662
0.26335,-0.11145,1.8495
0.26305,-0.13686,1.8404
0.2604,-0.15559,1.8324
0.25763,-0.18091,1.8231
0.25888,-0.19959,1.8212
0.25699,-0.22378,1.8068
0.25499,-0.24222,1.7941
0.24427,-0.24794,1.6833
0.22282,-0.25349,1.5875
0.21812,-0.26082,1.5293
0.17292,-0.22444,1.2192
0.17162,-0.23885,1.2031
0.1713,-0.25266,1.2136
0.1881,-0.29617,1.343
0.21671,-0.35515,1.5352
0.2503,-0.43463,1.7648
0.25717,-0.46316,1.8073
0.25632,-0.48892,1.8027
0.25644,-0.50803,1.8054
0.2547,-0.53366,1.799
0.24155,-0.52074,1.6682
0.22485,-0.51356,1.6031
0.20215,-0.46953,1.4173
0.20133,-0.48775,1.4112
0.21113,-0.52904,1.4761
0.23581,-0.61931,1.6589
0.24553,-0.65721,1.7155
0.25125,-0.70526,1.7752
0.18698,0.55313,1.4517
0.18898,0.53868,1.4584
0.19177,0.53421,1.4757
0.19626,0.5167,1.4932
0.19893,0.50665,1.5187
0.20096,0.49809,1.5484
0.20237,0.48542,1.5564
0.20223,0.44671,1.5504
0.14746,0.32529,1.139
0.14799,0.31013,1.1431
0.17431,0.34903,1.3393
0.2,0.375,1.5292
0.20362,0.36927,1.5678
0.20422,0.34799,1.5715
0.20237,0.3291,1.5593
0.20248,0.30753,1.5624
0.20322,0.29228,1.5666
0.20536,0.27276,1.5854
0.22672,0.2833,1.7486
0.23972,0.27298,1.8592
0.249,0.26385,1.9117
0.23544,0.22368,1.8107
0.17256,0.14937,1.3336
0.17162,0.12938,1.3202
0.17298,0.117,1.3368
0.18818,0.10723,1.4556
0.21403,0.1049,1.6476
0.21532,0.081579,1.672
0.22001,0.065632,1.6867
0.24248,0.045669,1.8678
0.24658,0.026799,1.8914
0.25258,-0.00039374,1.9614
0.25258,-0.020675,1.9462
0.25343,-0.048566,1.9439
0.25351,-0.068782,1.9451
0.25338,-0.096739,1.9495
0.25326,-0.11692,1.9484
0.25273,-0.14362,1.9441
0.25079,-0.16355,1.9425
0.25012,-0.19171,1.94
0.25025,-0.21148,1.9376
0.24865,-0.23564,1.9166
0.24041,-0.24847,1.8486
0.23166,-0.26323,1.7691
0.20408,-0.25386,1.59
0.18213,-0.24094,1.3878
0.16073,-0.22521,1.2403
0.15799,-0.24172,1.2179
0.16533,-0.26403,1.2642
0.1989,-0.34055,1.541
0.23586,-0.42112,1.8102
0.24868,-0.47235,1.9109
0.24993,-0.49383,1.9238
0.25008,-0.52263,1.9188
0.24966,-0.54243,1.9278
0.24883,-0.56786,1.9205
0.2356,-0.55168,1.7966
0.20594,-0.51428,1.6054
0.18653,-0.46428,1.4357
0.18577,-0.48229,1.4295
0.19338,-0.52977,1.4783
0.22561,-0.64231,1.7238
0.24427,-0.72043,1.8734
0.24316,-0.74414,1.8693
0.1708,0.55758,1.4524
0.17557,0.54847,1.4892
0.17802,0.54051,1.4959
0.18294,0.53661,1.5629
0.18824,0.53175,1.5911
0.19068,0.5112,1.6285
0.19122,0.49616,1.6213
0.18891,0.44731,1.5525
0.12841,0.31096,1.0909
0.12887,0.29648,1.0948
0.15189,0.33686,1.2928
0.16265,0.34027,1.3819
0.18484,0.36959,1.5685
0.18541,0.34847,1.5737
0.18577,0.33276,1.5767
0.18563,0.31012,1.5791
0.18597,0.29499,1.5838
0.18982,0.27792,1.615
0.20719,0.28504,1.7628
0.23088,0.28989,1.9564
0.23176,0.27075,1.972
0.22856,0.23718,1.9237
0.15786,0.15174,1.3345
0.15638,0.13012,1.3357
0.16142,0.1211,1.3876
0.16847,0.10478,1.4254
0.18756,0.10111,1.5953
0.18819,0.078925,1.6021
0.19555,0.063839,1.6645
0.20125,0.041899,1.715
0.22383,0.02685,1.8942
0.22929,-0.00038067,1.9643
0.22928,-0.02069,1.949
0.23005,-0.048621,1.9468
0.23013,-0.068866,1.9479
0.23001,-0.096862,1.9524
0.2299,-0.11707,1.9513
0.22942,-0.1438,1.947
0.22766,-0.16376,1.9454
0.22705,-0.19196,1.9429
0.22717,-0.21176,1.9404
0.22572,-0.23596,1.9194
0.21824,-0.24881,1.8513
0.18552,-0.23794,1.5947
0.16569,-0.22178,1.393
0.156,-0.22908,1.3198
0.1459,-0.22551,1.2401
0.14555,-0.24251,1.2369
0.18105,-0.31994,1.5477
0.21456,-0.40376,1.8168
0.22638,-0.44695,1.9197
0.22741,-0.47569,1.9312
0.22796,-0.49744,1.9302
0.23014,-0.53166,1.9528
0.22956,-0.55053,1.9476
0.22814,-0.57355,1.9385
0.22529,-0.58619,1.9058
0.18038,-0.48563,1.5224
0.17272,-0.48757,1.4712
0.17376,-0.50543,1.4648
0.20285,-0.60986,1.7116
0.2238,-0.70415,1.9054
0.23502,-0.76304,2.0008
0.23462,-0.788,1.9934
0.15431,0.56114,1.4543
0.15802,0.54918,1.4927
0.1636,0.55698,1.5524
0.16816,0.5476,1.5857
0.17155,0.53592,1.6257
0.17605,0.53207,1.6539
0.17771,0.5234,1.69
0.16969,0.44784,1.5544
0.11532,0.31133,1.0922
0.11573,0.29684,1.0962
0.13641,0.33722,1.2944
0.14607,0.34069,1.3836
0.15983,0.35664,1.5181
0.16651,0.34975,1.5808
0.16757,0.3351,1.5901
0.16974,0.31664,1.61
0.17005,0.30059,1.6131
0.18383,0.2995,1.7376
0.1889,0.29087,1.8042
0.20733,0.29109,1.9717
0.20882,0.27173,1.9784
0.20829,0.24301,1.977
0.14222,0.152,1.3467
0.14197,0.13293,1.3437
0.14294,0.11918,1.345
0.14823,0.10287,1.4
0.14833,0.088503,1.401
0.14862,0.069215,1.4021
0.15356,0.05673,1.473
0.16623,0.038732,1.5843
0.18076,0.02421,1.7176
0.18456,-0.00033262,1.7704
0.19151,-0.019164,1.8208
0.19608,-0.046203,1.8592
0.19931,-0.066544,1.8961
0.19921,-0.093533,1.895
0.19899,-0.11218,1.8881
0.19456,-0.13685,1.847
0.18095,-0.1445,1.7232
0.16487,-0.15306,1.5531
0.16333,-0.16715,1.5499
0.1611,-0.18851,1.5205
0.15453,-0.1979,1.4624
0.14694,-0.20599,1.397
0.14402,-0.21433,1.3627
0.14009,-0.22936,1.3215
0.13173,-0.22959,1.2569
0.13141,-0.24689,1.2536
0.1614,-0.31655,1.5229
0.18168,-0.38155,1.7252
0.20001,-0.44062,1.8867
0.19941,-0.46627,1.8806
0.20419,-0.49696,1.9326
0.20668,-0.53229,1.9552
0.20616,-0.55117,1.95
0.20489,-0.57422,1.9409
0.16262,-0.46636,1.5305
0.15714,-0.47921,1.4879
0.15669,-0.49321,1.4834
0.17531,-0.56564,1.6554
0.20287,-0.68074,1.8935
0.21657,-0.75981,2.0389
0.21692,-0.78226,2.0423
0.21595,-0.8098,2.0476
0.13681,0.56139,1.4651
0.14012,0.55193,1.4969
0.14537,0.55755,1.5595
0.14901,0.54816,1.5897
0.15538,0.55362,1.6487
0.15842,0.53983,1.6928
0.16219,0.53267,1.7161
0.1628,0.51014,1.7229
0.10243,0.31319,1.0989
0.10279,0.29861,1.1029
0.12092,0.33764,1.3006
0.12936,0.34169,1.3868
0.14162,0.35703,1.5198
0.15032,0.35589,1.6057
0.15249,0.34591,1.6381
0.16054,0.33961,1.722
0.16249,0.32388,1.7354
0.16569,0.30635,1.7684
0.17745,0.30728,1.9108
0.18547,0.29294,1.9787
0.18988,0.28081,2.0231
0.18606,0.24419,1.9843
0.12857,0.15315,1.3612
0.12801,0.13321,1.3579
0.12713,0.11932,1.3592
0.12828,0.10045,1.3811
0.12856,0.086802,1.3728
0.12883,0.067779,1.3861
0.12978,0.053707,1.3883
0.13076,0.034118,1.4038
0.13261,0.020152,1.4169
0.13337,-0.000263,1.4457
0.13692,-0.015421,1.4696
0.13809,-0.037135,1.4848
0.14048,-0.052632,1.5057
0.14157,-0.074322,1.505
0.14034,-0.089829,1.5039
0.13722,-0.10928,1.4762
0.13506,-0.122,1.4407
0.13488,-0.14248,1.4372
0.13456,-0.15726,1.4356
0.13436,-0.17889,1.4468
0.13387,-0.19192,1.4449
0.1302,-0.20621,1.4001
0.12835,-0.21728,1.3803
0.12616,-0.23341,1.3563
0.12392,-0.24041,1.3176
0.13073,-0.2751,1.4001
0.13469,-0.2975,1.4305
0.14115,-0.33597,1.5108
0.14005,-0.34893,1.4999
0.13963,-0.36924,1.495
0.14175,-0.38986,1.5098
0.14144,-0.41405,1.5292
0.1411,-0.42874,1.5251
0.13906,-0.43896,1.5043
0.13618,-0.44545,1.4538
0.13786,-0.47475,1.4791
0.14464,-0.50791,1.5274
0.18033,-0.65602,1.9016
0.19275,-0.73447,2.0505
0.19338,-0.76426,2.0569
0.19368,-0.78616,2.0615
0.19373,-0.81949,2.0594
0.11994,0.5627,1.4707
0.12221,0.55328,1.4987
0.12706,0.55854,1.5555
0.12955,0.54866,1.5918
0.13536,0.55413,1.6568
0.13801,0.5422,1.6997
0.14459,0.54593,1.773
0.14514,0.52285,1.78
0.08964,0.3139,1.1024
0.089954,0.29929,1.1065
0.10571,0.33895,1.304
0.11308,0.34234,1.3885
0.12436,0.36139,1.5331
0.13229,0.36193,1.6358
0.13946,0.36356,1.719
0.14809,0.35957,1.8273
0.15644,0.3592,1.9307
0.16792,0.35769,2.0754
0.17224,0.34502,2.1304
0.16679,0.30331,2.0566
0.16702,0.28247,2.0594
0.16561,0.25093,2.0427
0.16091,0.22334,1.9837
0.11214,0.13381,1.3797
0.11159,0.11986,1.3717
0.11172,0.10055,1.3826
0.11196,0.086894,1.3743
0.1122,0.067867,1.3875
0.11302,0.053997,1.3897
0.11388,0.034159,1.4053
0.11549,0.020179,1.4184
0.11615,-0.00025618,1.4473
0.11924,-0.015429,1.4711
0.12026,-0.037164,1.4864
0.12126,-0.052677,1.5048
0.1212,-0.074009,1.5039
0.11961,-0.088325,1.4682
0.11715,-0.10704,1.4442
0.11706,-0.12149,1.4394
0.11731,-0.14188,1.4376
0.11719,-0.15714,1.4371
0.11702,-0.17906,1.4483
0.11972,-0.1973,1.4652
0.11988,-0.21797,1.4763
0.11971,-0.23129,1.474
0.11945,-0.25004,1.4666
0.11632,-0.26056,1.4193
0.11754,-0.28349,1.4337
0.12328,-0.31552,1.5168
0.12295,-0.33628,1.5124
0.12198,-0.34926,1.5014
0.12162,-0.36958,1.4965
0.12347,-0.39022,1.5113
0.12321,-0.41443,1.5307
0.12291,-0.42913,1.5266
0.12114,-0.43936,1.5058
0.11863,-0.44585,1.4552
0.12636,-0.49393,1.5335
0.15003,-0.60893,1.8291
0.16042,-0.68388,1.9668
0.16919,-0.73816,2.0683
0.16893,-0.76798,2.0705
0.16935,-0.78967,2.0713
0.16897,-0.82446,2.0747
0.1017,0.5618,1.4623
0.1041,0.5537,1.4999
0.10788,0.56072,1.5596
0.11035,0.54796,1.595
0.11534,0.55452,1.6582
0.1178,0.54263,1.7078
0.12328,0.54495,1.7701
0.12374,0.52191,1.7771
0.076367,0.31492,1.1037
0.076631,0.30027,1.1078
0.090642,0.34,1.3074
0.097011,0.34578,1.4029
0.10641,0.36291,1.5455
0.11383,0.3648,1.6508
0.12576,0.3843,1.8213
0.13296,0.37869,1.9287
0.14258,0.38635,2.064
0.14701,0.36674,2.1406
0.15,0.34869,2.1719
0.14959,0.31852,2.1727
0.1427,0.28307,2.0614
0.14245,0.25374,2.0637
0.14226,0.23221,2.0608
0.13897,0.1968,1.9993
0.13663,0.17441,1.9817
0.13515,0.14492,1.9612
0.12205,0.11181,1.7635
0.11481,0.081498,1.6619
0.11478,0.064291,1.6597
0.11347,0.040518,1.6604
0.11145,0.023058,1.638
0.11048,-0.00027525,1.584
0.10789,-0.016354,1.5752
0.10644,-0.03815,1.5531
0.10618,-0.053438,1.5234
0.10319,-0.075069,1.5052
0.1023,-0.088393,1.4695
0.099735,-0.10777,1.4488
0.099664,-0.122,1.4443
0.099959,-0.14333,1.4414
0.099912,-0.15851,1.452
0.10205,-0.1824,1.4684
0.10482,-0.20021,1.5071
0.10649,-0.22704,1.5328
0.11024,-0.25121,1.5954
0.11001,-0.27328,1.5917
0.10872,-0.28647,1.5803
0.10682,-0.30666,1.5589
0.10662,-0.32212,1.5558
0.10848,-0.35141,1.5753
0.10992,-0.37053,1.5943
0.11137,-0.39825,1.6222
0.1148,-0.4259,1.6653
0.11676,-0.46258,1.6946
0.11951,-0.48924,1.7213
0.12134,-0.52035,1.7632
0.12413,-0.55227,1.8037
0.12814,-0.5921,1.8363
0.13718,-0.65886,1.977
0.14328,-0.71565,2.0631
0.14416,-0.74183,2.0724
0.14419,-0.77114,2.0755
0.14432,-0.79125,2.0752
0.14442,-0.82339,2.0775
0.083894,0.55735,1.4647
0.085604,0.55321,1.5026
0.089218,0.56107,1.5607
0.091064,0.54997,1.5968
0.095296,0.55487,1.6593
0.09677,0.54331,1.709
0.10177,0.5444,1.7683
0.10214,0.52139,1.7753
0.063348,0.31617,1.1109
0.063564,0.30146,1.115
0.074812,0.34047,1.3101
0.0807,0.34937,1.4223
0.088112,0.36447,1.5499
0.094191,0.36708,1.6569
0.10413,0.38513,1.8251
0.11001,0.37954,1.9305
0.11677,0.38273,2.0489
0.12131,0.36686,2.1422
0.12388,0.3502,2.1735
0.12402,0.31886,2.1759
0.11754,0.2834,2.0646
0.11761,0.25396,2.0657
0.11738,0.23274,2.0632
0.11719,0.20323,2.0595
0.1172,0.18157,2.0586
0.11718,0.15186,2.0609
0.11714,0.1306,2.0599
0.11674,0.10077,2.0483
0.11676,0.079423,2.0453
0.11672,0.050028,2.0461
0.11601,0.028824,2.0383
0.11589,-0.00034508,2.0355
0.11566,-0.021397,2.0315
0.11538,-0.050242,2.0243
0.11474,-0.070973,2.0172
0.1139,-0.099338,2.0096
0.11043,-0.11598,1.9303
0.08433,-0.1095,1.4937
0.082893,-0.12281,1.4582
0.082705,-0.14342,1.456
0.082723,-0.15861,1.4547
0.086586,-0.18507,1.5102
0.088016,-0.20699,1.549
0.10723,-0.27774,1.8622
0.11319,-0.31418,1.9852
0.11358,-0.34451,1.9919
0.11357,-0.36507,1.9918
0.11395,-0.39489,1.9919
0.11439,-0.41711,2.0059
0.11521,-0.44979,2.0097
0.11573,-0.47248,2.031
0.11642,-0.50279,2.0345
0.11656,-0.52487,2.0379
0.11709,-0.55613,2.0459
0.1172,-0.58055,2.0527
0.1176,-0.61058,2.0523
0.11801,-0.63358,2.0609
0.11815,-0.66367,2.0662
0.11828,-0.68856,2.0691
0.11927,-0.7208,2.0781
0.11918,-0.74231,2.0808
0.11906,-0.77179,2.0793
0.11941,-0.79507,2.0823
0.11932,-0.82412,2.0857
0.065787,0.56189,1.4611
0.067507,0.55333,1.5035
0.070096,0.55717,1.5615
0.071799,0.55114,1.6016
0.07513,0.55458,1.6584
0.076746,0.53985,1.71
0.079458,0.54468,1.7723
0.079742,0.52166,1.7793
0.049942,0.31715,1.1116
0.050108,0.30239,1.1157
0.059063,0.34208,1.3177
0.06375,0.34958,1.4259
0.07007,0.36909,1.5611
0.074874,0.36902,1.6759
0.082334,0.38695,1.8374
0.086689,0.38154,1.9429
0.091935,0.3829,2.0492
0.095364,0.3669,2.1279
0.097487,0.35015,2.1709
0.097681,0.31997,2.1756
0.092579,0.28403,2.0661
0.092653,0.25429,2.0695
0.0925,0.23299,2.0656
0.092508,0.20351,2.0667
0.092455,0.18189,2.0628
0.092398,0.15227,2.0622
0.092343,0.13078,2.0621
0.092329,0.10132,2.0625
0.092152,0.079824,2.0593
0.092104,0.050423,2.0573
0.092094,0.02911,2.057
0.092031,-0.00034277,2.0557
0.092026,-0.021631,2.0538
0.09187,-0.051012,2.0531
0.091849,-0.072239,2.0492
0.091629,-0.1013,2.0441
0.091308,-0.12126,2.0354
0.086893,-0.14365,1.9296
0.066191,-0.12453,1.4934
0.065208,-0.14317,1.4585
0.065149,-0.15802,1.457
0.068861,-0.1913,1.552
0.084606,-0.25152,1.867
0.089279,-0.29423,1.9895
0.091758,-0.32442,2.0449
0.091638,-0.3532,2.0419
0.091685,-0.37527,2.0478
0.091796,-0.40457,2.0451
0.091987,-0.42589,2.0489
0.092124,-0.45627,2.0483
0.092189,-0.47793,2.0524
0.092236,-0.50752,2.0535
0.09262,-0.52966,2.0561
0.092582,-0.56094,2.0594
0.093003,-0.58356,2.0614
0.093257,-0.61419,2.0681
0.093427,-0.63694,2.0745
0.093498,-0.66936,2.0766
0.093933,-0.69193,2.0862
0.094043,-0.72251,2.0844
0.094106,-0.74483,2.0849
0.094433,-0.77365,2.0822
0.094356,-0.79624,2.0888
0.09443,-0.82457,2.0916
0.048008,0.56129,1.4687
0.049333,0.55354,1.4996
0.05146,0.55738,1.5624
0.052485,0.55135,1.5984
0.054803,0.55412,1.6636
0.056142,0.54398,1.7109
0.057797,0.55003,1.772
0.057994,0.52678,1.779
0.036685,0.31732,1.1169
0.036801,0.30255,1.121
0.042965,0.34078,1.3115
0.046718,0.35091,1.4265
0.051537,0.36924,1.567
0.054796,0.371,1.6767
0.06013,0.3871,1.8383
0.06358,0.38303,1.9438
0.067044,0.38282,2.0499
0.069391,0.36533,2.1246
0.070745,0.35029,2.1583
0.07088,0.32011,2.163
0.067704,0.28433,2.071
0.067674,0.25476,2.0709
0.067643,0.23331,2.0704
0.067576,0.20373,2.0684
0.067512,0.18197,2.0674
0.067489,0.15237,2.0645
0.067406,0.13103,2.0646
0.067433,0.10142,2.0637
0.067396,0.079983,2.0624
0.067285,0.050469,2.0612
0.06726,0.029134,2.0589
0.067211,-0.00033898,2.0582
0.067191,-0.021647,2.0567
0.067141,-0.051043,2.0542
0.06709,-0.072322,2.0536
0.066993,-0.10167,2.0508
0.066836,-0.12279,2.0477
0.066566,-0.15009,2.0344
0.048914,-0.1248,1.5047
0.047665,-0.14321,1.4592
0.047624,-0.15807,1.4577
0.051691,-0.19475,1.577
0.06293,-0.25709,1.9146
0.067073,-0.30379,2.049
0.067118,-0.3251,2.0479
0.067044,-0.3548,2.0525
0.067194,-0.37636,2.0516
0.06729,-0.40561,2.054
0.067451,-0.42827,2.0553
0.067464,-0.45781,2.058
0.067564,-0.47979,2.0612
0.067764,-0.50974,2.0621
0.067799,-0.53264,2.0637
0.067924,-0.56116,2.0631
0.068145,-0.58548,2.0728
0.06831,-0.61522,2.0742
0.068329,-0.63834,2.0777
0.068643,-0.6696,2.0843
0.068749,-0.69252,2.0882
0.068905,-0.72441,2.0907
0.069056,-0.74562,2.0874
0.069103,-0.77441,2.09
0.069281,-0.79791,2.0954
0.069146,-0.82886,2.0883
0.03065,0.56294,1.4703
0.031272,0.55367,1.4995
0.032459,0.5596,1.5632
0.03331,0.55148,1.6028
0.034642,0.55426,1.6641
0.035475,0.54411,1.7059
0.036675,0.55016,1.7746
0.036787,0.52691,1.7817
0.023236,0.32073,1.1241
0.023302,0.30581,1.1282
0.027047,0.34025,1.3004
0.029469,0.351,1.4176
0.032502,0.36909,1.5674
0.034548,0.37109,1.6756
0.03788,0.38615,1.8364
0.040069,0.38313,1.9419
0.042241,0.38264,2.0383
0.043645,0.36401,2.1166
0.044312,0.34925,2.159
0.044388,0.31915,2.1637
0.042635,0.28447,2.0728
0.04268,0.25523,2.0749
0.042629,0.23347,2.0736
0.042567,0.20395,2.0715
0.042531,0.18233,2.07
0.042509,0.15251,2.0679
0.042462,0.13113,2.0671
0.042448,0.10162,2.0655
0.042413,0.080128,2.0653
0.042374,0.050542,2.0624
0.042334,0.029154,2.0612
0.042289,-0.00033613,2.0594
0.042301,-0.021662,2.0573
0.042271,-0.051073,2.0553
0.042282,-0.07238,2.0556
0.042207,-0.10176,2.0537
0.042191,-0.123,2.0532
0.041903,-0.15021,2.0426
0.031036,-0.12537,1.5052
0.030076,-0.14427,1.4598
0.030053,-0.15924,1.4582
0.032858,-0.19575,1.5843
0.039907,-0.25925,1.9356
0.042302,-0.30415,2.0507
0.042351,-0.32595,2.0539
0.042384,-0.35526,2.0531
0.042376,-0.37684,2.0554
0.042503,-0.40704,2.0574
0.042559,-0.42862,2.0575
0.042616,-0.45852,2.0608
0.042689,-0.48036,2.0644
0.042767,-0.51089,2.0654
0.042869,-0.53279,2.0677
0.042977,-0.56254,2.0706
0.04308,-0.586,2.0761
0.043199,-0.61619,2.0802
0.043319,-0.63912,2.0874
0.043394,-0.67062,2.0887
0.043557,-0.69438,2.0905
0.043607,-0.72536,2.0933
0.043704,-0.74797,2.0951
0.043754,-0.77611,2.0916
0.043873,-0.79925,2.096
0.043865,-0.82991,2.0943
0.012888,0.56042,1.4623
0.01307,0.55303,1.4982
0.013595,0.55967,1.5635
0.013849,0.55027,1.5961
0.014471,0.55432,1.6644
0.014785,0.54417,1.7062
0.015213,0.54833,1.7728
0.015239,0.52516,1.7798
0.0097391,0.32289,1.1355
0.0097546,0.30787,1.1397
0.010951,0.33094,1.2737
0.011878,0.3404,1.3829
0.012895,0.35618,1.5109
0.013903,0.35862,1.6219
0.015385,0.38007,1.8054
0.016398,0.37944,1.9249
0.017303,0.38041,2.0359
0.017895,0.36359,2.1132
0.018252,0.34805,2.1485
0.01827,0.31805,2.1532
0.017591,0.28504,2.078
0.017563,0.25538,2.0766
0.017549,0.23398,2.076
0.017525,0.20413,2.0725
0.017495,0.18262,2.0728
0.017482,0.15282,2.0713
0.017466,0.13128,2.0695
0.017435,0.10175,2.0686
0.017417,0.080242,2.0683
0.017395,0.050588,2.0647
0.01739,0.029189,2.0628
0.017373,-0.00033461,2.0618
0.017368,-0.021676,2.0597
0.017355,-0.051108,2.0572
0.017355,-0.072405,2.0565
0.01735,-0.10182,2.0567
0.017355,-0.12307,2.0568
0.017285,-0.15235,2.0517
0.012763,-0.12742,1.5173
0.012361,-0.14446,1.462
0.012356,-0.15944,1.4605
0.013542,-0.19577,1.5893
0.016583,-0.25963,1.9452
0.017446,-0.30449,2.0526
0.017451,-0.32613,2.0552
0.01748,-0.35559,2.0563
0.017504,-0.37707,2.057
0.017566,-0.40716,2.0578
0.017611,-0.42909,2.0609
0.017647,-0.45908,2.0613
0.017688,-0.48118,2.065
0.017722,-0.5115,2.0664
0.017791,-0.53285,2.0694
0.017859,-0.56338,2.0739
0.017948,-0.58659,2.0767
0.017983,-0.61871,2.0846
0.018063,-0.64062,2.0877
0.018138,-0.67135,2.089
0.018234,-0.69446,2.095
0.01828,-0.72544,2.0937
0.018347,-0.74879,2.0995
0.018366,-0.77966,2.0992
0.018436,-0.80119,2.0994
0.018504,-0.83256,2.0929
-0.0048623,0.56039,1.4579
-0.0050131,0.5521,1.4973
-0.0052673,0.55637,1.55
-0.0054264,0.54828,1.5909
-0.0056739,0.55099,1.6561
-0.0058301,0.54178,1.6975
-0.0060631,0.54832,1.7734
-0.0061229,0.52515,1.7805
-0.0040076,0.3264,1.1461
-0.0040439,0.31121,1.1503
-0.0044742,0.32982,1.2693
-0.0048939,0.34024,1.3802
-0.0053523,0.35437,1.5026
-0.0057214,0.35537,1.6053
-0.0063336,0.37361,1.7751
-0.0068251,0.37461,1.8913
-0.0073208,0.37801,2.0298
-0.0075865,0.36283,2.1005
-0.0077918,0.34849,2.1539
-0.0078314,0.31846,2.1585
-0.0075698,0.28549,2.0791
-0.0075898,0.25574,2.0782
-0.0075928,0.23419,2.0782
-0.0076116,0.20457,2.0758
-0.0076129,0.18268,2.0739
-0.0076126,0.1531,2.0726
-0.0076144,0.13144,2.0726
-0.0076194,0.10178,2.0695
-0.0076172,0.080298,2.0685
-0.0076138,0.050677,2.0693
-0.0076108,0.029221,2.0685
-0.007598,-0.00033493,2.063
-0.0075974,-0.021706,2.0624
-0.007589,-0.05115,2.0618
-0.0075858,-0.072475,2.0611
-0.0075759,-0.10189,2.0594
-0.0075696,-0.12327,2.0591
-0.007551,-0.15235,2.0555
-0.0055605,-0.12741,1.5174
-0.0053572,-0.14433,1.4718
-0.0053444,-0.15931,1.4702
-0.0058471,-0.19671,1.6033
-0.0071339,-0.26115,1.9472
-0.0074787,-0.3048,2.0575
-0.0074726,-0.32643,2.0576
-0.0074398,-0.35617,2.058
-0.007443,-0.37767,2.0609
-0.0074136,-0.4077,2.0619
-0.0074081,-0.42908,2.0634
-0.0073797,-0.45929,2.0658
-0.0073599,-0.48186,2.0677
-0.007339,-0.51178,2.0665
-0.0073211,-0.53397,2.0725
-0.007296,-0.56453,2.0749
-0.0073113,-0.58666,2.0786
-0.0072548,-0.62003,2.0853
-0.0072531,-0.6415,2.0889
-0.007215,-0.67174,2.0891
-0.0072034,-0.69481,2.0971
-0.0071691,-0.72542,2.0938
-0.0071362,-0.74879,2.0995
-0.0070822,-0.77971,2.0996
-0.007046,-0.80169,2.0998
-0.0069875,-0.83162,2.1057
-0.022339,0.5549,1.4469
-0.023023,0.5511,1.4962
-0.024113,0.5556,1.548
-0.024708,0.54789,1.5907
-0.02565,0.5509,1.6559
-0.026316,0.54169,1.6973
-0.027275,0.5509,1.7733
-0.02742,0.52761,1.7803
-0.018206,0.33358,1.1731
-0.018296,0.31806,1.1774
-0.019791,0.32829,1.2621
-0.021559,0.33967,1.3795
-0.023525,0.35317,1.5024
-0.025069,0.35489,1.6024
-0.027751,0.37331,1.7662
-0.029706,0.37109,1.8848
-0.031802,0.37789,2.0279
-0.032893,0.36045,2.0911
-0.033884,0.34844,2.1521
-0.033981,0.31841,2.1568
-0.032756,0.28553,2.079
-0.032802,0.25582,2.0816
-0.032784,0.23437,2.079
-0.032788,0.20456,2.0778
-0.032765,0.18294,2.0775
-0.032782,0.15316,2.0757
-0.032726,0.13146,2.0737
-0.032715,0.10182,2.0738
-0.032709,0.08036,2.0718
-0.032688,0.050674,2.0692
-0.032681,0.029257,2.0683
-0.032641,-0.00033618,2.0674
-0.032611,-0.021738,2.0665
-0.032555,-0.051203,2.0637
-0.032545,-0.072579,2.0623
-0.032552,-0.10204,2.0611
-0.03253,-0.12349,2.061
-0.032484,-0.15258,2.0553
-0.023915,-0.12783,1.521
-0.023083,-0.14431,1.472
-0.023052,-0.15928,1.4704
-0.025417,-0.19667,1.61
-0.031011,-0.26291,1.9529
-0.032422,-0.30485,2.059
-0.032453,-0.32711,2.0623
-0.032411,-0.35675,2.0607
-0.032438,-0.37791,2.0623
-0.032428,-0.40833,2.0654
-0.032478,-0.42963,2.0662
-0.032487,-0.46065,2.0673
-0.032458,-0.48239,2.0709
-0.032465,-0.51306,2.0689
-0.032504,-0.53448,2.0748
-0.032433,-0.56605,2.0771
-0.032641,-0.5872,2.086
-0.032531,-0.61993,2.0879
-0.03262,-0.64254,2.0889
-0.032672,-0.67218,2.0901
-0.032648,-0.69769,2.0981
-0.032687,-0.72659,2.1025
-0.032684,-0.74974,2.1044
-0.032591,-0.77959,2.1054
-0.032656,-0.80511,2.1047
-0.032571,-0.83258,2.0976
-0.039907,0.55678,1.4613
-0.041025,0.54764,1.4909
-0.042917,0.55544,1.5495
-0.043977,0.54804,1.6011
-0.045632,0.55371,1.6572
-0.047058,0.54153,1.7
-0.049043,0.55073,1.7771
-0.049276,0.52746,1.7841
-0.033076,0.33963,1.191
-0.033222,0.32383,1.1954
-0.034607,0.32551,1.2444
-0.038326,0.33957,1.3792
-0.041798,0.35405,1.502
-0.044515,0.35393,1.5991
-0.049042,0.37241,1.7653
-0.052523,0.37073,1.8832
-0.056266,0.37613,2.0159
-0.057943,0.36023,2.0856
-0.060014,0.34935,2.1531
-0.060169,0.31924,2.1577
-0.057988,0.28621,2.0818
-0.058028,0.25615,2.0823
-0.058072,0.23466,2.0812
-0.05804,0.20478,2.0805
-0.057981,0.18301,2.0792
-0.057976,0.15334,2.0787
-0.05795,0.13172,2.0791
-0.057871,0.10186,2.0741
-0.05781,0.080382,2.0742
-0.057803,0.050656,2.0722
-0.057756,0.029246,2.0694
-0.05773,-0.00033905,2.068
-0.057661,-0.021747,2.0676
-0.057639,-0.051292,2.0663
-0.057595,-0.072675,2.0629
-0.057584,-0.1023,2.065
-0.057672,-0.12391,2.0707
-0.057407,-0.15339,2.0687
-0.042228,-0.128,1.5206
-0.040844,-0.14427,1.4735
-0.040795,-0.15923,1.472
-0.045193,-0.19912,1.6179
-0.054927,-0.26283,1.9722
-0.057485,-0.30608,2.06
-0.057503,-0.32739,2.065
-0.057478,-0.35676,2.0655
-0.057505,-0.37895,2.0659
-0.057461,-0.40873,2.0668
-0.057587,-0.4305,2.0712
-0.057574,-0.46095,2.0682
-0.057669,-0.48225,2.0729
-0.057669,-0.51321,2.0705
-0.057726,-0.535,2.0794
-0.057628,-0.56591,2.0801
-0.057958,-0.58907,2.0874
-0.057981,-0.61983,2.0874
-0.057964,-0.64318,2.0884
-0.058095,-0.67474,2.0957
-0.058237,-0.69772,2.1022
-0.058206,-0.72713,2.103
-0.058353,-0.75055,2.1048
-0.058389,-0.78138,2.1058
-0.058336,-0.80534,2.1074
-0.058422,-0.83539,2.1056
-0.057639,0.55844,1.4617
-0.059083,0.55072,1.4953
-0.061731,0.5571,1.5543
-0.063257,0.54904,1.6005
-0.065924,0.55458,1.6658
-0.067626,0.54528,1.706
-0.070856,0.54937,1.7802
-0.071177,0.52615,1.7872
-0.048709,0.35053,1.2305
-0.04844,0.32914,1.2152
-0.049181,0.32175,1.2349
-0.055007,0.3384,1.3767
-0.059875,0.35275,1.5001
-0.06374,0.35375,1.5982
-0.070287,0.37029,1.7624
-0.074966,0.36902,1.8806
-0.080128,0.37462,2.0081
-0.083112,0.35956,2.0819
-0.086253,0.34947,2.1601
-0.086467,0.31935,2.1648
-0.083377,0.28622,2.0848
-0.083329,0.25636,2.0823
-0.083293,0.23468,2.0829
-0.083286,0.20503,2.0834
-0.083188,0.18332,2.0827
-0.083176,0.15341,2.0798
-0.083124,0.13173,2.0785
-0.083055,0.10195,2.0756
-0.082994,0.080397,2.0742
-0.082908,0.050747,2.0735
-0.082871,0.029289,2.0722
-0.082819,-0.0003429,2.0688
-0.082768,-0.021781,2.0679
-0.08275,-0.051376,2.0674
-0.082729,-0.072815,2.0703
-0.082771,-0.10236,2.0704
-0.082941,-0.12416,2.0795
-0.082811,-0.1537,2.0776
-0.060536,-0.12794,1.5173
-0.058556,-0.14454,1.471
-0.058489,-0.15953,1.4694
-0.064859,-0.19956,1.634
-0.0791,-0.26271,1.9777
-0.08256,-0.30631,2.0668
-0.082516,-0.32756,2.068
-0.08259,-0.35767,2.0676
-0.082615,-0.37884,2.068
-0.082717,-0.40957,2.0705
-0.082892,-0.4319,2.0726
-0.082777,-0.46133,2.0733
-0.082931,-0.48329,2.0744
-0.082838,-0.51353,2.0808
-0.082975,-0.53494,2.0796
-0.083095,-0.56584,2.0819
-0.083248,-0.58924,2.0876
-0.083374,-0.62011,2.0914
-0.083281,-0.64404,2.0958
-0.08355,-0.67456,2.0985
-0.083743,-0.6977,2.1043
-0.083791,-0.72843,2.106
-0.08401,-0.75194,2.112
-0.083994,-0.78378,2.1121
-0.083938,-0.80504,2.1105
-0.083919,-0.83449,2.12
-0.075048,0.56054,1.4508
-0.077246,0.55102,1.4965
-0.080509,0.55924,1.5625
-0.083475,0.55043,1.6009
-0.08641,0.55578,1.678
-0.088257,0.54744,1.7253
-0.09203,0.54906,1.7816
-0.092435,0.52585,1.7886
-0.0663,0.3624,1.2803
-0.063125,0.32895,1.2146
-0.063305,0.31721,1.2177
-0.07167,0.33672,1.374
-0.078008,0.35243,1.4977
-0.082468,0.35077,1.5928
-0.090993,0.36864,1.7504
-0.096132,0.36669,1.8589
-0.10436,0.37434,2.007
-0.10824,0.35794,2.0778
-0.11264,0.34926,2.1658
-0.11292,0.31916,2.1704
-0.10867,0.28624,2.0864
-0.10856,0.25662,2.0852
-0.10858,0.23475,2.0846
-0.10859,0.20508,2.0844
-0.10851,0.18354,2.0827
-0.10842,0.15359,2.0796
-0.10838,0.13191,2.079
-0.10826,0.102,2.079
-0.10823,0.080458,2.0745
-0.1081,0.050772,2.074
-0.10812,0.029309,2.0728
-0.10804,-0.00034886,2.0712
-0.10793,-0.021828,2.0728
-0.10791,-0.051376,2.0706
-0.10791,-0.072791,2.0705
-0.10804,-0.10253,2.0696
-0.10815,-0.1242,2.0784
-0.10792,-0.15375,2.0764
-0.079204,-0.12787,1.5165
-0.076908,-0.14503,1.4793
-0.076823,-0.16007,1.4777
-0.085566,-0.20395,1.6348
-0.1036,-0.26548,1.9836
-0.10762,-0.30625,2.07
-0.1077,-0.32776,2.0684
-0.10765,-0.35779,2.0678
-0.10772,-0.37965,2.0726
-0.10788,-0.40949,2.0737
-0.10801,-0.43186,2.0744
-0.10795,-0.46137,2.0748
-0.1083,-0.48317,2.0801
-0.10817,-0.51373,2.0818
-0.1083,-0.5365,2.0821
-0.10829,-0.56683,2.0844
-0.10859,-0.58996,2.0886
-0.10867,-0.61998,2.0908
-0.10926,-0.64391,2.0994
-0.10924,-0.67546,2.0979
-0.10938,-0.69862,2.1095
-0.10935,-0.73001,2.1085
-0.10962,-0.75364,2.1132
-0.10956,-0.78397,2.1154
-0.11007,-0.80462,2.1166
-0.10973,-0.83687,2.1102
-0.093857,0.56545,1.4736
-0.096336,0.55522,1.5109
-0.10017,0.55912,1.575
-0.10329,0.55429,1.6159
-0.10711,0.56035,1.6789
-0.10986,0.54845,1.7243
-0.11391,0.554,1.7887
-0.1144,0.53058,1.7957
-0.08493,0.37851,1.3376
-0.076735,0.32334,1.1982
-0.07695,0.3118,1.2013
-0.087521,0.33631,1.3703
-0.09583,0.35163,1.4966
-0.10139,0.35051,1.5897
-0.11161,0.36813,1.7453
-0.11842,0.36363,1.8525
-0.12855,0.37406,2.0064
-0.1332,0.35767,2.0753
-0.13881,0.35011,2.1675
-0.13914,0.31993,2.1721
-0.13386,0.28646,2.0876
-0.13393,0.25645,2.0887
-0.13387,0.23493,2.0886
-0.13394,0.20525,2.0863
-0.13387,0.1835,2.083
-0.13378,0.15356,2.0831
-0.1336,0.13203,2.0811
-0.13357,0.1022,2.0793
-0.13344,0.080489,2.0764
-0.13322,0.050818,2.074
-0.13325,0.029304,2.0739
-0.13317,-0.00035596,2.0741
-0.13315,-0.021849,2.074
-0.13312,-0.051533,2.073
-0.13313,-0.073009,2.0722
-0.13325,-0.10268,2.0713
-0.13358,-0.12436,2.075
-0.13326,-0.15395,2.073
-0.098648,-0.13064,1.5377
-0.095226,-0.14516,1.4782
-0.095122,-0.16021,1.4767
-0.10628,-0.20515,1.6517
-0.1293,-0.26969,2.013
-0.13269,-0.30648,2.0694
-0.1328,-0.32799,2.0694
-0.1329,-0.35833,2.0736
-0.1332,-0.38007,2.0719
-0.13304,-0.41011,2.0743
-0.13306,-0.43159,2.0751
-0.13345,-0.46191,2.0781
-0.13363,-0.48436,2.0789
-0.13366,-0.51401,2.0814
-0.13364,-0.53643,2.0841
-0.13391,-0.56659,2.0865
-0.13392,-0.59006,2.0881
-0.13432,-0.62223,2.0912
-0.13467,-0.64347,2.1032
-0.1348,-0.67655,2.1043
-0.13489,-0.70001,2.1083
-0.13518,-0.73151,2.1072
-0.13567,-0.75373,2.1182
-0.13522,-0.78389,2.1163
-0.13576,-0.80768,2.1174
-0.1355,-0.83747,2.1086
-0.11158,0.56473,1.4693
-0.1147,0.55477,1.5098
-0.11934,0.56116,1.5755
-0.12274,0.55398,1.6147
-0.12746,0.5599,1.6777
-0.13102,0.55072,1.7228
-0.13608,0.55354,1.7879
-0.13666,0.53014,1.7949
-0.10695,0.39764,1.4049
-0.089325,0.31826,1.1728
-0.089572,0.3069,1.1758
-0.10336,0.33452,1.3586
-0.11319,0.35038,1.4877
-0.12038,0.35002,1.5875
-0.13231,0.36781,1.7408
-0.14085,0.36331,1.851
-0.15258,0.3735,2.0048
-0.15803,0.35641,2.0728
-0.16493,0.35003,2.1683
-0.16532,0.31986,2.1729
-0.15941,0.28655,2.0894
-0.15929,0.2569,2.0885
-0.15926,0.23496,2.0895
-0.15922,0.20527,2.0875
-0.15915,0.18368,2.0865
-0.15924,0.15374,2.0832
-0.15891,0.13199,2.0816
-0.15879,0.10219,2.081
-0.15875,0.080685,2.0799
-0.15848,0.050818,2.0782
-0.15845,0.029323,2.0769
-0.15826,-0.00036433,2.0758
-0.15844,-0.021865,2.0757
-0.15818,-0.051549,2.0752
-0.15847,-0.073029,2.0731
-0.15848,-0.10263,2.073
-0.15862,-0.12426,2.0732
-0.15825,-0.15382,2.0713
-0.1178,-0.13101,1.555
-0.11364,-0.14547,1.4829
-0.11351,-0.16056,1.4814
-0.12686,-0.20498,1.666
-0.15406,-0.26946,2.0113
-0.15778,-0.30631,2.0693
-0.15812,-0.32816,2.0678
-0.15803,-0.35844,2.072
-0.15836,-0.37993,2.0725
-0.15834,-0.41007,2.0769
-0.15861,-0.43248,2.0776
-0.15857,-0.46204,2.077
-0.15878,-0.48469,2.0817
-0.15899,-0.51512,2.0855
-0.15937,-0.53713,2.0892
-0.15924,-0.56868,2.0897
-0.15987,-0.59042,2.0935
-0.16003,-0.6219,2.0896
-0.16022,-0.64576,2.1051
-0.16017,-0.6765,2.1053
-0.16119,-0.70064,2.1104
-0.16083,-0.73093,2.1056
-0.16136,-0.75313,2.1167
-0.16157,-0.78687,2.1155
-0.16176,-0.80809,2.1173
-0.1616,-0.83831,2.1172
-0.12941,0.56041,1.4691
-0.13285,0.55426,1.5102
-0.13848,0.56064,1.577
-0.142,0.5535,1.6133
-0.14826,0.56117,1.6762
-0.15172,0.5502,1.7212
-0.15757,0.5519,1.7863
-0.15823,0.52856,1.7933
-0.1332,0.4301,1.5237
-0.10232,0.31267,1.1574
-0.1026,0.30151,1.1604
-0.11926,0.33149,1.35
-0.13104,0.35003,1.4864
-0.13811,0.34831,1.5724
-0.15265,0.36581,1.7356
-0.16305,0.36275,1.836
-0.17637,0.37166,1.9999
-0.18269,0.35605,2.0711
-0.19092,0.35082,2.1662
-0.19136,0.32058,2.1708
-0.18469,0.28694,2.0922
-0.18485,0.25714,2.0912
-0.18472,0.23571,2.0889
-0.18476,0.206,2.0905
-0.18457,0.18381,2.0916
-0.18437,0.15391,2.0871
-0.18444,0.13212,2.083
-0.18409,0.10232,2.0838
-0.18418,0.080655,2.0827
-0.18397,0.050897,2.0802
-0.18377,0.029343,2.0784
-0.1838,-0.00037456,2.0768
-0.1838,-0.021895,2.0778
-0.18367,-0.051596,2.0766
-0.18374,-0.072986,2.076
-0.18369,-0.10271,2.074
-0.18412,-0.12435,2.08
-0.18395,-0.15393,2.0748
-0.13635,-0.13152,1.5632
-0.1318,-0.1459,1.4822
-0.13166,-0.16103,1.4806
-0.14645,-0.20478,1.6555
-0.17775,-0.26866,2.0093
-0.18312,-0.30675,2.0689
-0.18319,-0.32868,2.0695
-0.18307,-0.35853,2.0708
-0.18356,-0.38031,2.0762
-0.18357,-0.41098,2.0767
-0.18385,-0.43305,2.0764
-0.18385,-0.46288,2.0786
-0.184,-0.48479,2.0851
-0.18437,-0.51545,2.0839
-0.1846,-0.53814,2.0881
-0.18448,-0.56928,2.0906
-0.18513,-0.59204,2.0954
-0.18555,-0.62354,2.0937
-0.18574,-0.64633,2.1044
-0.18615,-0.67605,2.1081
-0.18688,-0.70067,2.1117
-0.18651,-0.73125,2.1138
-0.18702,-0.75741,2.1185
-0.18727,-0.78616,2.1199
-0.18736,-0.80739,2.1256
-0.18687,-0.83717,2.1155
-0.14805,0.56226,1.4787
-0.15094,0.55375,1.5087
-0.15733,0.56041,1.5754
-0.16131,0.55352,1.6161
-0.1678,0.55621,1.6707
-0.17236,0.54822,1.7202
-0.17921,0.5513,1.7845
-0.17996,0.52798,1.7915
-0.15797,0.44885,1.5824
-0.11469,0.31036,1.1443
-0.115,0.29928,1.1472
-0.1351,0.32989,1.3419
-0.1485,0.34823,1.4778
-0.15672,0.34708,1.5689
-0.17325,0.36342,1.7243
-0.18361,0.36009,1.8335
-0.20015,0.3706,1.9938
-0.20731,0.356,2.0685
-0.21664,0.3504,2.1638
-0.21714,0.3202,2.1684
-0.21058,0.28744,2.0946
-0.21014,0.25726,2.0928
-0.21022,0.23554,2.0935
-0.21027,0.20597,2.092
-0.21011,0.18429,2.0912
-0.20993,0.15406,2.09
-0.20953,0.13246,2.0882
-0.20963,0.10236,2.086
-0.20942,0.080688,2.0831
-0.20944,0.050881,2.0813
-0.20924,0.029357,2.0809
-0.2091,-0.00038604,2.0785
-0.209,-0.021937,2.0809
-0.2089,-0.05169,2.079
-0.2088,-0.073132,2.0788
-0.20886,-0.10277,2.0776
-0.20931,-0.12428,2.08
-0.20892,-0.15376,2.078
-0.15695,-0.13194,1.5733
-0.15201,-0.14818,1.4958
-0.15185,-0.16355,1.4942
-0.16675,-0.2076,1.6625
-0.20211,-0.26836,2.0087
-0.20825,-0.30729,2.0671
-0.20835,-0.3288,2.0714
-0.20858,-0.35868,2.073
-0.2086,-0.38128,2.0782
-0.20901,-0.41059,2.0779
-0.20913,-0.4326,2.0819
-0.20936,-0.46362,2.0815
-0.20965,-0.48553,2.0866
-0.20967,-0.51589,2.0849
-0.21004,-0.53826,2.0909
-0.21007,-0.569,2.0892
-0.21116,-0.59191,2.0991
-0.21082,-0.62347,2.1018
-0.21148,-0.64593,2.1047
-0.21149,-0.67595,2.107
-0.21245,-0.70122,2.1115
-0.21195,-0.73216,2.1147
-0.21334,-0.75803,2.1164
-0.21287,-0.78635,2.1182
-0.21334,-0.80854,2.1252
-0.21272,-0.83986,2.1244
-0.16424,0.56111,1.4633
-0.16927,0.55531,1.507
-0.17672,0.56296,1.5725
-0.18057,0.55285,1.6143
-0.18855,0.55989,1.6679
-0.19208,0.54718,1.7184
-0.20037,0.54984,1.7644
-0.20121,0.52658,1.7713
-0.17771,0.45225,1.6027
-0.12719,0.3056,1.1348
-0.12753,0.29469,1.1376
-0.15018,0.32856,1.3302
-0.16529,0.34543,1.4733
-0.17508,0.34397,1.5583
-0.1921,0.36242,1.7182
-0.20462,0.35825,1.8198
-0.22332,0.36975,1.9812
-0.23181,0.35553,2.0648
-0.24242,0.35028,2.1672
-0.24298,0.32008,2.1718
-0.23591,0.28788,2.0958
-0.23586,0.25767,2.0957
-0.23578,0.23597,2.094
-0.23564,0.20592,2.0943
-0.23563,0.18423,2.0918
-0.23552,0.15429,2.0915
-0.23533,0.13247,2.0909
-0.23518,0.1026,2.0872
-0.2347,0.080866,2.0851
-0.23445,0.050957,2.0856
-0.23441,0.029365,2.0818
-0.2343,-0.00039864,2.0787
-0.23429,-0.021951,2.0799
-0.23397,-0.051707,2.08
-0.23428,-0.073223,2.0793
-0.23406,-0.1027,2.0781
-0.23421,-0.12413,2.0775
-0.23372,-0.1535,2.0754
-0.19362,-0.14397,1.7096
-0.17539,-0.15486,1.5693
-0.18466,-0.17882,1.6525
-0.19568,-0.21436,1.7578
-0.22616,-0.26875,2.011
-0.2335,-0.30729,2.0688
-0.23354,-0.3288,2.0752
-0.23369,-0.35846,2.0769
-0.23438,-0.38127,2.0786
-0.23427,-0.41105,2.0789
-0.23469,-0.43316,2.0802
-0.2346,-0.46387,2.0808
-0.2348,-0.48647,2.0859
-0.2354,-0.5153,2.0861
-0.2353,-0.5387,2.0936
-0.2355,-0.56961,2.0944
-0.23634,-0.59163,2.0969
-0.23633,-0.62295,2.0995
-0.23686,-0.64701,2.1043
-0.23709,-0.67724,2.1075
-0.23784,-0.70171,2.1127
-0.23799,-0.73222,2.119
-0.23882,-0.75478,2.117
-0.23834,-0.78588,2.1174
-0.23883,-0.80891,2.1241
-0.23796,-0.8393,2.1171
-0.18203,0.56524,1.4726
-0.18754,0.55459,1.5093
-0.19444,0.56222,1.5705
-0.20006,0.5548,1.6072
-0.20942,0.55541,1.663
-0.21417,0.54324,1.7183
-0.22165,0.54998,1.7622
-0.2228,0.52857,1.7807
-0.21029,0.46859,1.6457
-0.13929,0.30279,1.1168
-0.13966,0.29197,1.1197
-0.16553,0.32535,1.326
-0.18214,0.34336,1.4632
-0.19175,0.34121,1.5369
-0.21198,0.35827,1.7106
-0.22539,0.35646,1.812
-0.24681,0.36856,1.9748
-0.25618,0.35473,2.0597
-0.26907,0.34872,2.1636
-0.26969,0.31865,2.1682
-0.26157,0.28811,2.0989
-0.2614,0.25783,2.0959
-0.26143,0.23611,2.0973
-0.26152,0.20617,2.0942
-0.26103,0.1844,2.0947
-0.26109,0.15431,2.0914
-0.2609,0.13253,2.0901
-0.2606,0.10263,2.09
-0.26058,0.080936,2.0886
-0.25985,0.050999,2.0844
-0.25992,0.029399,2.0845
-0.25975,-0.00041268,2.0835
-0.26002,-0.021993,2.0845
-0.2597,-0.051787,2.0813
-0.25955,-0.073353,2.0807
-0.25921,-0.10278,2.0757
-0.25899,-0.12396,2.0745
-0.24945,-0.14758,2.0008
-0.23393,-0.15714,1.8665
-0.21102,-0.16787,1.7047
-0.21362,-0.18531,1.7032
-0.24449,-0.24188,1.9558
-0.25765,-0.27687,2.065
-0.25867,-0.3078,2.0755
-0.25905,-0.32905,2.0751
-0.25909,-0.35926,2.0765
-0.25972,-0.38145,2.0815
-0.25973,-0.41138,2.0802
-0.2597,-0.43406,2.0809
-0.25998,-0.46364,2.0877
-0.2603,-0.48613,2.0892
-0.26071,-0.51605,2.0926
-0.26117,-0.54034,2.0933
-0.26139,-0.56999,2.0984
-0.26154,-0.59255,2.0972
-0.2617,-0.62392,2.0998
-0.26336,-0.64728,2.1066
-0.26265,-0.67871,2.1124
-0.26363,-0.70079,2.1112
-0.26327,-0.73243,2.1142
-0.26455,-0.75381,2.1174
-0.26401,-0.78572,2.1148
-0.26423,-0.80872,2.1228
-0.26403,-0.83685,2.1176
-0.20041,0.56051,1.4728
-0.2057,0.55231,1.506
-0.21361,0.5612,1.5696
-0.2192,0.554,1.6037
-0.22945,0.55934,1.6607
-0.23245,0.54564,1.7159
-0.24284,0.54917,1.7713
-0.24421,0.52778,1.7814
-0.2449,0.51071,1.783
-0.15198,0.30102,1.1152
-0.15238,0.29027,1.118
-0.17818,0.32118,1.3057
-0.19716,0.34054,1.4421
-0.20896,0.33691,1.5316
-0.23084,0.35612,1.6898
-0.24599,0.35403,1.7932
-0.26949,0.36749,1.9686
-0.28059,0.35366,2.0509
-0.29473,0.34816,2.1604
-0.2954,0.31814,2.165
-0.28701,0.28786,2.0988
-0.28703,0.25809,2.0995
-0.28672,0.23622,2.096
-0.28694,0.20631,2.0972
-0.2868,0.18449,2.0954
-0.28629,0.15439,2.0929
-0.28648,0.13265,2.0919
-0.28628,0.10273,2.0927
-0.28561,0.080928,2.0897
-0.28561,0.051072,2.087
-0.2855,0.029423,2.0848
-0.2851,-0.00042896,2.0815
-0.28498,-0.021975,2.0813
-0.28444,-0.051719,2.0781
-0.28427,-0.073251,2.0774
-0.28287,-0.10246,2.0708
-0.27985,-0.12251,2.0578
-0.24547,-0.1342,1.7998
-0.25144,-0.1555,1.8467
-0.24497,-0.17847,1.796
-0.25087,-0.20043,1.8424
-0.27406,-0.24781,2.0024
-0.28387,-0.2777,2.0744
-0.28415,-0.30802,2.0751
-0.28444,-0.32945,2.0781
-0.28443,-0.35963,2.0802
-0.28475,-0.38183,2.0807
-0.28488,-0.41202,2.082
-0.28562,-0.43411,2.0849
-0.28566,-0.46461,2.0908
-0.2859,-0.48657,2.0923
-0.2861,-0.51757,2.09
-0.28656,-0.54043,2.0978
-0.28696,-0.57124,2.0992
-0.28755,-0.59196,2.099
-0.28745,-0.62353,2.1023
-0.28853,-0.64634,2.1039
-0.28894,-0.67829,2.11
-0.28958,-0.70051,2.1142
-0.28846,-0.73209,2.1147
-0.28956,-0.75532,2.1174
-0.28967,-0.78538,2.1225
-0.29028,-0.80815,2.121
-0.28966,-0.8367,2.1098
-0.21725,0.56187,1.4784
-0.22409,0.55145,1.5038
-0.23182,0.56032,1.5673
-0.23831,0.55313,1.6013
-0.24859,0.55736,1.6682
-0.25366,0.54425,1.7108
-0.26273,0.54828,1.7717
-0.26602,0.53319,1.7929
-0.26678,0.51594,1.7978
-0.16516,0.30052,1.1165
-0.1656,0.28979,1.1193
-0.19242,0.31634,1.292
-0.21391,0.33932,1.4366
-0.22634,0.33567,1.5141
-0.24826,0.35352,1.6674
-0.26571,0.34914,1.7874
-0.29248,0.36542,1.9614
-0.30466,0.35305,2.0422
-0.31854,0.34603,2.1476
-0.31925,0.31618,2.1521
-0.31266,0.28825,2.103
-0.31246,0.25792,2.1005
-0.31231,0.23637,2.103
-0.31268,0.20636,2.0989
-0.3124,0.18472,2.0978
-0.31279,0.15463,2.0984
-0.31158,0.13276,2.0945
-0.31175,0.10264,2.0925
-0.31139,0.081018,2.092
-0.31076,0.050985,2.0899
-0.3105,0.029374,2.0839
-0.30979,-0.00044497,2.0806
-0.30867,-0.021864,2.0741
-0.30783,-0.051435,2.0711
-0.30752,-0.072795,2.0686
-0.25984,-0.08558,1.7381
-0.24158,-0.098285,1.6159
-0.25428,-0.12656,1.6653
-0.27291,-0.15457,1.8426
-0.27257,-0.1805,1.8402
-0.27259,-0.2001,1.8393
-0.29779,-0.24748,1.9992
-0.30936,-0.27834,2.0746
-0.30955,-0.30786,2.0762
-0.30967,-0.32949,2.0808
-0.30991,-0.36008,2.0809
-0.31021,-0.38216,2.0819
-0.31065,-0.41192,2.0831
-0.31092,-0.43504,2.0865
-0.31099,-0.4641,2.0935
-0.31143,-0.48756,2.0929
-0.31205,-0.51757,2.0946
-0.31185,-0.54009,2.0975
-0.31263,-0.57048,2.0961
-0.31291,-0.59256,2.1007
-0.31354,-0.62415,2.1013
-0.31404,-0.64571,2.1026
-0.31435,-0.67866,2.1074
-0.31474,-0.69959,2.1136
-0.31498,-0.73265,2.1115
-0.3154,-0.75624,2.1217
-0.31507,-0.78588,2.1194
-0.31593,-0.80725,2.1179
-0.31519,-0.83732,2.1123
-0.23606,0.5617,1.4794
-0.2414,0.55348,1.4998
-0.25067,0.56195,1.5601
-0.25728,0.55044,1.6027
-0.26837,0.55747,1.6715
-0.27383,0.54535,1.701
-0.28492,0.54755,1.7799
-0.28963,0.53414,1.795
-0.29045,0.51686,1.7998
-0.1816,0.3047,1.1276
-0.18208,0.29381,1.1304
-0.20504,0.31362,1.2791
-0.22888,0.33483,1.4181
-0.24215,0.33358,1.5089
-0.26638,0.34825,1.657
-0.28463,0.34773,1.7743
-0.31442,0.36414,1.9514
-0.32745,0.35148,2.0373
-0.3438,0.34538,2.1313
-0.34457,0.31558,2.1357
-0.33859,0.28858,2.1017
-0.33809,0.25823,2.103
-0.33809,0.23676,2.1024
-0.33776,0.20687,2.1052
-0.33779,0.18473,2.0991
-0.33778,0.1547,2.0994
-0.33783,0.13279,2.0966
-0.33756,0.10274,2.0964
-0.33715,0.081007,2.0942
-0.33604,0.051015,2.0891
-0.33526,0.029301,2.0853
-0.33312,-0.00045897,2.0679
-0.28031,-0.018304,1.7281
-0.271,-0.042064,1.6738
-0.26941,-0.057778,1.647
-0.24717,-0.075372,1.5415
-0.24704,-0.091085,1.538
-0.25019,-0.11597,1.5396
-0.28762,-0.1523,1.792
-0.28727,-0.17786,1.7898
-0.29387,-0.19887,1.835
-0.32134,-0.24696,1.9955
-0.3338,-0.27794,2.0723
-0.33423,-0.30743,2.0755
-0.33475,-0.32945,2.0776
-0.3352,-0.35965,2.0774
-0.33558,-0.3817,2.0829
-0.33558,-0.41236,2.0852
-0.33629,-0.43444,2.0856
-0.33669,-0.46544,2.0899
-0.33732,-0.48695,2.0909
-0.3371,-0.5175,2.0922
-0.33797,-0.54012,2.0966
-0.33818,-0.57036,2.0988
-0.33839,-0.59307,2.1042
-0.33894,-0.62362,2.103
-0.33921,-0.64543,2.1066
-0.33952,-0.67789,2.1058
-0.3405,-0.70031,2.1166
-0.34054,-0.7318,2.1099
-0.34154,-0.75566,2.1185
-0.34072,-0.78604,2.116
-0.34189,-0.80746,2.1207
-0.34161,-0.8393,2.1207
-0.25316,0.56234,1.4602
-0.2585,0.55248,1.4971
-0.26989,0.56093,1.5574
-0.2776,0.55033,1.6031
-0.28805,0.55645,1.6686
-0.29435,0.54267,1.7049
-0.30609,0.54555,1.7768
-0.31301,0.53485,1.8159
-0.31389,0.51753,1.8208
-0.20027,0.31026,1.153
-0.20079,0.29917,1.1559
-0.21609,0.30814,1.2521
-0.2443,0.33189,1.4096
-0.25985,0.33179,1.4948
-0.28273,0.34581,1.6401
-0.30365,0.34365,1.7562
-0.33605,0.36201,1.9415
-0.35087,0.34942,2.0334
-0.36817,0.34468,2.1272
-0.36899,0.31494,2.1317
-0.36397,0.28854,2.1065
-0.36401,0.25849,2.102
-0.364,0.23671,2.1037
-0.36362,0.20689,2.1054
-0.3637,0.18505,2.1043
-0.36326,0.15459,2.0999
-0.36275,0.13276,2.0987
-0.36277,0.1027,2.0941
-0.36192,0.080909,2.0917
-0.36086,0.050893,2.085
-0.35928,0.0291,2.0783
-0.30076,-0.00040013,1.7249
-0.27542,-0.016614,1.5806
-0.26784,-0.037454,1.5399
-0.26535,-0.052685,1.5319
-0.26521,-0.074026,1.5139
-0.26528,-0.09223,1.513
-0.26845,-0.11575,1.5366
-0.27292,-0.13309,1.5559
-0.28918,-0.1658,1.6703
-0.29161,-0.18583,1.6769
-0.31248,-0.21765,1.7593
-0.34437,-0.26692,1.9892
-0.35749,-0.30651,2.0685
-0.35838,-0.32822,2.0691
-0.35892,-0.35853,2.0729
-0.35981,-0.38097,2.0782
-0.36011,-0.41158,2.0813
-0.36088,-0.43401,2.0876
-0.36181,-0.46456,2.089
-0.36292,-0.48707,2.0922
-0.36323,-0.51664,2.0955
-0.36339,-0.54084,2.0951
-0.36355,-0.57019,2.097
-0.36353,-0.59285,2.1033
-0.36402,-0.62339,2.1051
-0.36443,-0.64559,2.105
-0.3645,-0.67827,2.109
-0.3655,-0.70113,2.1149
-0.3661,-0.73263,2.1136
-0.36659,-0.75555,2.1163
-0.36638,-0.78466,2.1214
-0.36774,-0.80906,2.1271
-0.36703,-0.83883,2.1183
-0.26972,0.55989,1.4649
-0.27545,0.55143,1.4943
-0.28823,0.55769,1.5597
-0.29646,0.54849,1.5995
-0.30736,0.55536,1.6668
-0.31433,0.5416,1.7019
-0.32768,0.54558,1.7726
-0.33675,0.53269,1.8065
-0.3377,0.51544,1.8114
-0.21919,0.31828,1.1949
-0.21976,0.3069,1.1946
-0.22753,0.30138,1.2258
-0.25863,0.32913,1.3945
-0.2724,0.32737,1.4798
-0.29807,0.34104,1.6224
-0.32173,0.3409,1.7335
-0.35704,0.36124,1.9373
-0.37441,0.34868,2.0292
-0.39287,0.34381,2.1258
-0.39374,0.31415,2.1302
-0.39012,0.28944,2.1073
-0.38933,0.25857,2.1059
-0.38957,0.23709,2.1019
-0.38988,0.20715,2.1031
-0.38946,0.18504,2.1041
-0.38906,0.15483,2.1022
-0.38783,0.13246,2.0944
-0.38681,0.10228,2.0895
-0.38576,0.080646,2.0804
-0.38347,0.050377,2.0735
-0.32355,0.024713,1.7397
-0.29404,-0.00037857,1.5774
-0.28429,-0.015916,1.5296
-0.28114,-0.037032,1.5136
-0.28107,-0.05243,1.5116
-0.28141,-0.073668,1.5003
-0.28299,-0.089781,1.4995
-0.28296,-0.11364,1.5055
-0.28274,-0.12941,1.5044
-0.27964,-0.14982,1.5155
-0.29617,-0.17345,1.5927
-0.31084,-0.20942,1.6708
-0.3332,-0.23514,1.7534
-0.34693,-0.27426,1.8654
-0.36788,-0.31503,1.9932
-0.3758,-0.3497,2.0285
-0.37923,-0.37724,2.0548
-0.38318,-0.40982,2.0706
-0.38382,-0.43172,2.0751
-0.38474,-0.46181,2.0785
-0.38577,-0.48484,2.0802
-0.38784,-0.51551,2.0921
-0.3881,-0.53976,2.0928
-0.38819,-0.56927,2.0979
-0.38868,-0.59194,2.1002
-0.38985,-0.62426,2.1046
-0.38947,-0.64548,2.108
-0.38986,-0.67774,2.1073
-0.3915,-0.70096,2.1134
-0.39227,-0.73124,2.1132
-0.39235,-0.75619,2.1172
-0.39289,-0.78424,2.1175
-0.39282,-0.80809,2.1246
-0.39378,-0.8449,2.1147
-0.28702,0.55911,1.4579
-0.29288,0.5513,1.4908
-0.30666,0.55602,1.5567
-0.31521,0.54735,1.5963
-0.32679,0.5541,1.6635
-0.33472,0.54046,1.6985
-0.34839,0.54533,1.7561
-0.35424,0.53155,1.7995
-0.35522,0.51433,1.8043
-0.24451,0.33648,1.2556
-0.23363,0.30623,1.1921
-0.23683,0.29377,1.196
-0.27232,0.32571,1.3786
-0.28715,0.32231,1.4663
-0.31573,0.33947,1.5927
-0.33987,0.33815,1.7187
-0.37864,0.35711,1.9217
-0.39673,0.34573,2.0182
-0.41761,0.34181,2.1229
-0.41852,0.31231,2.1273
-0.4157,0.28924,2.1134
-0.41573,0.25918,2.1073
-0.41624,0.23732,2.1097
-0.41517,0.20723,2.1127
-0.41532,0.18545,2.1082
-0.41446,0.1548,2.1006
-0.4113,0.1321,2.0889
-0.39516,0.098054,2.0052
-0.35699,0.06992,1.8163
-0.34382,0.042789,1.7355
-0.33294,0.023723,1.7061
-0.30644,-0.00039451,1.5527
-0.29191,-0.015639,1.5081
-0.28967,-0.036491,1.4854
-0.29178,-0.052308,1.4874
-0.29188,-0.073484,1.4865
-0.28843,-0.085094,1.4676
-0.28119,-0.10367,1.4186
-0.28189,-0.11909,1.4241
-0.29034,-0.14501,1.4844
-0.29492,-0.16268,1.5093
-0.33041,-0.20897,1.6671
-0.33988,-0.22922,1.7495
-0.3535,-0.26384,1.7812
-0.35033,-0.28187,1.7785
-0.34668,-0.30295,1.7342
-0.34608,-0.32057,1.7312
-0.36711,-0.36958,1.8504
-0.38401,-0.4053,1.9501
-0.39424,-0.44135,1.9899
-0.40216,-0.47341,2.0368
-0.4061,-0.50931,2.0605
-0.41132,-0.53767,2.0828
-0.41116,-0.56775,2.0881
-0.41258,-0.59066,2.0891
-0.41447,-0.62297,2.1013
-0.41557,-0.64504,2.1043
-0.41572,-0.67814,2.1118
-0.41681,-0.70131,2.1131
-0.41746,-0.72976,2.1111
-0.41905,-0.75514,2.1142
-0.41815,-0.78631,2.1143
-0.41831,-0.80673,2.1206
-0.41815,-0.83799,2.1227
-0.30322,0.56134,1.448
-0.3118,0.55012,1.4877
-0.32479,0.55509,1.5521
-0.33278,0.54616,1.5904
-0.34393,0.5523,1.66
-0.35208,0.54109,1.6904
-0.36664,0.54412,1.7605
-0.37514,0.52945,1.7926
-0.37618,0.51229,1.7973
-0.27578,0.35917,1.3317
-0.24257,0.3007,1.155
-0.24339,0.28516,1.1587
-0.28651,0.32276,1.3683
-0.30092,0.31945,1.4444
-0.33014,0.33361,1.575
-0.35519,0.3337,1.6946
-0.39855,0.35501,1.9059
-0.42004,0.34455,2.006
-0.44257,0.3422,2.1137
-0.44353,0.31267,2.118
-0.44243,0.29008,2.1146
-0.44102,0.25903,2.1122
-0.44156,0.23751,2.1085
-0.44223,0.20768,2.1115
-0.44265,0.18575,2.1135
-0.43882,0.1544,2.1056
-0.41802,0.1262,1.999
-0.37497,0.085646,1.7659
-0.35178,0.065054,1.7007
-0.35196,0.041032,1.7015
-0.34892,0.023176,1.6496
-0.33315,-0.00041306,1.5779
-0.32022,-0.016212,1.5345
-0.30183,-0.036105,1.4646
-0.30175,-0.0505,1.4642
-0.30144,-0.070198,1.434
-0.29316,-0.083321,1.4064
-0.29284,-0.10308,1.4051
-0.29629,-0.11837,1.4161
-0.2991,-0.13979,1.4363
-0.31226,-0.16231,1.5058
-0.35506,-0.20627,1.6791
-0.35987,-0.2287,1.7454
-0.39203,-0.27459,1.8685
-0.37094,-0.28123,1.7744
-0.34353,-0.28765,1.6529
-0.33155,-0.29367,1.6345
-0.33071,-0.31583,1.6304
-0.35507,-0.35276,1.7101
-0.36418,-0.38135,1.7417
-0.37301,-0.4146,1.7546
-0.37941,-0.44564,1.8207
-0.40604,-0.49813,1.9233
-0.42452,-0.54925,2.0223
-0.43062,-0.58334,2.0628
-0.43785,-0.6186,2.0836
-0.4401,-0.64433,2.1004
-0.44215,-0.67926,2.1137
-0.44294,-0.70031,2.1103
-0.44345,-0.73384,2.1154
-0.44401,-0.75651,2.1168
-0.44342,-0.78558,2.1154
-0.44338,-0.80934,2.125
-0.44531,-0.83885,2.1272
-0.3221,0.5554,1.4516
-0.3291,0.54691,1.4845
-0.34281,0.55325,1.5487
-0.3515,0.54547,1.5869
-0.36583,0.55075,1.6406
-0.37273,0.53983,1.6866
-0.38694,0.541,1.7484
-0.39431,0.5282,1.7915
-0.39539,0.51107,1.7962
-0.31715,0.38021,1.4528
-0.25248,0.29606,1.1382
-0.25333,0.28075,1.1419
-0.30069,0.32097,1.3587
-0.31682,0.31717,1.4323
-0.34506,0.32929,1.5647
-0.37121,0.32919,1.68
-0.41513,0.35046,1.8879
-0.44043,0.34367,1.9939
-0.46698,0.34277,2.1086
-0.468,0.31318,2.1129
-0.46779,0.29034,2.1148
-0.46769,0.25968,2.1146
-0.46774,0.23775,2.1155
-0.46845,0.20788,2.1201
-0.46796,0.18617,2.113
-0.46298,0.15385,2.1037
-0.3953,0.11022,1.7602
-0.37098,0.081913,1.6784
-0.37116,0.064869,1.6791
-0.37134,0.040908,1.6813
-0.36817,0.023538,1.6816
-0.35939,-0.00044803,1.615
-0.34307,-0.016561,1.56
-0.32358,-0.036345,1.4782
-0.31838,-0.049914,1.4387
-0.30947,-0.068877,1.4049
-0.30901,-0.082715,1.3959
-0.30622,-0.10189,1.3748
-0.30599,-0.1175,1.3759
-0.31224,-0.13879,1.4229
-0.32122,-0.15491,1.4539
-0.33408,-0.18625,1.5217
-0.37971,-0.22742,1.7412
-0.41365,-0.27393,1.864
-0.3914,-0.28055,1.7701
-0.35044,-0.27686,1.6334
-0.32409,-0.26977,1.4927
-0.32328,-0.28787,1.4689
-0.3254,-0.3024,1.466
-0.32802,-0.32838,1.4949
-0.32731,-0.34916,1.4917
-0.32865,-0.36952,1.4787
-0.32787,-0.38414,1.4752
-0.33076,-0.40618,1.5005
-0.34659,-0.43841,1.5804
-0.44794,-0.59784,2.023
-0.46277,-0.64286,2.0956
-0.46731,-0.67839,2.1096
-0.46838,-0.69985,2.1175
-0.46896,-0.73345,2.1117
-0.46922,-0.75593,2.1202
-0.4692,-0.78566,2.1233
-0.469,-0.81065,2.1256
-0.47289,-0.84784,2.1298
-0.33619,0.55154,1.4467
-0.34628,0.54561,1.4896
-0.36095,0.55192,1.5529
-0.36959,0.54472,1.5841
-0.38168,0.54864,1.6368
-0.39076,0.53851,1.686
-0.40654,0.53904,1.7523
-0.4154,0.5231,1.784
-0.41653,0.50614,1.7887
-0.35626,0.41163,1.5193
-0.26068,0.29118,1.1202
-0.26156,0.27611,1.1239
-0.31371,0.31697,1.3484
-0.33159,0.31447,1.4169
-0.3601,0.32472,1.5587
-0.38836,0.32758,1.6672
-0.4359,0.34765,1.8628
-0.46278,0.34023,1.9798
-0.49228,0.34186,2.1032
-0.49487,0.31234,2.117
-0.49471,0.29012,2.1153
-0.49315,0.25987,2.1155
-0.49375,0.23783,2.1175
-0.4961,0.20887,2.1209
-0.49473,0.18623,2.1175
-0.45989,0.14597,1.9684
-0.39722,0.10899,1.6962
-0.38449,0.07934,1.6476
-0.3832,0.062923,1.6484
-0.38487,0.040014,1.649
-0.38379,0.023015,1.6412
-0.37801,-0.00046346,1.6138
-0.3697,-0.016572,1.5698
-0.35071,-0.037616,1.5226
-0.33544,-0.049646,1.4447
-0.32466,-0.068294,1.4
-0.32235,-0.080607,1.3709
-0.32196,-0.099675,1.3564
-0.32079,-0.11235,1.3553
-0.32146,-0.13296,1.3707
-0.32206,-0.15191,1.4039
-0.32574,-0.17186,1.4156
-0.34556,-0.20104,1.5159
-0.34977,-0.22431,1.5146
-0.34926,-0.23965,1.5124
-0.32341,-0.24803,1.4077
-0.32129,-0.24917,1.3581
-0.31426,-0.26659,1.3492
-0.31366,-0.27838,1.3384
-0.31414,-0.2982,1.3384
-0.31394,-0.31168,1.3384
-0.31763,-0.3351,1.3572
-0.32088,-0.35156,1.38
-0.32875,-0.37781,1.4012
-0.33827,-0.41054,1.45
-0.36329,-0.45791,1.5708
-0.46996,-0.6156,2.0126
-0.49361,-0.6779,2.1084
-0.49512,-0.70191,2.1154
-0.49441,-0.73215,2.1196
-0.49448,-0.7568,2.127
-0.49508,-0.78883,2.1228
-0.49665,-0.81176,2.1349
-0.49857,-0.84241,2.1361
-0.35543,0.55331,1.459
-0.36388,0.54555,1.4866
-0.37551,0.55038,1.5491
-0.38778,0.54334,1.5802
-0.40121,0.54645,1.6404
-0.40914,0.53453,1.6819
-0.42652,0.53638,1.7365
-0.43556,0.51949,1.7716
-0.43674,0.50264,1.7762
-0.40324,0.42856,1.6366
-0.27209,0.28772,1.11
-0.273,0.27283,1.1135
-0.32862,0.31481,1.3341
-0.3441,0.31068,1.4103
-0.37397,0.32298,1.5313
-0.40183,0.32144,1.6428
-0.4537,0.34273,1.8429
-0.48287,0.33909,1.9724
-0.51647,0.3409,2.107
-0.51953,0.31156,2.113
-0.52008,0.29085,2.124
-0.51985,0.2598,2.1152
-0.51977,0.23821,2.1163
-0.52189,0.20899,2.1236
-0.52105,0.18669,2.1167
-0.48236,0.14554,1.963
-0.40301,0.10125,1.6225
-0.38204,0.075801,1.5624
-0.39412,0.059815,1.5697
-0.40212,0.038362,1.5783
-0.40221,0.022183,1.6093
-0.37232,-0.00045968,1.538
-0.36791,-0.016029,1.5188
-0.35238,-0.035012,1.4411
-0.35018,-0.049107,1.4139
-0.34053,-0.068123,1.393
-0.33496,-0.080333,1.3533
-0.33241,-0.098629,1.3408
-0.32862,-0.11156,1.3397
-0.32746,-0.12919,1.336
-0.33142,-0.14376,1.3398
-0.33092,-0.16296,1.3285
-0.31452,-0.17241,1.3212
-0.31396,-0.1899,1.2938
-0.31477,-0.20374,1.2827
-0.3191,-0.22339,1.2896
-0.31954,-0.23754,1.3048
-0.32083,-0.25805,1.3091
-0.32464,-0.27352,1.3102
-0.32583,-0.29362,1.3233
-0.32816,-0.30911,1.3284
-0.32831,-0.32901,1.3308
-0.33182,-0.34746,1.3505
-0.33549,-0.36895,1.3719
-0.34529,-0.39709,1.4021
-0.36355,-0.43744,1.4825
-0.49305,-0.61405,2.0075
-0.51939,-0.67763,2.1071
-0.51952,-0.70173,2.1198
-0.52044,-0.73265,2.1267
-0.52112,-0.75629,2.1265
-0.52209,-0.78752,2.1243
-0.52274,-0.81322,2.1326
-0.52548,-0.84399,2.1284
-0.37125,0.5534,1.4497
-0.38084,0.5451,1.4829
-0.393,0.54894,1.5401
-0.40454,0.53825,1.5674
-0.41988,0.54274,1.6362
-0.42766,0.53269,1.6669
-0.44635,0.53273,1.728
-0.4558,0.51687,1.7649
-0.45703,0.50009,1.7611
-0.42494,0.44689,1.6487
-0.28393,0.28547,1.1009
-0.28487,0.27069,1.1044
-0.34023,0.31263,1.3236
-0.35907,0.30845,1.3875
-0.38731,0.31691,1.5165
-0.41939,0.31942,1.6249
-0.46946,0.34097,1.8285
-0.50364,0.33625,1.961
-0.54037,0.33988,2.0997
-0.54442,0.31142,2.1168
-0.54675,0.29086,2.1256
-0.54511,0.26025,2.1217
-0.54569,0.23841,2.1231
-0.5486,0.20884,2.1294
-0.55014,0.18702,2.133
-0.53646,0.15395,2.104
-0.40549,0.098761,1.5658
-0.39446,0.07446,1.5499
-0.38548,0.057362,1.5239
-0.35898,0.033888,1.4185
-0.35906,0.019331,1.3808
-0.35912,-0.00043603,1.4024
-0.36189,-0.014755,1.4023
-0.36439,-0.034578,1.3983
-0.35644,-0.048423,1.3785
-0.35061,-0.066318,1.3444
-0.34806,-0.079491,1.3382
-0.34325,-0.096289,1.3235
-0.32956,-0.10824,1.2722
-0.32442,-0.12585,1.2611
-0.32405,-0.13789,1.2599
-0.32394,-0.15571,1.2604
-0.32583,-0.16971,1.2736
-0.32711,-0.18777,1.2712
-0.32777,-0.20157,1.2697
-0.32854,-0.2209,1.2764
-0.33227,-0.23574,1.2789
-0.33257,-0.25477,1.2945
-0.33356,-0.27023,1.2974
-0.33689,-0.29075,1.3029
-0.34043,-0.30544,1.3111
-0.34232,-0.32788,1.3272
-0.34606,-0.34377,1.3469
-0.35106,-0.3674,1.3671
-0.36432,-0.39603,1.3984
-0.43846,-0.50052,1.6877
-0.53726,-0.64193,2.0928
-0.5452,-0.67969,2.119
-0.54763,-0.7027,2.1194
-0.54672,-0.73377,2.1213
-0.54856,-0.75753,2.128
-0.54777,-0.78807,2.1249
-0.54896,-0.81413,2.1312
-0.55308,-0.84694,2.14
-0.38962,0.54885,1.4476
-0.39623,0.54495,1.4776
-0.41035,0.54794,1.5351
-0.42203,0.53594,1.5633
-0.43851,0.53915,1.6297
-0.44651,0.52959,1.6604
-0.46596,0.52532,1.7187
-0.47217,0.51518,1.7518
-0.47343,0.49845,1.7563
-0.44672,0.44668,1.6453
-0.29641,0.28465,1.0978
-0.29739,0.2699,1.1013
-0.35518,0.30866,1.3138
-0.37392,0.30519,1.3768
-0.40346,0.31569,1.4974
-0.43356,0.3147,1.6159
-0.48867,0.33676,1.8133
-0.52337,0.33407,1.9465
-0.56378,0.33727,2.0916
-0.5708,0.31213,2.1206
-0.57228,0.29109,2.1236
-0.57173,0.26075,2.123
-0.57241,0.23879,2.1219
-0.57368,0.20885,2.1267
-0.57503,0.18703,2.1319
-0.57504,0.15668,2.1341
-0.45879,0.10562,1.7107
-0.41717,0.075479,1.5599
-0.3829,0.055102,1.4137
-0.36996,0.032678,1.3742
-0.35984,0.018567,1.3615
-0.3591,-0.00044341,1.3374
-0.36002,-0.014304,1.3609
-0.35996,-0.03336,1.3278
-0.35394,-0.04614,1.32
-0.3499,-0.064119,1.3104
-0.34583,-0.076014,1.2804
-0.34188,-0.092846,1.2604
-0.33865,-0.10576,1.259
-0.33775,-0.12349,1.2484
-0.33793,-0.13638,1.2513
-0.33773,-0.15468,1.2502
-0.33772,-0.16813,1.2545
-0.33948,-0.18661,1.2585
-0.3419,-0.19984,1.2654
-0.34254,-0.21948,1.27
-0.34309,-0.23323,1.2742
-0.34599,-0.25341,1.2832
-0.3482,-0.26931,1.2928
-0.35162,-0.28739,1.2938
-0.35439,-0.304,1.3069
-0.35736,-0.32402,1.3227
-0.36127,-0.34633,1.3433
-0.38114,-0.38135,1.398
-0.4594,-0.47671,1.6891
-0.56244,-0.62018,2.0927
-0.56977,-0.64952,2.1149
-0.57239,-0.67956,2.1144
-0.57249,-0.70308,2.1218
-0.57301,-0.73262,2.1256
-0.57433,-0.75769,2.1269
-0.57316,-0.78715,2.1253
-0.57618,-0.81371,2.1284
-0.57639,-0.84899,2.1416
-0.40279,0.5517,1.447
-0.41218,0.54358,1.4736
-0.4279,0.54638,1.5309
-0.4362,0.53441,1.5641
-0.4611,0.53573,1.6251
-0.46754,0.52614,1.6521
-0.48536,0.52379,1.7106
-0.49466,0.50747,1.7671
-0.49322,0.50349,1.7546
-0.46539,0.44534,1.7035
-0.3111,0.28712,1.1064
-0.30801,0.26836,1.0934
-0.36769,0.3066,1.3064
-0.38477,0.30425,1.3714
-0.41917,0.31472,1.4823
-0.44924,0.30989,1.5867
-0.50391,0.33236,1.7852
-0.54352,0.32793,1.9292
-0.58528,0.33574,2.0772
-0.59771,0.31379,2.1247
-0.59647,0.29044,2.1171
-0.59715,0.26081,2.1273
-0.59764,0.23893,2.1236
-0.59837,0.20817,2.1279
-0.59724,0.18627,2.1221
-0.60612,0.15836,2.1534
-0.59935,0.13401,2.1355
-0.47824,0.081322,1.7067
-0.40279,0.054908,1.3773
-0.3747,0.031654,1.3187
-0.37396,0.018312,1.3332
-0.37281,-0.00045956,1.333
-0.36941,-0.014074,1.323
-0.36567,-0.032279,1.2992
-0.36202,-0.044624,1.2821
-0.35657,-0.062745,1.2479
-0.35421,-0.07482,1.2471
-0.3536,-0.092457,1.2565
-0.35163,-0.10523,1.2461
-0.35113,-0.12312,1.2425
-0.35231,-0.13598,1.2423
-0.35165,-0.15337,1.2428
-0.35073,-0.16766,1.2458
-0.35185,-0.18545,1.2435
-0.35509,-0.19877,1.2646
-0.35649,-0.21868,1.2589
-0.35966,-0.23252,1.2649
-0.3565,-0.25079,1.2802
-0.36727,-0.26852,1.2894
-0.36667,-0.28654,1.2987
-0.36917,-0.30206,1.3228
-0.37695,-0.33147,1.328
-0.39837,-0.36416,1.4167
-0.49604,-0.47321,1.7649
-0.59217,-0.59296,2.1059
-0.59576,-0.62489,2.1146
-0.5936,-0.64986,2.1165
-0.59634,-0.68108,2.1154
-0.59893,-0.70305,2.1284
-0.59969,-0.73479,2.1278
-0.59979,-0.75674,2.1211
-0.60199,-0.79188,2.1245
-0.6028,-0.81327,2.1327
-0.60645,-0.85226,2.1456
