0.31157,0.38742,1.006
0.31377,0.37419,1.0147
0.30435,0.35064,0.98025
0.30621,0.33816,0.9759
0.29601,0.3209,0.96563
0.2985,0.30599,0.94797
0.29293,0.289,0.93876
0.28485,0.2709,0.91725
0.28942,0.2653,0.93627
0.28234,0.24553,0.90742
0.27683,0.23381,0.88357
0.27727,0.22078,0.88613
0.28335,0.2139,0.89977
0.28226,0.20269,0.90903
0.27802,0.18778,0.8899
0.27508,0.1744,0.88403
0.28306,0.16896,0.90769
0.2868,0.15729,0.90966
0.27642,0.14434,0.88577
0.28006,0.13329,0.90546
0.27787,0.12186,0.89028
0.2803,0.111,0.90222
0.27765,0.10033,0.89224
0.28036,0.088765,0.8985
0.28499,0.080045,0.91057
0.27848,0.066206,0.89759
0.28402,0.057409,0.90784
0.28993,0.045728,0.92582
0.28473,0.035188,0.90781
0.28266,0.022026,0.90959
0.28354,0.012657,0.90751
0.2824,-0.00035132,0.9027
0.27833,-0.0096457,0.89515
0.27544,-0.022194,0.88473
0.27749,-0.03138,0.88212
0.27559,-0.044172,0.88576
0.28002,-0.053894,0.90419
0.27651,-0.066273,0.88732
0.27774,-0.075728,0.89322
0.27375,-0.087134,0.87476
0.27638,-0.09728,0.88566
0.27619,-0.10969,0.88782
0.27202,-0.11726,0.87464
0.27263,-0.13041,0.87579
0.27013,-0.13867,0.86616
0.27066,-0.15135,0.86661
0.27267,-0.16099,0.87009
0.27199,-0.1728,0.87488
0.26962,-0.17926,0.86516
0.2706,-0.19287,0.86559
0.2699,-0.20187,0.86388
0.26441,-0.21115,0.84708
0.26394,-0.21765,0.84394
0.26282,-0.22905,0.84254
0.26266,-0.2378,0.84024
0.2593,-0.24949,0.83495
0.25831,-0.25136,0.82543
0.25614,-0.26489,0.82404
0.25563,-0.27304,0.82174
0.2538,-0.28107,0.80735
0.24939,-0.28723,0.79816
0.25294,-0.29921,0.81037
0.25396,-0.31195,0.81932
0.25763,-0.33096,0.81737
0.28972,0.37528,0.97606
0.30246,0.37531,1.0134
0.29713,0.35709,0.99742
0.29518,0.3392,0.98731
0.28995,0.32348,0.9686
0.28776,0.30694,0.95303
0.28261,0.29465,0.94928
0.28343,0.27797,0.94515
0.27902,0.26614,0.93599
0.27585,0.25066,0.92513
0.27641,0.23981,0.91733
0.27738,0.22738,0.92021
0.27861,0.22003,0.93097
0.28093,0.20748,0.93462
0.27996,0.19819,0.93548
0.28216,0.18506,0.93554
0.28267,0.17565,0.9372
0.28336,0.16257,0.94223
0.2838,0.15229,0.94369
0.28132,0.13815,0.93397
0.28156,0.12864,0.93522
0.28219,0.11584,0.94328
0.28273,0.10666,0.94647
0.28339,0.093246,0.94777
0.28365,0.083377,0.94532
0.28396,0.069892,0.94632
0.28542,0.060532,0.95313
0.28564,0.046884,0.95382
0.28381,0.036439,0.9428
0.28395,0.022946,0.94319
0.2838,0.013156,0.94375
0.28384,-0.00034865,0.94383
0.28384,-0.010107,0.94378
0.28244,-0.023525,0.93732
0.28237,-0.033252,0.93705
0.28039,-0.046542,0.93652
0.27891,-0.056114,0.93119
0.27691,-0.068877,0.92307
0.2761,-0.078064,0.92178
0.27558,-0.091144,0.91985
0.27532,-0.10106,0.91975
0.27598,-0.11425,0.92578
0.27566,-0.12368,0.92465
0.27466,-0.13663,0.9106
0.27308,-0.14496,0.90928
0.27253,-0.1577,0.90972
0.27373,-0.16839,0.91425
0.27309,-0.1811,0.91201
0.2693,-0.18668,0.89873
0.26828,-0.19843,0.88966
0.2667,-0.20701,0.88409
0.26593,-0.21935,0.88131
0.26534,-0.22651,0.87808
0.2635,-0.23744,0.87511
0.26287,-0.2459,0.87301
0.26118,-0.25831,0.86764
0.2606,-0.26706,0.86531
0.25955,-0.27804,0.85355
0.25621,-0.28213,0.85111
0.25346,-0.29265,0.84724
0.25272,-0.30052,0.84504
0.25378,-0.31206,0.84141
0.2532,-0.32132,0.84057
0.25577,-0.33692,0.85183
0.29327,0.38788,1.0217
0.29271,0.3764,1.0184
0.28592,0.35813,1.0003
0.28456,0.34031,0.98142
0.281,0.32759,0.97951
0.278,0.31004,0.97054
0.27354,0.29602,0.95533
0.27298,0.28299,0.95538
0.2736,0.27263,0.95565
0.27356,0.25714,0.95743
0.27421,0.24792,0.95911
0.27766,0.2379,0.96275
0.27917,0.23098,0.97598
0.28357,0.21795,0.98132
0.28337,0.20788,0.98327
0.27925,0.1932,0.96706
0.27975,0.18337,0.96878
0.28164,0.16959,0.97101
0.2821,0.1595,0.98265
0.28266,0.14409,0.97416
0.28306,0.13568,0.98531
0.28207,0.12014,0.97114
0.28573,0.1119,0.98808
0.28195,0.096929,0.98601
0.28611,0.087433,0.99244
0.28484,0.072973,0.99633
0.28636,0.062753,0.99698
0.28526,0.048471,0.99597
0.28235,0.038237,0.98639
0.28248,0.024077,0.98679
0.28291,0.013821,0.98697
0.28295,-0.00034898,0.98697
0.28295,-0.010572,0.9853
0.28496,-0.02478,0.98506
0.28489,-0.035033,0.98477
0.27965,-0.048565,0.97169
0.27912,-0.058418,0.97038
0.27889,-0.072279,0.96951
0.27869,-0.082293,0.96877
0.27416,-0.09459,0.94973
0.2739,-0.10439,0.94879
0.27885,-0.1205,0.96296
0.27853,-0.13045,0.96177
0.27483,-0.14183,0.95512
0.27334,-0.15112,0.94649
0.27132,-0.16397,0.94247
0.27089,-0.17351,0.94089
0.27025,-0.1866,0.93858
0.27066,-0.19606,0.93798
0.26811,-0.20847,0.93334
0.26671,-0.21623,0.92132
0.26522,-0.22704,0.91606
0.26508,-0.23603,0.91394
0.26276,-0.24835,0.90849
0.26183,-0.25663,0.90817
0.2599,-0.26862,0.90145
0.25896,-0.27728,0.8963
0.25621,-0.28848,0.88896
0.25453,-0.29483,0.87802
0.25264,-0.30334,0.87297
0.2519,-0.3115,0.869
0.25094,-0.32352,0.86524
0.25406,-0.33298,0.8796
0.25294,-0.34968,0.87997
0.32187,0.44367,1.1556
0.30891,0.41321,1.1174
0.28394,0.37053,1.0293
0.27332,0.34128,0.98422
0.2699,0.32726,0.98233
0.26814,0.31171,0.97638
0.26776,0.30002,0.96902
0.26583,0.28587,0.96399
0.26389,0.27503,0.96095
0.26526,0.2625,0.96656
0.26934,0.25529,0.97332
0.27547,0.24533,0.99397
0.27625,0.23618,1.0044
0.27706,0.22253,1.0074
0.27387,0.21148,0.99626
0.27459,0.19754,0.99887
0.27705,0.1875,1.011
0.2777,0.17354,1.0133
0.27832,0.16454,1.0117
0.27867,0.14985,1.0089
0.27927,0.13998,1.0151
0.27954,0.12522,1.0119
0.28056,0.11552,1.0217
0.28096,0.10094,1.0231
0.28301,0.090444,1.0302
0.28588,0.076101,1.0313
0.28608,0.065445,1.0311
0.28384,0.050455,1.0254
0.28332,0.039806,1.0258
0.28114,0.024954,1.0232
0.28105,0.014331,1.0234
0.27912,-0.00034437,1.0204
0.27788,-0.010841,1.0168
0.27749,-0.025222,1.0114
0.27647,-0.035568,1.0056
0.27615,-0.049934,1.0025
0.27492,-0.060061,1.0007
0.27469,-0.074581,0.99976
0.27602,-0.084916,0.99966
0.27698,-0.099685,1.0032
0.27746,-0.11042,1.007
0.27976,-0.12671,1.0106
0.27944,-0.13716,1.0095
0.27776,-0.15042,1.0075
0.27295,-0.15745,0.98632
0.27097,-0.16993,0.97601
0.27054,-0.17981,0.97437
0.27201,-0.19527,0.98533
0.27151,-0.20512,0.98346
0.26894,-0.21698,0.97786
0.26629,-0.22567,0.9685
0.26489,-0.23802,0.95721
0.26312,-0.24683,0.95162
0.26198,-0.25971,0.94845
0.26134,-0.26896,0.94763
0.26214,-0.28203,0.94674
0.26146,-0.29112,0.94417
0.25443,-0.29651,0.92186
0.25216,-0.30301,0.91314
0.25024,-0.31482,0.90277
0.2495,-0.32439,0.9
0.251,-0.34058,0.91142
0.25514,-0.35267,0.9128
0.25641,-0.36992,0.92678
0.31408,0.45434,1.1825
0.31117,0.43698,1.172
0.29701,0.404,1.1239
0.26198,0.34221,0.98693
0.25871,0.32816,0.98504
0.2574,0.31261,0.97902
0.257,0.30222,0.97424
0.25657,0.28807,0.97536
0.25676,0.27799,0.97587
0.25845,0.26728,0.98336
0.26323,0.25947,0.99366
0.2662,0.24918,1.0149
0.27253,0.24578,1.036
0.27489,0.23159,1.0436
0.27398,0.22122,1.0411
0.27225,0.20431,1.0332
0.27074,0.19252,1.033
0.27135,0.17868,1.0354
0.27178,0.16821,1.0371
0.27592,0.15449,1.0457
0.2763,0.14429,1.0471
0.27735,0.12949,1.0489
0.2788,0.11967,1.058
0.28113,0.10586,1.0724
0.28139,0.094614,1.0733
0.2817,0.079322,1.0745
0.28054,0.067657,1.0654
0.28043,0.052307,1.0629
0.28056,0.041271,1.0634
0.27993,0.026007,1.0638
0.27999,0.014937,1.0678
0.28003,-0.00034472,1.0679
0.27938,-0.011377,1.0597
0.27933,-0.026611,1.0594
0.27846,-0.037634,1.0591
0.27832,-0.052771,1.0583
0.27682,-0.063293,1.0544
0.27645,-0.077994,1.0491
0.27387,-0.088362,1.0456
0.27355,-0.10317,1.0443
0.28099,-0.1169,1.07
0.28089,-0.13233,1.0683
0.28056,-0.14325,1.0609
0.27719,-0.15648,1.0537
0.27185,-0.16469,1.032
0.27129,-0.17899,1.0297
0.2725,-0.1894,1.034
0.27186,-0.20369,1.0314
0.27007,-0.21347,1.0263
0.26861,-0.22617,1.0233
0.26806,-0.23622,1.0191
0.26864,-0.25138,1.016
0.26804,-0.26136,1.0103
0.26467,-0.27499,1.0061
0.26321,-0.28259,0.99108
0.26198,-0.29509,0.9872
0.26129,-0.3046,0.98058
0.25653,-0.31273,0.9725
0.2535,-0.32071,0.95474
0.251,-0.32781,0.94824
0.25025,-0.33662,0.94531
0.24938,-0.35074,0.94638
0.25307,-0.36437,0.96511
0.26057,-0.38669,0.98065
0.30395,0.45962,1.1997
0.3017,0.44053,1.1977
0.29559,0.4268,1.1787
0.27928,0.38212,1.0974
0.24799,0.32888,0.98737
0.24619,0.31344,0.9807
0.2452,0.30303,0.97605
0.24672,0.29048,0.97972
0.24676,0.28106,0.98229
0.24892,0.26921,0.99352
0.2538,0.26351,1.0144
0.2601,0.25772,1.0376
0.2664,0.25038,1.0666
0.27551,0.24525,1.0999
0.27498,0.23428,1.1021
0.27571,0.21691,1.1079
0.27621,0.20589,1.1035
0.27777,0.1911,1.1133
0.27821,0.17991,1.1018
0.27834,0.16366,1.1097
0.27775,0.15119,1.1055
0.27824,0.13538,1.1048
0.27563,0.12383,1.0983
0.27603,0.10826,1.0998
0.27539,0.096926,1.0999
0.27733,0.081652,1.1083
0.27727,0.069891,1.1018
0.27848,0.054595,1.1026
0.27861,0.043008,1.1031
0.27874,0.027109,1.1036
0.27933,0.015547,1.1129
0.27849,-0.00034237,1.1092
0.27931,-0.011868,1.1137
0.27926,-0.027838,1.1191
0.28158,-0.039491,1.1195
0.28144,-0.055294,1.1181
0.27473,-0.065725,1.0942
0.27172,-0.080739,1.0824
0.27409,-0.092605,1.0924
0.27378,-0.10827,1.0912
0.27897,-0.12113,1.1049
0.27856,-0.13824,1.1093
0.27752,-0.14965,1.1079
0.27488,-0.16248,1.096
0.27143,-0.17285,1.0806
0.2702,-0.18554,1.0709
0.26977,-0.19633,1.0691
0.2692,-0.2127,1.0705
0.27193,-0.22562,1.0832
0.27121,-0.24049,1.0801
0.26928,-0.25088,1.0758
0.26756,-0.26541,1.0634
0.26169,-0.2694,1.0422
0.25935,-0.27999,1.0281
0.25846,-0.28995,1.0254
0.25706,-0.30357,1.0218
0.25631,-0.3123,1.019
0.25183,-0.32507,1.0042
0.24856,-0.33139,0.99368
0.24633,-0.34084,0.98187
0.24683,-0.34999,0.98648
0.2492,-0.3693,0.98252
0.25436,-0.38283,1.0067
0.25676,-0.40208,1.0211
0.29075,0.47257,1.2191
0.29126,0.44562,1.208
0.28272,0.42786,1.1878
0.26645,0.38308,1.1043
0.23536,0.32715,0.97927
0.23266,0.3123,0.97468
0.23321,0.30257,0.97661
0.23419,0.29091,0.9816
0.23504,0.28179,0.98485
0.2375,0.26991,0.99613
0.2469,0.26881,1.0274
0.25362,0.26147,1.067
0.26268,0.26098,1.0996
0.27323,0.25533,1.1418
0.27381,0.24391,1.1492
0.27454,0.22825,1.1522
0.27786,0.218,1.1621
0.27852,0.20179,1.1648
0.27721,0.18783,1.156
0.27606,0.17132,1.1555
0.27618,0.15939,1.1506
0.27667,0.14317,1.1591
0.27699,0.13106,1.1582
0.27687,0.11459,1.1599
0.27709,0.10232,1.1574
0.27742,0.085224,1.1547
0.27488,0.07289,1.1508
0.27411,0.056693,1.1534
0.27424,0.044567,1.1483
0.27438,0.028058,1.1488
0.27322,0.016019,1.1461
0.27326,-0.00033665,1.1462
0.27266,-0.012173,1.1441
0.27261,-0.028511,1.1438
0.27197,-0.040251,1.138
0.27116,-0.056283,1.1335
0.26963,-0.06798,1.132
0.2694,-0.08396,1.1296
0.26921,-0.0956,1.1287
0.27008,-0.11279,1.1356
0.27172,-0.12488,1.1374
0.27369,-0.14133,1.1422
0.27337,-0.15338,1.1452
0.27265,-0.16903,1.1386
0.27028,-0.17972,1.1312
0.26971,-0.19551,1.1287
0.27071,-0.20777,1.1305
0.27048,-0.22349,1.1288
0.26998,-0.2367,1.1338
0.27025,-0.25132,1.1235
0.2697,-0.26249,1.1176
0.26809,-0.27768,1.1134
0.26072,-0.28088,1.0874
0.25749,-0.29237,1.0745
0.25474,-0.30186,1.0675
0.25383,-0.31518,1.0632
0.25137,-0.32175,1.0485
0.25001,-0.33498,1.0397
0.24751,-0.34306,1.0289
0.24588,-0.35639,1.0246
0.24514,-0.36598,1.0219
0.24481,-0.38007,1.0215
0.24958,-0.39785,1.0328
0.24846,-0.41177,1.041
0.28726,0.48558,1.2684
0.28198,0.46245,1.2422
0.269,0.42887,1.1906
0.25353,0.384,1.107
0.22085,0.32569,0.97312
0.21954,0.30986,0.96704
0.21878,0.30043,0.96599
0.2196,0.28728,0.96966
0.22003,0.27782,0.97389
0.226,0.27058,0.99862
0.23494,0.26949,1.0307
0.24475,0.26572,1.0804
0.25929,0.27167,1.1469
0.26888,0.26176,1.1765
0.27176,0.25231,1.1988
0.27425,0.23768,1.2094
0.27395,0.22536,1.2125
0.27593,0.20988,1.221
0.27504,0.1964,1.2173
0.2765,0.18054,1.2144
0.27385,0.16689,1.2142
0.27737,0.15026,1.2182
0.27714,0.13778,1.2188
0.27755,0.12047,1.2206
0.27377,0.10576,1.2043
0.27275,0.088558,1.2011
0.27024,0.075749,1.1992
0.27028,0.058695,1.1939
0.27024,0.04621,1.1917
0.26986,0.029126,1.1884
0.26992,0.016757,1.1886
0.27059,-0.00033623,1.1907
0.27145,-0.012762,1.1907
0.2714,-0.029958,1.1986
0.27092,-0.04233,1.1902
0.27001,-0.059375,1.1895
0.26945,-0.071183,1.187
0.26861,-0.08777,1.1828
0.26801,-0.09994,1.185
0.2677,-0.11695,1.1812
0.26825,-0.12933,1.1823
0.27253,-0.14862,1.2037
0.27221,-0.16089,1.2022
0.26894,-0.17684,1.1932
0.26856,-0.18835,1.187
0.26829,-0.2049,1.1844
0.26973,-0.22032,1.191
0.27022,-0.23694,1.196
0.26972,-0.24837,1.1937
0.26824,-0.26471,1.1814
0.2654,-0.27383,1.1764
0.26404,-0.28893,1.1586
0.26108,-0.29857,1.1515
0.25877,-0.31074,1.145
0.25793,-0.31905,1.1338
0.2561,-0.33363,1.1205
0.25097,-0.33929,1.1073
0.24751,-0.35323,1.0944
0.24609,-0.36212,1.0842
0.24437,-0.37317,1.0791
0.24347,-0.38196,1.0756
0.24259,-0.39559,1.0708
0.24528,-0.41138,1.0719
0.24429,-0.43277,1.0907
0.30055,0.53881,1.3953
0.30189,0.52114,1.4016
0.26835,0.45197,1.249
0.2343,0.38171,1.1095
0.20744,0.3231,0.96537
0.20697,0.30972,0.9655
0.20686,0.29872,0.96423
0.20704,0.28561,0.96573
0.2075,0.27584,0.96569
0.20948,0.26547,0.97966
0.22184,0.26986,1.0338
0.23248,0.26775,1.0858
0.25435,0.27847,1.1759
0.26512,0.27342,1.2318
0.26775,0.26475,1.2572
0.2699,0.24808,1.2606
0.27048,0.23588,1.263
0.27307,0.21993,1.2667
0.27351,0.20706,1.2687
0.27087,0.18688,1.2639
0.27019,0.17278,1.2602
0.27067,0.15531,1.2624
0.27059,0.14219,1.2622
0.27015,0.12371,1.2516
0.26916,0.10971,1.2489
0.26765,0.09183,1.2492
0.26688,0.078933,1.2423
0.26614,0.060678,1.2398
0.2642,0.04768,1.2395
0.26433,0.030071,1.2342
0.26513,0.017349,1.2345
0.2671,-0.00033623,1.2432
0.26718,-0.013306,1.2433
0.26747,-0.031212,1.243
0.26797,-0.044182,1.2429
0.26783,-0.061995,1.2424
0.2656,-0.074908,1.2415
0.26538,-0.092705,1.2406
0.26637,-0.10564,1.2416
0.26845,-0.12358,1.2421
0.27003,-0.13747,1.2576
0.26963,-0.15523,1.2556
0.26745,-0.16721,1.2476
0.26545,-0.18357,1.2447
0.26507,-0.19611,1.2429
0.26768,-0.21551,1.2433
0.26724,-0.22853,1.2444
0.2666,-0.24683,1.2488
0.26881,-0.26057,1.2465
0.26808,-0.27773,1.2428
0.26248,-0.2835,1.2184
0.25886,-0.29743,1.2105
0.25679,-0.30795,1.1995
0.25524,-0.32259,1.1804
0.25015,-0.3317,1.1641
0.24923,-0.3456,1.1486
0.24711,-0.3539,1.1423
0.24439,-0.36535,1.1322
0.24163,-0.37569,1.1288
0.24065,-0.39069,1.1242
0.24234,-0.40322,1.1238
0.24159,-0.41845,1.1244
0.24167,-0.4312,1.1277
0.24276,-0.44654,1.134
0.28437,0.54561,1.4201
0.28928,0.53037,1.4265
0.2884,0.51074,1.4217
0.22108,0.37283,1.0867
0.1956,0.32317,0.96724
0.19536,0.30863,0.96396
0.1954,0.29922,0.96444
0.19575,0.28571,0.96721
0.19599,0.27591,0.96577
0.1969,0.26356,0.97325
0.20977,0.27047,1.0362
0.22084,0.26898,1.0941
0.24996,0.29083,1.231
0.26572,0.29029,1.3094
0.26627,0.27792,1.3121
0.26471,0.25984,1.3132
0.2646,0.24341,1.3124
0.26518,0.22532,1.3143
0.26453,0.21214,1.3048
0.26406,0.19255,1.3049
0.26303,0.17911,1.2981
0.26273,0.1605,1.3004
0.26304,0.14673,1.3018
0.26342,0.1283,1.3037
0.26321,0.11418,1.3003
0.26275,0.095659,1.3007
0.26294,0.082104,1.2957
0.26207,0.063594,1.2947
0.26145,0.050068,1.2938
0.26184,0.031579,1.2926
0.26133,0.018172,1.2842
0.26189,-0.00033271,1.293
0.2615,-0.013701,1.2842
0.26146,-0.032158,1.2871
0.26139,-0.045522,1.2867
0.26134,-0.064104,1.2929
0.26234,-0.078207,1.2933
0.26329,-0.096967,1.3037
0.26413,-0.11064,1.3061
0.26509,-0.12961,1.3066
0.26471,-0.14305,1.3053
0.26445,-0.16167,1.3049
0.26401,-0.17511,1.3032
0.26262,-0.19346,1.2987
0.26224,-0.20547,1.2967
0.26282,-0.22353,1.2855
0.26273,-0.23692,1.2962
0.26213,-0.25479,1.2927
0.26165,-0.26739,1.2902
0.25887,-0.28321,1.2799
0.25572,-0.29437,1.2596
0.25387,-0.31139,1.2552
0.25213,-0.32255,1.2445
0.24817,-0.33478,1.2236
0.24647,-0.3416,1.2112
0.24499,-0.35676,1.2045
0.24265,-0.36753,1.2016
0.24114,-0.38243,1.1809
0.23884,-0.39047,1.1773
0.23749,-0.40463,1.1634
0.23544,-0.41548,1.1597
0.23443,-0.43029,1.1588
0.23619,-0.44098,1.1642
0.23619,-0.46188,1.1703
0.28364,0.5664,1.4993
0.28491,0.54784,1.4985
0.27454,0.51825,1.4502
0.20596,0.37327,1.0815
0.18445,0.32363,0.96837
0.18382,0.30912,0.96597
0.18422,0.29949,0.96756
0.18434,0.28629,0.96926
0.18455,0.2766,0.96782
0.18548,0.26409,0.97493
0.19814,0.27166,1.0406
0.20923,0.27052,1.0996
0.24959,0.30873,1.3083
0.25746,0.30168,1.3542
0.2594,0.28827,1.3611
0.2601,0.26833,1.3648
0.25939,0.25469,1.3655
0.25991,0.23526,1.3603
0.25888,0.21999,1.3564
0.25893,0.20051,1.3566
0.25726,0.18637,1.3571
0.25752,0.16685,1.358
0.25705,0.15204,1.3517
0.25697,0.13281,1.3517
0.25704,0.11889,1.3481
0.25734,0.099619,1.3496
0.25672,0.08569,1.3496
0.25693,0.066241,1.3487
0.25705,0.052223,1.3427
0.25555,0.032869,1.3423
0.25561,0.01893,1.3411
0.2553,-0.0003308,1.3393
0.25487,-0.014199,1.3358
0.25403,-0.033283,1.3353
0.25476,-0.047112,1.335
0.25606,-0.06673,1.3415
0.25695,-0.081213,1.3525
0.25908,-0.10072,1.3533
0.25992,-0.11559,1.3639
0.26037,-0.13551,1.364
0.26119,-0.14999,1.3632
0.26179,-0.17008,1.3698
0.26167,-0.18397,1.3729
0.26131,-0.20325,1.367
0.26083,-0.21699,1.3649
0.25861,-0.23575,1.3611
0.25818,-0.24849,1.3538
0.25742,-0.26723,1.3431
0.25587,-0.28021,1.3402
0.25474,-0.29862,1.3332
0.25208,-0.30808,1.3205
0.25015,-0.32361,1.3093
0.24608,-0.33273,1.2946
0.24505,-0.3495,1.2818
0.24146,-0.35691,1.2634
0.23994,-0.3728,1.2487
0.23563,-0.38208,1.2448
0.23383,-0.39745,1.2299
0.23316,-0.40604,1.2189
0.23203,-0.42161,1.2137
0.22946,-0.42884,1.2098
0.22935,-0.44412,1.1943
0.22862,-0.45958,1.1903
0.2303,-0.47858,1.2044
0.27323,0.5853,1.527
0.27446,0.56614,1.534
0.26816,0.53898,1.5062
0.19116,0.37133,1.0766
0.17293,0.32433,0.97026
0.17245,0.31005,0.96787
0.17272,0.30008,0.97052
0.17298,0.28684,0.97119
0.17314,0.27683,0.97231
0.17401,0.26458,0.9769
0.18623,0.2722,1.045
0.19673,0.27245,1.1106
0.24082,0.3208,1.3529
0.24787,0.30745,1.3959
0.24935,0.29693,1.4012
0.25111,0.27805,1.4107
0.25123,0.26353,1.4153
0.25233,0.24394,1.419
0.25225,0.2292,1.4211
0.25163,0.20811,1.4115
0.25038,0.19246,1.409
0.25025,0.17274,1.4066
0.25055,0.15823,1.4057
0.24976,0.13804,1.4059
0.24891,0.12343,1.3943
0.24887,0.10303,1.3959
0.24826,0.088535,1.3928
0.24814,0.068563,1.3933
0.24703,0.053773,1.3875
0.24586,0.033906,1.3813
0.24592,0.019459,1.3813
0.24625,-0.00032612,1.3802
0.24625,-0.014653,1.3801
0.2449,-0.034198,1.3777
0.24484,-0.048414,1.3773
0.24553,-0.068246,1.3783
0.24738,-0.082993,1.3897
0.24916,-0.10424,1.4016
0.25238,-0.11968,1.4086
0.25408,-0.14031,1.4161
0.25404,-0.15638,1.4229
0.25525,-0.17754,1.4311
0.25609,-0.19295,1.431
0.25635,-0.21324,1.428
0.25598,-0.22782,1.4258
0.2534,-0.24693,1.4226
0.25233,-0.25983,1.4161
0.25081,-0.27837,1.4124
0.24956,-0.29073,1.3917
0.24767,-0.30937,1.3851
0.24623,-0.32192,1.3718
0.2417,-0.33573,1.3595
0.23989,-0.34477,1.3507
0.23741,-0.3626,1.3283
0.23601,-0.37367,1.3248
0.23407,-0.39053,1.3085
0.22842,-0.39665,1.279
0.22671,-0.40808,1.2665
0.22577,-0.4188,1.2625
0.22382,-0.43363,1.2573
0.22314,-0.44634,1.2532
0.22252,-0.46224,1.253
0.22239,-0.47763,1.2508
0.22138,-0.49639,1.2587
0.26381,0.60719,1.5885
0.265,0.58899,1.5958
0.26428,0.56744,1.5939
0.17848,0.37199,1.0786
0.16228,0.32602,0.97666
0.16211,0.31227,0.97571
0.16141,0.30146,0.9724
0.16203,0.28783,0.97611
0.16194,0.27807,0.97524
0.1645,0.26846,0.99208
0.17425,0.27279,1.0495
0.18529,0.2748,1.1144
0.23075,0.32689,1.3944
0.23894,0.31831,1.4337
0.24298,0.30863,1.4641
0.24364,0.28874,1.4681
0.24388,0.27392,1.4709
0.24369,0.25126,1.4632
0.24166,0.23648,1.4612
0.24157,0.21478,1.457
0.24085,0.19934,1.4512
0.24012,0.17881,1.4487
0.24026,0.16281,1.4417
0.23871,0.14185,1.4407
0.238,0.12654,1.434
0.23765,0.10551,1.4303
0.23642,0.090445,1.4242
0.23555,0.0696,1.4169
0.23465,0.054702,1.4102
0.23289,0.034364,1.4012
0.23273,0.019714,1.3963
0.23141,-0.00031618,1.3903
0.23076,-0.01469,1.3845
0.2299,-0.034454,1.3825
0.22929,-0.048655,1.3801
0.2305,-0.0688,1.3828
0.23285,-0.084376,1.4058
0.23598,-0.10531,1.4146
0.23763,-0.12123,1.4349
0.24169,-0.14369,1.4505
0.2432,-0.16016,1.4668
0.24551,-0.18221,1.4727
0.2467,-0.19889,1.4747
0.24694,-0.22072,1.4832
0.24676,-0.23596,1.4851
0.24624,-0.25669,1.4783
0.24449,-0.27081,1.4757
0.24262,-0.28963,1.46
0.24217,-0.30225,1.4544
0.24097,-0.32114,1.4397
0.23746,-0.3294,1.4274
0.23418,-0.34787,1.4217
0.23153,-0.35913,1.3919
0.22923,-0.37696,1.3728
0.22786,-0.38233,1.3564
0.22362,-0.39998,1.3476
0.22215,-0.41075,1.3319
0.22119,-0.42642,1.3265
0.21916,-0.43789,1.3207
0.21827,-0.45489,1.3175
0.21955,-0.46858,1.3146
0.21985,-0.48615,1.3122
0.2196,-0.5007,1.3078
0.21997,-0.51839,1.3141
0.25777,0.63858,1.6703
0.26108,0.62758,1.6906
0.25697,0.59937,1.6698
0.19889,0.4449,1.2958
0.16624,0.36257,1.0838
0.15178,0.31554,0.98449
0.15173,0.30469,0.98523
0.15236,0.29248,0.98982
0.15223,0.28208,0.99051
0.16141,0.28331,1.0487
0.1715,0.29027,1.1127
0.1972,0.31411,1.2817
0.22123,0.33838,1.4319
0.23011,0.33332,1.5009
0.23132,0.31844,1.506
0.23217,0.29773,1.5106
0.2326,0.28062,1.5134
0.2322,0.25869,1.5108
0.23093,0.24311,1.4958
0.22993,0.22047,1.4868
0.22829,0.20432,1.4836
0.22718,0.1817,1.4721
0.2258,0.16536,1.4656
0.22429,0.14344,1.4596
0.22296,0.12768,1.4484
0.22161,0.10632,1.4394
0.22085,0.09094,1.434
0.21974,0.070242,1.4281
0.21885,0.055058,1.4202
0.21781,0.034599,1.4134
0.21632,0.019812,1.4032
0.21524,-0.00030421,1.3988
0.2144,-0.014765,1.3929
0.21372,-0.034505,1.3866
0.2123,-0.048677,1.3785
0.21406,-0.068929,1.3854
0.218,-0.085071,1.416
0.22083,-0.10656,1.4338
0.22471,-0.12326,1.4551
0.22606,-0.14536,1.4711
0.22833,-0.16187,1.4812
0.23173,-0.18624,1.5038
0.23493,-0.20388,1.5243
0.23675,-0.22779,1.5395
0.23685,-0.24412,1.5372
0.23634,-0.26557,1.5298
0.23595,-0.28074,1.526
0.2352,-0.30053,1.521
0.23287,-0.31562,1.5087
0.23101,-0.33492,1.4954
0.22848,-0.34473,1.4834
0.2261,-0.36238,1.4644
0.2219,-0.37121,1.451
0.22011,-0.38525,1.4181
0.21553,-0.39703,1.4006
0.2132,-0.40985,1.3659
0.20746,-0.4147,1.3497
0.20666,-0.43234,1.3442
0.20607,-0.44499,1.3402
0.21014,-0.47208,1.3627
0.21083,-0.48472,1.3717
0.21023,-0.50637,1.365
0.20955,-0.51767,1.3604
0.21173,-0.53463,1.3528
0.25355,0.67935,1.7944
0.25485,0.66152,1.8028
0.25566,0.64513,1.8011
0.25061,0.61413,1.7661
0.18408,0.43358,1.3019
0.17443,0.39535,1.2387
0.17418,0.38164,1.2356
0.17453,0.36339,1.238
0.17531,0.35367,1.2437
0.17853,0.34101,1.2533
0.18137,0.33174,1.2796
0.20987,0.36552,1.4888
0.21778,0.36088,1.5312
0.21861,0.34008,1.5408
0.21889,0.3249,1.5392
0.21839,0.30374,1.54
0.21747,0.28664,1.5328
0.21657,0.26247,1.5225
0.21462,0.24534,1.5159
0.21354,0.22252,1.5016
0.21247,0.20568,1.4915
0.21103,0.18371,1.4888
0.20988,0.1669,1.4764
0.20867,0.14486,1.4703
0.20716,0.1287,1.4635
0.20597,0.10727,1.4526
0.20453,0.091617,1.4429
0.20355,0.070452,1.436
0.2022,0.055292,1.4231
0.20118,0.034726,1.4173
0.19962,0.019858,1.4066
0.1985,-0.00029305,1.4012
0.19749,-0.014723,1.3905
0.19649,-0.034504,1.3841
0.19552,-0.0487,1.3796
0.19542,-0.06844,1.3788
0.20071,-0.085071,1.4184
0.20375,-0.10673,1.4363
0.20807,-0.12401,1.4626
0.2106,-0.14689,1.4839
0.21416,-0.16519,1.5088
0.21705,-0.18864,1.5286
0.21886,-0.20651,1.5452
0.22139,-0.23153,1.5612
0.22559,-0.25202,1.594
0.22511,-0.27416,1.5903
0.22473,-0.28959,1.5718
0.2221,-0.30815,1.5634
0.22096,-0.32369,1.5587
0.21919,-0.3446,1.5324
0.21682,-0.35414,1.5125
0.2122,-0.36874,1.4811
0.21021,-0.37632,1.4633
0.20409,-0.39114,1.4361
0.19944,-0.39895,1.4046
0.19787,-0.41231,1.3862
0.19322,-0.41944,1.3536
0.19248,-0.43728,1.3489
0.19296,-0.45376,1.3685
0.19494,-0.47662,1.3782
0.19459,-0.4897,1.3813
0.19455,-0.50792,1.375
0.19433,-0.5205,1.3669
0.19398,-0.53754,1.3561
0.24582,0.7271,1.9001
0.24586,0.69576,1.9054
0.24549,0.67823,1.879
0.24034,0.63528,1.8392
0.23023,0.59843,1.7742
0.22614,0.55743,1.733
0.22253,0.52933,1.7249
0.22115,0.50623,1.7124
0.21494,0.47264,1.6569
0.20676,0.4335,1.6025
0.20292,0.40791,1.5637
0.20358,0.38687,1.5689
0.20402,0.37149,1.5724
0.2038,0.34773,1.5678
0.20214,0.3293,1.5632
0.20118,0.30546,1.5507
0.2004,0.28914,1.5453
0.19962,0.26498,1.5389
0.19833,0.24751,1.5237
0.19632,0.2241,1.5146
0.19506,0.20643,1.5011
0.19367,0.18412,1.4949
0.19258,0.16726,1.4839
0.19126,0.14545,1.4765
0.18987,0.12912,1.466
0.18893,0.10761,1.4567
0.18743,0.091883,1.4469
0.18673,0.070836,1.4387
0.18554,0.055449,1.4288
0.18456,0.034826,1.4214
0.18285,0.019929,1.411
0.18228,-0.00028314,1.4042
0.18088,-0.014751,1.3929
0.17997,-0.034568,1.3877
0.17907,-0.048766,1.3795
0.17898,-0.068536,1.3787
0.184,-0.085051,1.4207
0.18661,-0.10688,1.4386
0.19057,-0.12429,1.4652
0.19295,-0.1473,1.4878
0.1965,-0.16582,1.5132
0.19943,-0.18995,1.5313
0.20314,-0.20988,1.5639
0.20691,-0.23647,1.5989
0.208,-0.2546,1.6065
0.21284,-0.28399,1.6358
0.2116,-0.29914,1.6253
0.20564,-0.31188,1.5884
0.20304,-0.32554,1.5652
0.20076,-0.3455,1.5397
0.1991,-0.35694,1.5288
0.19435,-0.37051,1.4928
0.19253,-0.37686,1.4686
0.18723,-0.39321,1.4383
0.18267,-0.39821,1.4068
0.1784,-0.4097,1.3702
0.17453,-0.40967,1.3378
0.17336,-0.42014,1.329
0.17393,-0.43958,1.3443
0.17602,-0.47253,1.3769
0.17801,-0.48626,1.3801
0.17699,-0.50782,1.3738
0.17769,-0.52121,1.3645
0.17689,-0.53997,1.3623
0.23307,0.75749,1.9761
0.23302,0.72882,1.9829
0.23113,0.70981,1.9845
0.22908,0.68084,1.9618
0.22749,0.64696,1.9397
0.22648,0.61495,1.9133
0.2257,0.59432,1.9165
0.22477,0.56902,1.924
0.2013,0.49052,1.7195
0.19582,0.45123,1.6653
0.18816,0.41913,1.6087
0.18727,0.39352,1.5925
0.18659,0.37412,1.5843
0.18576,0.35119,1.5836
0.18513,0.33267,1.5733
0.184,0.30832,1.5692
0.18273,0.28978,1.5513
0.18121,0.26614,1.5412
0.18004,0.24838,1.5286
0.17871,0.22497,1.5203
0.17704,0.20673,1.5058
0.17599,0.18444,1.497
0.17482,0.16787,1.4878
0.17362,0.14566,1.4789
0.17252,0.12939,1.4692
0.1715,0.10777,1.4597
0.17032,0.092023,1.4501
0.16964,0.071021,1.4424
0.16843,0.055565,1.4322
0.16754,0.034885,1.4235
0.16602,0.019987,1.4137
0.16547,-0.00027374,1.4081
0.16411,-0.014759,1.3973
0.16355,-0.034651,1.3924
0.16249,-0.048791,1.3812
0.16241,-0.068576,1.3804
0.16698,-0.085162,1.4231
0.16936,-0.10704,1.4412
0.17285,-0.1245,1.4709
0.1751,-0.14756,1.4906
0.17853,-0.16611,1.5188
0.18129,-0.19022,1.5355
0.18441,-0.21016,1.5662
0.18856,-0.23854,1.6082
0.19118,-0.25789,1.6201
0.19321,-0.28437,1.6382
0.19209,-0.29954,1.6277
0.18466,-0.3107,1.5906
0.18252,-0.32597,1.5674
0.18112,-0.34388,1.5369
0.17947,-0.35261,1.5155
0.17518,-0.36918,1.4845
0.17128,-0.37643,1.4531
0.16693,-0.38868,1.4216
0.16253,-0.39186,1.3832
0.15887,-0.39991,1.344
0.1488,-0.39016,1.2693
0.14823,-0.40676,1.2642
0.15491,-0.43297,1.3246
0.15829,-0.47229,1.3418
0.15829,-0.48578,1.3375
0.15835,-0.5011,1.3388
0.15939,-0.51341,1.3517
0.15898,-0.53198,1.3372
0.21271,0.76853,2.017
0.21158,0.74343,2.0152
0.21209,0.72402,2.0154
0.21243,0.69437,2.0133
0.21181,0.6729,2.0175
0.21249,0.64433,2.0094
0.21265,0.62391,2.0122
0.21205,0.59471,2.013
0.2024,0.55145,1.9316
0.17886,0.45969,1.6886
0.17142,0.42465,1.6267
0.16935,0.39748,1.6113
0.16855,0.37835,1.5982
0.16737,0.353,1.5912
0.16649,0.33365,1.5787
0.16546,0.30895,1.5712
0.1642,0.29043,1.5542
0.16268,0.26653,1.5443
0.16168,0.2487,1.5333
0.16061,0.22514,1.5268
0.15901,0.20752,1.5078
0.15804,0.18468,1.4993
0.15691,0.16809,1.4887
0.15604,0.1459,1.4814
0.1549,0.1297,1.4711
0.15402,0.10791,1.4616
0.15295,0.092131,1.451
0.15233,0.07112,1.4449
0.15114,0.055644,1.4344
0.15046,0.034957,1.426
0.1493,0.020022,1.415
0.14859,-0.0002651,1.41
0.14737,-0.014772,1.4
0.14687,-0.034643,1.3943
0.14588,-0.048845,1.3834
0.14581,-0.068654,1.3826
0.14999,-0.085412,1.425
0.15209,-0.10743,1.4468
0.15521,-0.12483,1.4734
0.15764,-0.14783,1.4945
0.16097,-0.16661,1.5217
0.1628,-0.191,1.5411
0.1656,-0.21088,1.5682
0.16794,-0.23673,1.5909
0.16909,-0.25515,1.6078
0.17132,-0.2809,1.6185
0.16976,-0.29723,1.6138
0.16935,-0.31816,1.6011
0.16391,-0.32636,1.5761
0.16194,-0.34264,1.5341
0.16086,-0.35303,1.5175
0.15635,-0.36962,1.4989
0.1537,-0.37562,1.4543
0.15026,-0.38914,1.4234
0.14593,-0.39108,1.384
0.14267,-0.4002,1.3456
0.13216,-0.38464,1.2457
0.13166,-0.40099,1.2407
0.13913,-0.43346,1.2899
0.14216,-0.46382,1.3324
0.14217,-0.48636,1.3391
0.14156,-0.50166,1.337
0.14111,-0.51398,1.3452
0.14251,-0.52702,1.3508
0.19,0.77856,2.0274
0.18951,0.75105,2.03
0.18904,0.73039,2.0267
0.18974,0.70188,2.033
0.18955,0.67958,2.0313
0.19023,0.65119,2.0297
0.18966,0.63072,2.0318
0.18976,0.60174,2.0375
0.1884,0.57611,2.0208
0.16025,0.46604,1.7191
0.15293,0.42694,1.6397
0.15109,0.39932,1.6221
0.14998,0.3804,1.6071
0.14854,0.35351,1.5972
0.14741,0.33443,1.5805
0.14661,0.31006,1.5729
0.14549,0.2909,1.5606
0.14414,0.26697,1.5493
0.14317,0.24899,1.5351
0.14231,0.2254,1.5286
0.14105,0.20776,1.5099
0.14002,0.18487,1.501
0.13893,0.16824,1.4905
0.13833,0.146,1.4832
0.13724,0.12986,1.4715
0.13646,0.10816,1.4634
0.13551,0.092237,1.4532
0.13496,0.071146,1.4466
0.1339,0.055715,1.4376
0.1333,0.035005,1.428
0.13226,0.020052,1.4173
0.13169,-0.00025751,1.411
0.1307,-0.014781,1.403
0.12994,-0.034718,1.3952
0.12925,-0.04885,1.3852
0.12918,-0.068665,1.3844
0.13318,-0.085748,1.4301
0.13524,-0.108,1.4582
0.13797,-0.12511,1.478
0.14024,-0.14842,1.5002
0.14276,-0.16711,1.5316
0.14464,-0.19134,1.5496
0.14673,-0.21167,1.5762
0.14879,-0.23699,1.5928
0.15211,-0.25807,1.6218
0.15179,-0.2812,1.6204
0.15041,-0.29755,1.6157
0.15014,-0.31998,1.6114
0.1486,-0.3311,1.5889
0.14377,-0.343,1.5393
0.14319,-0.3564,1.5301
0.1408,-0.37203,1.502
0.13632,-0.37602,1.4566
0.13328,-0.38956,1.4314
0.12961,-0.39149,1.3855
0.12628,-0.40061,1.3483
0.11741,-0.38651,1.2543
0.11697,-0.40294,1.2492
0.12324,-0.44049,1.2812
0.12806,-0.47672,1.3627
0.12768,-0.48946,1.3646
0.12711,-0.50414,1.3529
0.12538,-0.51607,1.3537
0.12444,-0.53705,1.3515
0.16523,0.77967,2.0322
0.16558,0.75221,2.0388
0.16563,0.73312,2.0382
0.16567,0.70401,2.0407
0.16579,0.68292,2.0353
0.1658,0.65374,2.0418
0.16619,0.63261,2.0406
0.16626,0.60461,2.0425
0.16573,0.58209,2.0451
0.14109,0.46786,1.7271
0.13345,0.42887,1.6413
0.13179,0.40153,1.6272
0.13069,0.38077,1.6099
0.12938,0.35504,1.5989
0.12851,0.33504,1.5857
0.12769,0.31036,1.5745
0.12671,0.29163,1.5622
0.12573,0.26732,1.5508
0.12495,0.24928,1.5366
0.12382,0.22549,1.5268
0.12289,0.20821,1.5111
0.12168,0.18506,1.5022
0.12093,0.16841,1.492
0.12056,0.14639,1.4857
0.1195,0.12997,1.4731
0.11885,0.10827,1.466
0.11798,0.092311,1.4537
0.11741,0.071219,1.4477
0.11664,0.055771,1.4391
0.11609,0.035057,1.4298
0.1152,0.020064,1.4188
0.11469,-0.00025095,1.4112
0.11385,-0.014789,1.4045
0.11316,-0.03475,1.3966
0.11265,-0.048891,1.3873
0.1126,-0.068726,1.3865
0.11682,-0.086282,1.4399
0.11917,-0.10889,1.4644
0.12079,-0.12619,1.4903
0.12343,-0.15036,1.518
0.1252,-0.16858,1.5389
0.12655,-0.1926,1.5603
0.12935,-0.21378,1.5901
0.13273,-0.24179,1.626
0.13389,-0.26252,1.6455
0.1448,-0.31009,1.7773
0.13962,-0.31589,1.7238
0.13404,-0.32432,1.6462
0.1318,-0.3385,1.6215
0.12908,-0.35322,1.5858
0.12497,-0.35783,1.5374
0.12326,-0.37387,1.5114
0.11889,-0.37702,1.4634
0.11656,-0.39019,1.4354
0.11303,-0.39241,1.3894
0.11009,-0.40152,1.3542
0.10266,-0.3877,1.2621
0.10227,-0.40418,1.2569
0.10573,-0.44088,1.2819
0.1098,-0.46827,1.3396
0.11122,-0.4895,1.3653
0.11068,-0.50458,1.3591
0.11018,-0.51652,1.355
0.11163,-0.5334,1.3498
0.14101,0.78107,2.044
0.14131,0.75338,2.0408
0.14129,0.73368,2.0399
0.14131,0.70455,2.0437
0.14134,0.68355,2.0456
0.14129,0.65425,2.0471
0.1416,0.63384,2.0464
0.14175,0.6053,2.0495
0.14197,0.58331,2.0491
0.12018,0.47083,1.7424
0.11369,0.42921,1.6427
0.11267,0.40208,1.6288
0.11149,0.3811,1.6136
0.11069,0.35537,1.6003
0.1097,0.33532,1.5838
0.10874,0.31044,1.575
0.10784,0.29187,1.5625
0.10713,0.26756,1.5521
0.10625,0.24956,1.5365
0.10542,0.22567,1.5282
0.10463,0.20787,1.5143
0.1036,0.18523,1.5035
0.10302,0.16856,1.4932
0.10265,0.14664,1.487
0.10174,0.13009,1.4766
0.10123,0.1085,1.4675
0.10051,0.092395,1.455
0.099938,0.071285,1.4484
0.099317,0.055855,1.4404
0.098772,0.035093,1.4311
0.09813,0.020087,1.4201
0.097693,-0.00024521,1.4138
0.096928,-0.014811,1.4056
0.096496,-0.034773,1.3979
0.096053,-0.048945,1.3904
0.096005,-0.068803,1.3896
0.099743,-0.086522,1.4463
0.10146,-0.10898,1.4702
0.10371,-0.12701,1.5009
0.10519,-0.15094,1.5207
0.10683,-0.16975,1.5465
0.10807,-0.19344,1.5672
0.11058,-0.21441,1.6011
0.11416,-0.24592,1.6495
0.13038,-0.30256,1.9051
0.13011,-0.32914,1.9007
0.12309,-0.32838,1.7757
0.1186,-0.33997,1.7208
0.1128,-0.33957,1.6262
0.11038,-0.35427,1.5884
0.10685,-0.35975,1.544
0.10499,-0.37438,1.5173
0.1017,-0.37849,1.4696
0.099414,-0.39075,1.44
0.096593,-0.39376,1.392
0.093761,-0.40259,1.3557
0.087647,-0.38967,1.2688
0.087109,-0.40449,1.258
0.089072,-0.42492,1.2624
0.092518,-0.46442,1.329
0.094676,-0.48114,1.3512
0.09428,-0.50006,1.3511
0.093987,-0.51581,1.3506
0.093448,-0.5217,1.3121
0.11666,0.78393,2.0472
0.11669,0.75568,2.0427
0.11676,0.73463,2.042
0.11677,0.70552,2.0467
0.11681,0.68489,2.0473
0.1169,0.6568,2.0508
0.11691,0.63509,2.053
0.11714,0.60682,2.0518
0.11722,0.58471,2.0546
0.10002,0.47563,1.7458
0.094096,0.4295,1.6503
0.093134,0.4028,1.6353
0.092112,0.38159,1.6201
0.09135,0.35561,1.6022
0.090537,0.33623,1.5882
0.089937,0.31058,1.5777
0.089104,0.29208,1.5637
0.088483,0.26775,1.5533
0.087807,0.24973,1.5391
0.087056,0.22584,1.5313
0.086375,0.20854,1.5207
0.085731,0.18542,1.5049
0.08519,0.16878,1.4945
0.084686,0.14675,1.4886
0.083992,0.13027,1.478
0.083565,0.10855,1.4689
0.082927,0.092441,1.4561
0.082449,0.071377,1.4501
0.081936,0.055946,1.4391
0.081455,0.035122,1.4322
0.081023,0.020106,1.4229
0.080595,-0.00024057,1.4158
0.079969,-0.014816,1.4067
0.079608,-0.034776,1.3998
0.079202,-0.049026,1.3914
0.079163,-0.068919,1.3906
0.082356,-0.086748,1.4478
0.083702,-0.10905,1.4713
0.085561,-0.1271,1.502
0.086854,-0.15103,1.5285
0.088514,-0.16989,1.5517
0.089376,-0.19408,1.57
0.091513,-0.21528,1.6053
0.094728,-0.24651,1.6606
0.1108,-0.30864,1.9415
0.11057,-0.33576,1.937
0.10227,-0.32883,1.795
0.098335,-0.3426,1.7248
0.093555,-0.341,1.637
0.091216,-0.35617,1.5986
0.088349,-0.36151,1.5494
0.086654,-0.37573,1.5187
0.083979,-0.37985,1.4752
0.082199,-0.39391,1.444
0.079771,-0.3957,1.4013
0.077806,-0.40374,1.3623
0.073107,-0.39208,1.2738
0.069992,-0.39545,1.2396
0.0698,-0.407,1.2358
0.075093,-0.45886,1.3262
0.076318,-0.47709,1.3373
0.075851,-0.49403,1.334
0.075562,-0.50706,1.335
0.077467,-0.53631,1.3534
0.092163,0.78648,2.0441
0.092105,0.75606,2.0451
0.092068,0.73608,2.0442
0.092213,0.70588,2.0503
0.092248,0.68635,2.0522
0.092276,0.65714,2.0532
0.092251,0.6357,2.0558
0.092331,0.60756,2.0529
0.092451,0.58736,2.0558
0.078986,0.47611,1.7631
0.074444,0.43206,1.6523
0.073424,0.40307,1.6433
0.072797,0.38247,1.6226
0.071988,0.35581,1.6054
0.071353,0.33745,1.5923
0.070874,0.31075,1.5836
0.070286,0.29302,1.5656
0.069724,0.2684,1.5559
0.069175,0.25008,1.5444
0.068592,0.2269,1.533
0.068137,0.2093,1.5219
0.06752,0.18547,1.5058
0.067103,0.16887,1.4952
0.066669,0.14669,1.4913
0.066193,0.13035,1.4797
0.065864,0.10862,1.4714
0.065304,0.092597,1.4575
0.064968,0.071465,1.4523
0.064501,0.055981,1.44
0.064143,0.035137,1.4331
0.063802,0.020132,1.4221
0.063416,-0.00023667,1.4172
0.062972,-0.014825,1.4076
0.062724,-0.034791,1.4004
0.062369,-0.049049,1.392
0.062339,-0.068954,1.3912
0.064854,-0.086891,1.4493
0.065992,-0.10954,1.4722
0.06731,-0.12716,1.5015
0.068405,-0.15111,1.5249
0.06971,-0.16998,1.5526
0.070443,-0.19428,1.5714
0.072082,-0.21597,1.6103
0.074637,-0.24761,1.6671
0.088406,-0.31203,1.9679
0.08823,-0.33943,1.9633
0.080735,-0.33124,1.8007
0.078183,-0.34445,1.7403
0.073779,-0.34268,1.6484
0.072081,-0.3565,1.6045
0.069834,-0.36178,1.5512
0.06837,-0.37621,1.5224
0.066709,-0.38118,1.4763
0.065194,-0.39425,1.4468
0.063006,-0.39593,1.4028
0.061334,-0.40433,1.3631
0.057653,-0.39272,1.2762
0.054805,-0.39499,1.2337
0.054659,-0.40653,1.2299
0.059207,-0.45821,1.3269
0.060177,-0.47135,1.3263
0.059921,-0.49054,1.3211
0.059593,-0.50584,1.3186
0.059324,-0.52388,1.3292
0.067354,0.78709,2.0488
0.067443,0.75703,2.0527
0.06748,0.73656,2.0501
0.067558,0.7084,2.0531
0.067496,0.68698,2.053
0.067575,0.65768,2.0552
0.067456,0.6375,2.0578
0.067484,0.60848,2.0572
0.06759,0.58764,2.0567
0.057847,0.47959,1.766
0.054415,0.43274,1.6626
0.053678,0.40394,1.6459
0.053192,0.38287,1.6233
0.052659,0.35723,1.609
0.05211,0.33698,1.5956
0.051759,0.31173,1.5843
0.05134,0.29314,1.5688
0.050949,0.26855,1.559
0.050527,0.25096,1.5464
0.050115,0.22706,1.5344
0.049765,0.20938,1.5233
0.049377,0.18554,1.5065
0.048977,0.16895,1.4961
0.048723,0.14675,1.4926
0.048375,0.13041,1.481
0.048073,0.10862,1.4717
0.047689,0.09266,1.4583
0.047429,0.071518,1.4529
0.047068,0.055977,1.4405
0.04682,0.035187,1.4338
0.04653,0.020161,1.4245
0.046274,-0.00023368,1.4179
0.045979,-0.014828,1.4075
0.045735,-0.034819,1.401
0.045491,-0.049099,1.3911
0.045471,-0.069026,1.3902
0.047414,-0.087057,1.4522
0.048186,-0.10958,1.4746
0.049122,-0.12746,1.5022
0.049924,-0.15081,1.5268
0.050871,-0.17028,1.556
0.051562,-0.19475,1.5739
0.052713,-0.21612,1.6123
0.054549,-0.24772,1.6684
0.064633,-0.31393,1.9756
0.06451,-0.34151,1.971
0.059776,-0.33352,1.8169
0.057541,-0.3466,1.7536
0.054036,-0.34362,1.6548
0.052759,-0.35828,1.6095
0.051184,-0.36293,1.5529
0.050196,-0.37817,1.5263
0.048738,-0.38279,1.4799
0.047714,-0.39488,1.4494
0.046153,-0.39608,1.4063
0.045027,-0.40627,1.3637
0.042365,-0.3948,1.2815
0.039932,-0.39514,1.2186
0.03983,-0.40668,1.2149
0.043232,-0.44796,1.3151
0.043695,-0.46564,1.3231
0.043789,-0.48964,1.3171
0.04359,-0.50464,1.3171
0.044581,-0.52255,1.3214
0.04271,0.78541,2.0493
0.042716,0.7575,2.0533
0.042744,0.73673,2.0533
0.042802,0.70887,2.0546
0.042686,0.68715,2.0553
0.042699,0.65784,2.0579
0.042726,0.63765,2.0584
0.042667,0.61005,2.0582
0.042671,0.58867,2.0632
0.036809,0.48188,1.7703
0.03436,0.43285,1.6631
0.033934,0.40503,1.6476
0.033538,0.38296,1.6222
0.033214,0.35732,1.6095
0.032857,0.33707,1.5961
0.032619,0.31262,1.5853
0.032344,0.29329,1.571
0.032111,0.2691,1.5596
0.031852,0.25103,1.5468
0.031598,0.22715,1.5372
0.031377,0.20944,1.5238
0.031087,0.1856,1.5098
0.030898,0.16915,1.4988
0.030669,0.14691,1.493
0.030449,0.13059,1.4825
0.030277,0.10865,1.4726
0.029983,0.092748,1.4604
0.029851,0.071518,1.4534
0.029622,0.055958,1.4411
0.029527,0.035166,1.4346
0.029277,0.020169,1.4249
0.029143,-0.00023171,1.4188
0.028939,-0.01483,1.408
0.028799,-0.034838,1.4015
0.028648,-0.04911,1.3931
0.028637,-0.069042,1.3923
0.029876,-0.087078,1.4527
0.030361,-0.10973,1.4763
0.030947,-0.12753,1.5046
0.031425,-0.15132,1.5273
0.032024,-0.17032,1.5585
0.032497,-0.19496,1.5767
0.033248,-0.2163,1.6143
0.034482,-0.24827,1.6701
0.040954,-0.31519,1.9791
0.040884,-0.34288,1.9745
0.037765,-0.33748,1.8334
0.036401,-0.3479,1.7584
0.034298,-0.34443,1.6566
0.03333,-0.35953,1.6127
0.032292,-0.36398,1.559
0.031708,-0.37848,1.5291
0.030742,-0.38288,1.4837
0.030105,-0.39546,1.4491
0.029152,-0.3963,1.4067
0.028445,-0.4064,1.3686
0.026847,-0.39588,1.2862
0.025228,-0.3878,1.2171
0.025171,-0.39913,1.2133
0.027247,-0.44664,1.3072
0.027271,-0.46485,1.3109
0.027544,-0.48245,1.3109
0.02767,-0.50178,1.3175
0.028039,-0.53085,1.3269
0.017982,0.78642,2.0572
0.017933,0.75824,2.0544
0.017919,0.73858,2.0554
0.017911,0.70951,2.0556
0.017882,0.6894,2.0607
0.017842,0.65912,2.0596
0.017814,0.63838,2.0636
0.017835,0.61012,2.0647
0.017754,0.58983,2.064
0.015357,0.48281,1.7782
0.014254,0.4329,1.6627
0.014034,0.40531,1.6467
0.013896,0.38349,1.6225
0.013732,0.35757,1.6084
0.013582,0.33623,1.5964
0.01346,0.31245,1.5847
0.013347,0.29324,1.5712
0.013249,0.26921,1.5604
0.013153,0.25106,1.5471
0.013012,0.2272,1.5378
0.012919,0.20965,1.5246
0.012795,0.18609,1.5124
0.012705,0.16909,1.5012
0.012619,0.14694,1.4933
0.01251,0.13063,1.4828
0.012435,0.10872,1.4752
0.012322,0.092782,1.4621
0.012251,0.071519,1.4532
0.012158,0.056002,1.4416
0.012102,0.035206,1.435
0.012013,0.020187,1.4265
0.01197,-0.00023062,1.4199
0.011878,-0.014834,1.4099
0.011829,-0.034876,1.4019
0.011763,-0.049145,1.3934
0.01176,-0.069091,1.3925
0.012263,-0.087123,1.4517
0.012469,-0.10975,1.479
0.012824,-0.12817,1.5161
0.012925,-0.15171,1.5304
0.01322,-0.17047,1.5641
0.013373,-0.1956,1.5787
0.013707,-0.21659,1.6186
0.014207,-0.24838,1.6737
0.016881,-0.31583,1.9866
0.016865,-0.34357,1.982
0.015723,-0.3391,1.8448
0.015095,-0.35014,1.7687
0.014185,-0.34557,1.659
0.013821,-0.35957,1.613
0.013399,-0.36445,1.562
0.013139,-0.37852,1.5294
0.012745,-0.38282,1.4812
0.0125,-0.3955,1.4494
0.012115,-0.39634,1.4069
0.011833,-0.40641,1.3688
0.011184,-0.39605,1.2876
0.010491,-0.38661,1.2141
0.010478,-0.3979,1.2103
0.011232,-0.44503,1.3
0.011277,-0.46409,1.3032
0.01136,-0.48548,1.3053
0.011536,-0.49853,1.3066
0.011689,-0.52795,1.3258
-0.0068721,0.79101,2.0603
-0.0069253,0.75866,2.0563
-0.0069515,0.73884,2.0555
-0.0070076,0.70957,2.0588
-0.0070547,0.6898,2.0615
-0.0071016,0.66076,2.0636
-0.0071272,0.63926,2.0644
-0.0071937,0.6112,2.0692
-0.0072162,0.59033,2.0664
-0.0063444,0.48865,1.8046
-0.0058648,0.43327,1.6628
-0.0058182,0.40548,1.6465
-0.0057692,0.38348,1.6265
-0.0057465,0.35756,1.6084
-0.0057109,0.33622,1.5967
-0.0056801,0.31258,1.5848
-0.0056533,0.29348,1.5732
-0.0056426,0.26925,1.5605
-0.0056152,0.25121,1.5466
-0.0055898,0.22756,1.5397
-0.0055508,0.2097,1.5288
-0.0055216,0.18629,1.5128
-0.0054895,0.16909,1.5013
-0.0054721,0.14727,1.4956
-0.0054316,0.13064,1.4828
-0.0054138,0.10873,1.4759
-0.0053685,0.092758,1.4625
-0.0053502,0.071517,1.4537
-0.0053155,0.056046,1.4444
-0.0052955,0.035237,1.435
-0.0052622,0.020196,1.427
-0.0052343,-0.00023063,1.4214
-0.0052009,-0.014839,1.4102
-0.0051702,-0.034889,1.4036
-0.0051409,-0.049143,1.3942
-0.0051342,-0.069088,1.3934
-0.0053448,-0.086895,1.4516
-0.0054317,-0.10975,1.4791
-0.0055788,-0.12822,1.5285
-0.005608,-0.15267,1.5357
-0.005745,-0.1719,1.5747
-0.0057874,-0.19625,1.5847
-0.0058967,-0.21707,1.6201
-0.0060893,-0.24873,1.6754
-0.0072563,-0.31738,1.992
-0.0072179,-0.34525,1.9874
-0.0067244,-0.34141,1.8517
-0.0063829,-0.35082,1.7775
-0.0059661,-0.34615,1.6616
-0.0057811,-0.35956,1.6131
-0.005575,-0.3648,1.5633
-0.0054479,-0.37851,1.5294
-0.0052437,-0.38281,1.4815
-0.0051067,-0.39503,1.4494
-0.0049207,-0.3961,1.4019
-0.0047728,-0.40691,1.3722
-0.0044845,-0.39667,1.2903
-0.00415,-0.38757,1.2068
-0.0041185,-0.39888,1.2031
-0.0043949,-0.44668,1.3001
-0.0043819,-0.46882,1.3032
-0.0043532,-0.48547,1.3112
-0.0043831,-0.49852,1.3116
-0.0044262,-0.5148,1.3343
-0.031751,0.78983,2.0579
-0.031884,0.76038,2.0602
-0.031877,0.73928,2.0624
-0.031974,0.71025,2.062
-0.032007,0.68989,2.0618
-0.032072,0.66148,2.0691
-0.032178,0.63984,2.0693
-0.032248,0.61254,2.071
-0.032297,0.59024,2.0709
-0.028255,0.49035,1.8048
-0.026001,0.43431,1.6663
-0.0257,0.40614,1.6463
-0.025456,0.38342,1.6291
-0.025255,0.35751,1.6101
-0.025046,0.33705,1.5977
-0.024845,0.31252,1.5846
-0.024747,0.29434,1.5754
-0.024578,0.26943,1.5623
-0.024384,0.25162,1.552
-0.024215,0.22799,1.5396
-0.024029,0.21018,1.5286
-0.02385,0.18658,1.5126
-0.023674,0.16906,1.5028
-0.023568,0.14727,1.4954
-0.023393,0.1307,1.484
-0.023303,0.10892,1.4767
-0.023095,0.092784,1.4625
-0.022984,0.071577,1.4541
-0.022802,0.056056,1.4442
-0.022727,0.035254,1.438
-0.022561,0.020197,1.4269
-0.022446,-0.00023137,1.4213
-0.022296,-0.014838,1.4109
-0.022183,-0.034933,1.4046
-0.022072,-0.049136,1.3949
-0.022056,-0.069077,1.3941
-0.022937,-0.087079,1.4516
-0.02337,-0.10973,1.4789
-0.024116,-0.12857,1.5283
-0.024315,-0.153,1.5359
-0.024852,-0.17207,1.5754
-0.025025,-0.1968,1.5886
-0.025551,-0.21733,1.6203
-0.026419,-0.24918,1.6815
-0.031689,-0.31876,2.0077
-0.031595,-0.34676,2.0031
-0.029432,-0.34335,1.8743
-0.027911,-0.35154,1.7773
-0.026199,-0.34734,1.6658
-0.025436,-0.36008,1.6249
-0.024566,-0.36474,1.5641
-0.024048,-0.37844,1.5337
-0.023227,-0.38331,1.4814
-0.022707,-0.39497,1.4494
-0.021946,-0.39604,1.4017
-0.021396,-0.40684,1.3688
-0.020161,-0.39845,1.2926
-0.018736,-0.38751,1.203
-0.018661,-0.39882,1.1993
-0.020017,-0.44439,1.3
-0.02015,-0.46961,1.3148
-0.020027,-0.48628,1.3117
-0.020424,-0.5011,1.3114
-0.020379,-0.53279,1.3329
-0.056789,0.78856,2.0639
-0.056867,0.76224,2.0627
-0.056951,0.73959,2.0625
-0.056985,0.71193,2.0654
-0.056966,0.69018,2.0678
-0.057022,0.66204,2.0692
-0.057187,0.64093,2.0741
-0.05729,0.61262,2.0716
-0.057342,0.59221,2.0747
-0.050428,0.49359,1.834
-0.046185,0.43418,1.6667
-0.045703,0.40643,1.6517
-0.04512,0.38424,1.6297
-0.044823,0.35635,1.6104
-0.044362,0.33786,1.6001
-0.044042,0.31243,1.5859
-0.04384,0.29426,1.5755
-0.043594,0.26988,1.5631
-0.043139,0.2516,1.5516
-0.042827,0.22791,1.5401
-0.042545,0.2105,1.5282
-0.042173,0.18678,1.5171
-0.041866,0.16949,1.5024
-0.041686,0.14733,1.4953
-0.041338,0.13078,1.4838
-0.041172,0.1092,1.4768
-0.040799,0.092698,1.4622
-0.0406,0.071607,1.4563
-0.040313,0.056119,1.4442
-0.040161,0.035257,1.4407
-0.039853,0.020207,1.4273
-0.039716,-0.00023339,1.4215
-0.039391,-0.014858,1.4117
-0.039215,-0.034924,1.4052
-0.038997,-0.049185,1.396
-0.038973,-0.069146,1.3952
-0.040518,-0.087053,1.4522
-0.041344,-0.11005,1.4809
-0.042815,-0.12911,1.5279
-0.043138,-0.15308,1.5456
-0.04423,-0.17204,1.578
-0.044338,-0.19691,1.5885
-0.045247,-0.21738,1.6241
-0.046893,-0.24935,1.6823
-0.05618,-0.32043,2.0234
-0.056031,-0.34858,2.0187
-0.052353,-0.3452,1.8792
-0.049785,-0.35349,1.7789
-0.046424,-0.34797,1.6708
-0.04513,-0.36162,1.6245
-0.043658,-0.36464,1.5653
-0.042674,-0.37922,1.5333
-0.041266,-0.38352,1.4879
-0.040311,-0.39546,1.4513
-0.03896,-0.39758,1.4026
-0.038007,-0.40691,1.3685
-0.035978,-0.3989,1.2929
-0.033313,-0.38778,1.2031
-0.033194,-0.3991,1.1994
-0.035778,-0.44611,1.3002
-0.035923,-0.46531,1.3093
-0.036233,-0.48076,1.3144
-0.036511,-0.50534,1.3128
-0.036788,-0.52754,1.3216
-0.081764,0.79189,2.0643
-0.081858,0.76277,2.0639
-0.082107,0.74282,2.068
-0.082047,0.71195,2.0696
-0.082218,0.69215,2.0697
-0.082264,0.66284,2.07
-0.082222,0.64089,2.074
-0.082538,0.61358,2.0737
-0.082541,0.59242,2.0752
-0.073046,0.49969,1.8505
-0.066339,0.43399,1.6752
-0.065727,0.40646,1.6511
-0.064825,0.38481,1.6295
-0.064372,0.35619,1.613
-0.063556,0.33771,1.5994
-0.06333,0.31318,1.5861
-0.062899,0.29456,1.5787
-0.062591,0.26999,1.5684
-0.061963,0.25172,1.5523
-0.061645,0.22784,1.5406
-0.061222,0.21032,1.5307
-0.060549,0.18669,1.5199
-0.060118,0.16959,1.5018
-0.05986,0.14734,1.4954
-0.059458,0.13091,1.4855
-0.059088,0.10918,1.4765
-0.058518,0.092707,1.462
-0.058334,0.071618,1.4576
-0.057844,0.05617,1.4446
-0.057646,0.035238,1.4406
-0.057121,0.020208,1.4267
-0.057015,-0.00023607,1.4209
-0.056478,-0.014854,1.4111
-0.056331,-0.034943,1.4065
-0.055897,-0.04921,1.3958
-0.055864,-0.06918,1.395
-0.05824,-0.087096,1.4535
-0.05929,-0.11013,1.4833
-0.061382,-0.12987,1.5372
-0.061991,-0.15373,1.5577
-0.063414,-0.1725,1.5792
-0.063609,-0.19687,1.5895
-0.064897,-0.21752,1.6235
-0.067328,-0.24951,1.6833
-0.081402,-0.32265,2.0371
-0.081197,-0.35099,2.0324
-0.075748,-0.34758,1.9016
-0.071746,-0.35508,1.7934
-0.066982,-0.34923,1.673
-0.065019,-0.36224,1.6255
-0.062709,-0.36641,1.5724
-0.061283,-0.37963,1.5344
-0.059294,-0.38416,1.4902
-0.058034,-0.39529,1.4531
-0.055979,-0.39753,1.4024
-0.054659,-0.40714,1.368
-0.051724,-0.39877,1.2961
-0.047961,-0.3881,1.2028
-0.047797,-0.39943,1.1991
-0.051564,-0.44593,1.2922
-0.05193,-0.46405,1.3007
-0.052269,-0.48868,1.3028
-0.052528,-0.50514,1.3103
-0.052518,-0.53185,1.3298
-0.10646,0.7945,2.0656
-0.10683,0.76291,2.0693
-0.10716,0.74351,2.0697
-0.10735,0.71395,2.0732
-0.10727,0.69188,2.0739
-0.10741,0.66317,2.0755
-0.10754,0.6428,2.0744
-0.10772,0.61401,2.0764
-0.1076,0.59267,2.0782
-0.09654,0.50583,1.8604
-0.086598,0.43486,1.6743
-0.085754,0.40622,1.6503
-0.084744,0.38458,1.6329
-0.083798,0.35805,1.613
-0.082791,0.33788,1.6025
-0.082754,0.31306,1.5868
-0.082008,0.2949,1.578
-0.081528,0.27005,1.5677
-0.080942,0.25185,1.5515
-0.080327,0.2277,1.5418
-0.07984,0.21027,1.5306
-0.079141,0.18692,1.5191
-0.078453,0.16954,1.5038
-0.077983,0.14727,1.4971
-0.077411,0.1309,1.4847
-0.076983,0.10915,1.4757
-0.076253,0.092931,1.4635
-0.075952,0.071722,1.4589
-0.075352,0.056143,1.4446
-0.075072,0.035249,1.4412
-0.074431,0.020213,1.4297
-0.074257,-0.00024015,1.4232
-0.073604,-0.014867,1.4103
-0.073333,-0.034926,1.4058
-0.072861,-0.049183,1.3962
-0.072818,-0.069141,1.3954
-0.075876,-0.087332,1.4569
-0.077255,-0.11024,1.4832
-0.080459,-0.13022,1.5378
-0.08127,-0.15491,1.5568
-0.082554,-0.17291,1.5784
-0.082914,-0.19735,1.5927
-0.084703,-0.21801,1.6266
-0.087795,-0.24991,1.6856
-0.10669,-0.32624,2.0422
-0.10642,-0.3549,2.0375
-0.099361,-0.35008,1.907
-0.093691,-0.35629,1.7961
-0.08735,-0.34961,1.6796
-0.085066,-0.36268,1.6318
-0.08195,-0.36682,1.5722
-0.080264,-0.38113,1.536
-0.077432,-0.3841,1.4912
-0.075782,-0.39512,1.4542
-0.073064,-0.39755,1.4069
-0.0713,-0.40724,1.3681
-0.067499,-0.39965,1.2985
-0.062582,-0.3884,1.2045
-0.062374,-0.39974,1.2008
-0.067241,-0.45085,1.2991
-0.067725,-0.4638,1.3001
-0.0677,-0.48535,1.3053
-0.068882,-0.50875,1.3309
-0.069379,-0.52538,1.3247
-0.13142,0.79089,2.0804
-0.13195,0.7647,2.07
-0.13215,0.74317,2.0716
-0.13245,0.71457,2.0727
-0.13254,0.69339,2.0771
-0.13285,0.6647,2.0809
-0.13281,0.64286,2.0793
-0.13304,0.61478,2.0819
-0.13315,0.59376,2.0805
-0.12037,0.51174,1.8747
-0.10694,0.4354,1.6733
-0.10579,0.40677,1.6506
-0.10444,0.38451,1.6347
-0.10356,0.35862,1.615
-0.10276,0.33818,1.6021
-0.10196,0.31328,1.5903
-0.10108,0.29516,1.5817
-0.10062,0.27028,1.5693
-0.099743,0.25196,1.5538
-0.099268,0.22806,1.5421
-0.098349,0.21058,1.5329
-0.097496,0.18718,1.5192
-0.096639,0.16977,1.5043
-0.096157,0.14719,1.4969
-0.095397,0.13081,1.4847
-0.094835,0.10915,1.4775
-0.093902,0.092958,1.4665
-0.09365,0.071663,1.4586
-0.092912,0.056131,1.4442
-0.092574,0.03527,1.4425
-0.091843,0.020229,1.4289
-0.091438,-0.00024463,1.423
-0.090675,-0.01488,1.4122
-0.090335,-0.034972,1.4049
-0.08972,-0.049225,1.3961
-0.089668,-0.069198,1.3952
-0.09362,-0.087417,1.4571
-0.095369,-0.11027,1.4861
-0.099081,-0.13036,1.5459
-0.10019,-0.1548,1.5552
-0.10167,-0.17291,1.5829
-0.10265,-0.19729,1.5944
-0.10447,-0.21803,1.6267
-0.10823,-0.25032,1.6844
-0.13176,-0.32604,2.0533
-0.13144,-0.35468,2.0486
-0.12302,-0.35237,1.9127
-0.11567,-0.35706,1.8069
-0.10791,-0.35038,1.685
-0.10494,-0.36294,1.6372
-0.1012,-0.3675,1.5719
-0.098974,-0.3815,1.5396
-0.095553,-0.38451,1.4931
-0.093507,-0.39579,1.4549
-0.09038,-0.39729,1.4076
-0.087966,-0.40784,1.3743
-0.083202,-0.39984,1.2991
-0.077219,-0.38813,1.2068
-0.076968,-0.39947,1.2031
-0.083269,-0.45108,1.2997
-0.084047,-0.46545,1.3087
-0.083811,-0.48503,1.3045
-0.084291,-0.50666,1.3086
-0.084708,-0.52856,1.3269
-0.1568,0.79292,2.0734
-0.15733,0.76465,2.0712
-0.15735,0.74516,2.0706
-0.15768,0.71596,2.0732
-0.15785,0.69348,2.0765
-0.15811,0.66607,2.0809
-0.15813,0.64379,2.0822
-0.15848,0.61517,2.0869
-0.15848,0.59372,2.0855
-0.14523,0.51871,1.9113
-0.12715,0.43525,1.6724
-0.12584,0.40649,1.6495
-0.12425,0.38459,1.6346
-0.12322,0.35831,1.6202
-0.1221,0.33884,1.6057
-0.12131,0.31301,1.5913
-0.12027,0.29489,1.5828
-0.11954,0.27053,1.5702
-0.11872,0.25182,1.5567
-0.11789,0.22788,1.5463
-0.1168,0.21094,1.5332
-0.11588,0.18712,1.5204
-0.11479,0.17006,1.5047
-0.11437,0.14759,1.4985
-0.11349,0.13101,1.4859
-0.1128,0.10918,1.478
-0.11175,0.09291,1.4653
-0.11135,0.071762,1.4578
-0.11043,0.056087,1.4443
-0.10999,0.035302,1.4418
-0.10922,0.020217,1.43
-0.10858,-0.00025003,1.4218
-0.10796,-0.01488,1.4125
-0.1073,-0.034968,1.4074
-0.10657,-0.049227,1.3994
-0.10651,-0.069199,1.3986
-0.11117,-0.087377,1.4578
-0.11379,-0.11059,1.4886
-0.11781,-0.13055,1.5385
-0.11966,-0.15446,1.5539
-0.12075,-0.17288,1.582
-0.12209,-0.19754,1.5947
-0.12446,-0.21793,1.6263
-0.12867,-0.25045,1.69
-0.1567,-0.32606,2.0562
-0.15633,-0.3547,2.0515
-0.14679,-0.35226,1.9221
-0.13846,-0.35891,1.8117
-0.12839,-0.3518,1.6857
-0.12468,-0.36489,1.6363
-0.12067,-0.36838,1.5774
-0.11797,-0.38178,1.5438
-0.11396,-0.38526,1.4981
-0.11113,-0.39734,1.463
-0.1077,-0.39885,1.4109
-0.10468,-0.40752,1.3745
-0.099204,-0.40008,1.3001
-0.092059,-0.38809,1.2084
-0.091764,-0.39943,1.2047
-0.097923,-0.45212,1.3003
-0.099882,-0.46508,1.3077
-0.09961,-0.48307,1.308
-0.10085,-0.49763,1.314
-0.099674,-0.52282,1.3013
-0.18243,0.79403,2.0735
-0.18252,0.76647,2.0728
-0.18286,0.7445,2.0708
-0.18296,0.7167,2.0794
-0.1829,0.69561,2.0772
-0.18343,0.66606,2.0791
-0.1834,0.64523,2.0828
-0.18388,0.61693,2.0861
-0.1836,0.59386,2.0854
-0.17085,0.52545,1.9251
-0.14735,0.4346,1.6708
-0.14569,0.40688,1.6523
-0.14421,0.38445,1.634
-0.14298,0.35866,1.6194
-0.14172,0.33939,1.605
-0.14058,0.31333,1.595
-0.1397,0.29443,1.5799
-0.13854,0.27036,1.5707
-0.13747,0.25244,1.5555
-0.13673,0.22832,1.547
-0.13519,0.21072,1.5323
-0.13435,0.18706,1.5229
-0.13305,0.16997,1.5072
-0.13242,0.14783,1.4997
-0.13136,0.1312,1.4845
-0.13064,0.10916,1.4779
-0.12971,0.093172,1.4645
-0.12911,0.071689,1.4569
-0.12799,0.056104,1.4468
-0.12751,0.035288,1.4415
-0.12642,0.020204,1.4291
-0.12592,-0.0002571,1.4227
-0.12502,-0.014873,1.4134
-0.12451,-0.034993,1.4083
-0.12364,-0.049195,1.398
-0.12357,-0.069152,1.3972
-0.12896,-0.087346,1.4595
-0.13177,-0.11068,1.4881
-0.13698,-0.13071,1.5431
-0.13795,-0.15431,1.5576
-0.1402,-0.1729,1.5804
-0.14149,-0.1975,1.5996
-0.1443,-0.21835,1.6291
-0.14942,-0.25027,1.6897
-0.18238,-0.32613,2.0556
-0.18196,-0.35478,2.0509
-0.17138,-0.35501,1.9293
-0.16043,-0.36016,1.821
-0.14956,-0.35311,1.688
-0.14493,-0.36474,1.6359
-0.14007,-0.36954,1.5892
-0.13727,-0.38393,1.5535
-0.13226,-0.38589,1.4983
-0.12916,-0.39906,1.4634
-0.1247,-0.39904,1.4136
-0.12135,-0.40907,1.3769
-0.11498,-0.40024,1.2999
-0.10662,-0.38861,1.2089
-0.10628,-0.39996,1.2052
-0.1134,-0.45156,1.3073
-0.11428,-0.46378,1.3031
-0.11512,-0.48186,1.2971
-0.11583,-0.49719,1.2988
-0.11634,-0.52685,1.3125
-0.20698,0.79569,2.072
-0.20765,0.76593,2.0791
-0.20823,0.74518,2.0768
-0.2085,0.71701,2.0779
-0.20827,0.69612,2.0821
-0.20875,0.66876,2.0837
-0.20864,0.64724,2.0826
-0.20922,0.61726,2.0887
-0.2091,0.59451,2.0893
-0.19726,0.53437,1.9706
-0.16753,0.43525,1.6691
-0.16548,0.40672,1.6522
-0.16385,0.38426,1.6323
-0.1626,0.35903,1.6215
-0.16096,0.33911,1.605
-0.15966,0.31459,1.5938
-0.15884,0.29408,1.5797
-0.15776,0.27049,1.57
-0.15617,0.2523,1.557
-0.15528,0.22844,1.5453
-0.15388,0.2109,1.5311
-0.15302,0.18744,1.5227
-0.15143,0.16996,1.5055
-0.15042,0.1478,1.4988
-0.14937,0.13118,1.4896
-0.14858,0.10937,1.4763
-0.14749,0.093058,1.4679
-0.14671,0.071596,1.4593
-0.14551,0.056081,1.4467
-0.1449,0.035306,1.4405
-0.14383,0.020207,1.4295
-0.14324,-0.00026464,1.4222
-0.14206,-0.014917,1.412
-0.14146,-0.034967,1.4072
-0.14055,-0.049259,1.3983
-0.14047,-0.069238,1.3975
-0.14684,-0.087493,1.4587
-0.14963,-0.11055,1.4866
-0.15555,-0.1307,1.5507
-0.15827,-0.15451,1.565
-0.1597,-0.17341,1.5851
-0.16082,-0.19787,1.601
-0.16412,-0.21834,1.6308
-0.16969,-0.25108,1.6916
-0.20724,-0.32758,2.0745
-0.20676,-0.35636,2.0697
-0.19527,-0.35477,1.939
-0.18386,-0.36152,1.8199
-0.17072,-0.35425,1.6944
-0.16509,-0.36709,1.6397
-0.15945,-0.36993,1.5877
-0.1562,-0.38495,1.5522
-0.15045,-0.38715,1.5007
-0.14692,-0.39862,1.4631
-0.1421,-0.39968,1.4138
-0.13848,-0.40912,1.3767
-0.13085,-0.40079,1.3054
-0.12145,-0.38826,1.2077
-0.12106,-0.39961,1.204
-0.12908,-0.44564,1.306
-0.12963,-0.46315,1.3018
-0.1293,-0.47972,1.2923
-0.12953,-0.49477,1.2975
-0.13095,-0.5132,1.3023
-0.23208,0.79241,2.0724
-0.23286,0.76617,2.0793
-0.23324,0.74583,2.0803
-0.23397,0.71781,2.0837
-0.23375,0.69604,2.0815
-0.23416,0.66841,2.0869
-0.23439,0.64756,2.0873
-0.23435,0.61904,2.0889
-0.23468,0.59657,2.0873
-0.22446,0.53822,1.9942
-0.18765,0.4347,1.6719
-0.18525,0.40672,1.651
-0.18337,0.38547,1.6342
-0.18206,0.35872,1.6208
-0.18028,0.33876,1.6054
-0.1788,0.31418,1.5965
-0.17805,0.29407,1.5807
-0.17658,0.27049,1.5684
-0.17514,0.25223,1.5551
-0.17379,0.22828,1.5439
-0.17261,0.2109,1.531
-0.17129,0.18744,1.5214
-0.16946,0.16994,1.5062
-0.16881,0.14774,1.4984
-0.16759,0.131,1.4884
-0.16668,0.10924,1.4791
-0.16504,0.093139,1.4686
-0.16473,0.071682,1.459
-0.16298,0.056161,1.4483
-0.16255,0.035327,1.4422
-0.16093,0.020197,1.4302
-0.16033,-0.00027301,1.4241
-0.15895,-0.014925,1.4135
-0.15874,-0.034929,1.4066
-0.15769,-0.049216,1.3997
-0.1576,-0.069175,1.3989
-0.16439,-0.087386,1.4587
-0.16806,-0.1105,1.4891
-0.17416,-0.13072,1.5496
-0.17709,-0.1557,1.5705
-0.17902,-0.17378,1.5906
-0.18059,-0.19814,1.599
-0.18387,-0.2192,1.6308
-0.19033,-0.25076,1.69
-0.2332,-0.33105,2.0822
-0.23266,-0.36013,2.0774
-0.21922,-0.35768,1.9459
-0.20673,-0.36233,1.8319
-0.19165,-0.35551,1.7047
-0.18588,-0.36732,1.6468
-0.17908,-0.37204,1.5879
-0.17485,-0.38457,1.5532
-0.1695,-0.38683,1.4992
-0.1652,-0.39814,1.465
-0.15995,-0.40047,1.4217
-0.15602,-0.40874,1.3815
-0.14707,-0.40033,1.3045
-0.1368,-0.38867,1.2092
-0.13637,-0.40003,1.2056
-0.14539,-0.44512,1.3045
-0.14546,-0.46261,1.3219
-0.14552,-0.48011,1.2944
-0.14528,-0.49638,1.3021
-0.14456,-0.51037,1.2959
-0.25788,0.79762,2.076
-0.25806,0.76614,2.0786
-0.25816,0.74513,2.0832
-0.25918,0.71721,2.0846
-0.25918,0.6976,2.0875
-0.25968,0.66888,2.0857
-0.26006,0.64741,2.0873
-0.26034,0.61956,2.0927
-0.25997,0.59701,2.0919
-0.25056,0.54617,2.0248
-0.20798,0.43506,1.6734
-0.20624,0.40773,1.6544
-0.20337,0.38533,1.6321
-0.20155,0.35887,1.6228
-0.2002,0.33891,1.61
-0.19774,0.31373,1.5957
-0.19713,0.29551,1.5808
-0.19592,0.27072,1.5676
-0.19444,0.25204,1.5548
-0.19237,0.22827,1.5422
-0.19096,0.21061,1.5329
-0.1895,0.18739,1.5206
-0.18821,0.16976,1.506
-0.18677,0.14752,1.4996
-0.1856,0.13115,1.4863
-0.18445,0.10908,1.4819
-0.18252,0.093105,1.4686
-0.18218,0.071772,1.4642
-0.18041,0.056115,1.4476
-0.17976,0.035298,1.4419
-0.17812,0.02017,1.429
-0.17776,-0.00028241,1.4242
-0.17622,-0.014922,1.4118
-0.17571,-0.034991,1.4081
-0.17458,-0.04923,1.3986
-0.17448,-0.06919,1.3977
-0.18199,-0.087369,1.4569
-0.18618,-0.11061,1.4899
-0.1927,-0.13103,1.5474
-0.19658,-0.15596,1.5696
-0.19876,-0.17413,1.5895
-0.19985,-0.19818,1.6046
-0.20404,-0.21911,1.6344
-0.21049,-0.25101,1.69
-0.25927,-0.33241,2.0941
-0.25867,-0.36162,2.0894
-0.24367,-0.35928,1.9646
-0.23041,-0.36402,1.8456
-0.21304,-0.35572,1.7082
-0.20639,-0.36741,1.6516
-0.19905,-0.37186,1.5955
-0.19413,-0.38421,1.5607
-0.1882,-0.38874,1.51
-0.18353,-0.39976,1.4727
-0.17742,-0.4025,1.4231
-0.1731,-0.41181,1.3834
-0.16276,-0.40019,1.3083
-0.15571,-0.40152,1.2486
-0.15522,-0.41326,1.2448
-0.16106,-0.4449,1.3245
-0.17772,-0.50295,1.3939
-0.17421,-0.51695,1.367
-0.17049,-0.52644,1.3486
-0.16755,-0.53058,1.3302
-0.28273,0.79705,2.0801
-0.28348,0.76934,2.0812
-0.2841,0.74657,2.0826
-0.28464,0.7187,2.0908
-0.28452,0.69722,2.0874
-0.28576,0.66969,2.094
-0.28538,0.64801,2.0877
-0.28654,0.61983,2.0939
-0.28562,0.59731,2.0937
-0.27898,0.55434,2.0428
-0.22869,0.43516,1.6712
-0.226,0.40737,1.6608
-0.22301,0.38473,1.6379
-0.22186,0.35889,1.6278
-0.2196,0.33956,1.6106
-0.21724,0.31481,1.5939
-0.21621,0.29511,1.5785
-0.21477,0.2707,1.5758
-0.21333,0.25198,1.5536
-0.21173,0.22904,1.545
-0.20952,0.21027,1.5341
-0.20778,0.1873,1.5255
-0.20632,0.16986,1.5097
-0.20496,0.14784,1.5019
-0.20342,0.13102,1.4904
-0.20261,0.10924,1.4803
-0.20077,0.093103,1.4701
-0.19999,0.071729,1.4633
-0.19833,0.056153,1.448
-0.19708,0.035292,1.4407
-0.19584,0.020202,1.429
-0.19487,-0.00029317,1.4261
-0.19365,-0.014927,1.4127
-0.19284,-0.035053,1.4066
-0.19146,-0.049303,1.3998
-0.19135,-0.069289,1.399
-0.19949,-0.087457,1.458
-0.20396,-0.11072,1.4899
-0.21124,-0.13151,1.545
-0.21531,-0.15572,1.571
-0.21813,-0.17416,1.5925
-0.21992,-0.19826,1.6025
-0.22402,-0.21967,1.6361
-0.23179,-0.25186,1.6938
-0.2848,-0.33218,2.0924
-0.28415,-0.36137,2.0876
-0.26802,-0.35893,1.9652
-0.25335,-0.36614,1.8522
-0.23427,-0.35619,1.7134
-0.22701,-0.36841,1.6518
-0.21868,-0.37196,1.5977
-0.21378,-0.38623,1.5604
-0.20647,-0.38823,1.5098
-0.20153,-0.40006,1.4719
-0.19441,-0.40207,1.4241
-0.19053,-0.4126,1.3879
-0.1792,-0.40211,1.3069
-0.17075,-0.40206,1.2521
-0.17023,-0.41382,1.2483
-0.19685,-0.49056,1.3965
-0.19852,-0.51891,1.4634
-0.1976,-0.53737,1.4568
-0.19587,-0.53965,1.4105
-0.19067,-0.54929,1.4038
-0.30978,0.79954,2.0805
-0.30881,0.76833,2.0846
-0.30884,0.74754,2.0819
-0.30982,0.71943,2.0908
-0.30987,0.69782,2.0912
-0.31067,0.66995,2.093
-0.3112,0.64892,2.0989
-0.31231,0.61957,2.0996
-0.3119,0.5982,2.0941
-0.30692,0.56002,2.0578
-0.24877,0.4351,1.6757
-0.2458,0.40726,1.6582
-0.24304,0.38726,1.6373
-0.24154,0.35893,1.6264
-0.23927,0.34012,1.6099
-0.23709,0.31485,1.5997
-0.23548,0.29558,1.5851
-0.23427,0.27055,1.5733
-0.23217,0.25201,1.5571
-0.23019,0.22864,1.5502
-0.22803,0.21123,1.5347
-0.22704,0.18778,1.5242
-0.22433,0.16996,1.5096
-0.22323,0.14766,1.5029
-0.22172,0.1312,1.4883
-0.22068,0.10939,1.4798
-0.21843,0.09322,1.4704
-0.21779,0.071734,1.4636
-0.216,0.056241,1.4469
-0.21474,0.035305,1.444
-0.21304,0.020159,1.4324
-0.21256,-0.0003042,1.4243
-0.21049,-0.01496,1.4149
-0.20979,-0.035012,1.4092
-0.20831,-0.049343,1.3997
-0.2082,-0.069341,1.3988
-0.21719,-0.087485,1.4601
-0.22196,-0.11057,1.4932
-0.23133,-0.13132,1.5462
-0.23395,-0.15547,1.5684
-0.23718,-0.17425,1.5904
-0.23898,-0.19867,1.6034
-0.24427,-0.21965,1.6398
-0.25273,-0.25221,1.6964
-0.31085,-0.33283,2.0971
-0.31015,-0.36208,2.0923
-0.29337,-0.36025,1.9701
-0.27616,-0.36842,1.8553
-0.25674,-0.35801,1.7164
-0.24671,-0.37001,1.6618
-0.23889,-0.37379,1.5999
-0.23324,-0.38572,1.5588
-0.22568,-0.39011,1.5126
-0.22012,-0.40365,1.4787
-0.21311,-0.40315,1.4285
-0.20867,-0.4134,1.3937
-0.19494,-0.40366,1.3105
-0.19396,-0.41801,1.2997
-0.19447,-0.43024,1.297
-0.23336,-0.54827,1.5724
-0.26976,-0.66048,1.8137
-0.27063,-0.69391,1.8875
-0.28528,-0.71968,1.887
-0.28511,-0.74326,1.9332
-0.33352,0.80024,2.0848
-0.33512,0.76949,2.0867
-0.33451,0.74803,2.088
-0.33551,0.71977,2.0906
-0.33599,0.69883,2.094
-0.33652,0.67035,2.0993
-0.33647,0.64876,2.0967
-0.33763,0.61926,2.1046
-0.33809,0.59761,2.1018
-0.33402,0.56513,2.0856
-0.26942,0.43802,1.6799
-0.26681,0.40923,1.6584
-0.26261,0.38659,1.6418
-0.26143,0.35918,1.6249
-0.25912,0.3396,1.609
-0.25732,0.31476,1.5999
-0.25523,0.29523,1.5832
-0.25344,0.27078,1.5774
-0.25133,0.25274,1.5625
-0.24935,0.22856,1.5496
-0.24745,0.21125,1.5344
-0.24517,0.18767,1.526
-0.2428,0.17001,1.5125
-0.24184,0.14788,1.5012
-0.23961,0.13116,1.4898
-0.23888,0.10921,1.4847
-0.23689,0.0933,1.4704
-0.23571,0.071784,1.4665
-0.2339,0.056123,1.453
-0.23201,0.035308,1.4428
-0.23045,0.02016,1.4302
-0.22953,-0.00031664,1.4254
-0.22716,-0.014957,1.4146
-0.22645,-0.035025,1.4067
-0.22533,-0.049347,1.3989
-0.22521,-0.069342,1.3981
-0.2354,-0.087367,1.4592
-0.24013,-0.11065,1.492
-0.24966,-0.13106,1.5479
-0.25274,-0.15519,1.5617
-0.25598,-0.17356,1.5875
-0.25818,-0.19855,1.6013
-0.26384,-0.22015,1.6428
-0.27429,-0.25287,1.6984
-0.33817,-0.33292,2.0966
-0.33741,-0.36217,2.0919
-0.31859,-0.36394,1.9851
-0.30086,-0.3697,1.8738
-0.27825,-0.35892,1.7255
-0.26897,-0.37049,1.6644
-0.25786,-0.37434,1.6064
-0.25238,-0.38812,1.5671
-0.24486,-0.39135,1.5152
-0.23891,-0.40381,1.4796
-0.23133,-0.4044,1.4326
-0.22603,-0.41501,1.3968
-0.21155,-0.40398,1.3135
-0.21058,-0.42014,1.303
-0.25303,-0.52689,1.5766
-0.29217,-0.64219,1.8166
-0.42461,-0.94383,2.6457
-0.4267,-0.9812,2.6401
-0.42625,-1.0054,2.6478
-0.42492,-1.0423,2.6352
-0.35912,0.79537,2.0753
-0.35971,0.77011,2.0854
-0.35985,0.74905,2.0855
-0.36071,0.72003,2.0942
-0.36127,0.69907,2.0953
-0.36255,0.67054,2.099
-0.36203,0.64938,2.1015
-0.36322,0.62025,2.1017
-0.36338,0.59967,2.1008
-0.36198,0.56856,2.0979
-0.29142,0.43942,1.6836
-0.28742,0.40901,1.6596
-0.28297,0.38695,1.6431
-0.28127,0.35922,1.6263
-0.27931,0.34089,1.6144
-0.27663,0.31565,1.6017
-0.27451,0.29611,1.5862
-0.272,0.27221,1.5757
-0.2703,0.25251,1.5632
-0.26761,0.22848,1.5495
-0.26608,0.21159,1.5407
-0.26474,0.18848,1.529
-0.26131,0.17037,1.5115
-0.26009,0.14785,1.5026
-0.25799,0.13118,1.492
-0.25675,0.1092,1.484
-0.25444,0.09331,1.4721
-0.25339,0.071833,1.4638
-0.25133,0.056082,1.4508
-0.2499,0.035259,1.4434
-0.24781,0.020146,1.4322
-0.24686,-0.00032985,1.4232
-0.24515,-0.014952,1.4147
-0.24323,-0.035089,1.4083
-0.24252,-0.049426,1.401
-0.24239,-0.069447,1.4002
-0.25296,-0.087464,1.46
-0.25819,-0.11069,1.494
-0.26719,-0.12997,1.5449
-0.27119,-0.15471,1.5523
-0.27451,-0.17329,1.5844
-0.27729,-0.19855,1.6001
-0.2843,-0.21994,1.6439
-0.295,-0.25253,1.7035
-0.36406,-0.33409,2.101
-0.36325,-0.36345,2.0963
-0.34331,-0.36549,2.0006
-0.32517,-0.37083,1.8777
-0.29984,-0.36158,1.7356
-0.29023,-0.3724,1.6776
-0.2799,-0.37522,1.6122
-0.27271,-0.38842,1.5704
-0.26334,-0.3928,1.523
-0.25681,-0.40418,1.4911
-0.24962,-0.40505,1.4447
-0.24365,-0.41706,1.4021
-0.22706,-0.40366,1.3157
-0.22615,-0.42085,1.3105
-0.3091,-0.59633,1.8026
-0.45722,-0.92109,2.6495
-0.464,-0.96264,2.6759
-0.46448,-1.0021,2.6882
-0.46553,-1.0297,2.6929
-0.46368,-1.0634,2.6815
-0.38218,0.79869,2.0722
-0.38499,0.76957,2.0828
-0.38555,0.74955,2.0895
-0.38699,0.72221,2.0985
-0.38641,0.69923,2.0966
-0.38752,0.67093,2.1
-0.38781,0.64916,2.0999
-0.38839,0.62147,2.1076
-0.38904,0.60083,2.1111
-0.38948,0.56893,2.101
-0.32811,0.46312,1.7841
-0.31225,0.41586,1.6859
-0.30764,0.39193,1.6601
-0.30261,0.36196,1.6416
-0.30074,0.34237,1.6183
-0.29709,0.31612,1.6067
-0.29415,0.29676,1.6002
-0.29132,0.27198,1.5781
-0.28938,0.25274,1.566
-0.2876,0.229,1.5574
-0.28501,0.21156,1.5432
-0.2832,0.18824,1.5295
-0.27967,0.17107,1.5159
-0.27895,0.14801,1.5045
-0.27555,0.1312,1.4917
-0.27468,0.10933,1.4852
-0.27254,0.093119,1.4693
-0.27076,0.071845,1.4646
-0.26881,0.056141,1.4518
-0.26762,0.035215,1.442
-0.2651,0.020168,1.4335
-0.26371,-0.00034482,1.4233
-0.26192,-0.014995,1.4141
-0.26079,-0.035048,1.4063
-0.25949,-0.049417,1.4014
-0.25935,-0.069429,1.4005
-0.27036,-0.087597,1.4605
-0.27781,-0.11095,1.4939
-0.28397,-0.1297,1.5275
-0.28757,-0.15385,1.549
-0.29307,-0.17294,1.5826
-0.2968,-0.1982,1.5991
-0.30504,-0.22126,1.6436
-0.31736,-0.25339,1.7097
-0.39144,-0.33558,2.1181
-0.39057,-0.36507,2.1133
-0.36902,-0.36778,2.0014
-0.35069,-0.37362,1.8865
-0.32196,-0.36295,1.7442
-0.3111,-0.37445,1.6839
-0.30094,-0.377,1.6225
-0.29346,-0.39178,1.5843
-0.28415,-0.39383,1.5296
-0.27715,-0.40609,1.4932
-0.2671,-0.40589,1.444
-0.26025,-0.41709,1.4031
-0.24345,-0.40392,1.3163
-0.24247,-0.42113,1.3111
-0.34094,-0.61645,1.8647
-0.49711,-0.93573,2.6794
-0.49864,-0.96574,2.6953
-0.49886,-1.0033,2.7058
-0.49838,-1.0321,2.6967
-0.49717,-1.0708,2.6818
-0.40991,0.79906,2.0832
-0.41021,0.77192,2.0877
-0.41076,0.74939,2.0892
-0.41164,0.72273,2.098
-0.41277,0.70076,2.0961
-0.41325,0.67073,2.1001
-0.41323,0.65016,2.1016
-0.41396,0.62219,2.1081
-0.41487,0.60033,2.1092
-0.4156,0.57231,2.1146
-0.4138,0.5507,2.1019
-0.35001,0.43823,1.7862
-0.33523,0.40128,1.7039
-0.32969,0.36971,1.6718
-0.32238,0.34502,1.6415
-0.3206,0.31938,1.6192
-0.31642,0.2994,1.6062
-0.31347,0.27408,1.6006
-0.31019,0.25549,1.5772
-0.30828,0.2304,1.5658
-0.30615,0.21276,1.5528
-0.30215,0.18845,1.5359
-0.29939,0.1712,1.5157
-0.29705,0.14827,1.5067
-0.29513,0.13142,1.4972
-0.29249,0.10946,1.4855
-0.29017,0.093259,1.4737
-0.28842,0.071717,1.4658
-0.28646,0.056219,1.4531
-0.28453,0.035255,1.4447
-0.28232,0.020124,1.4304
-0.2809,-0.00035964,1.4225
-0.27912,-0.015036,1.4143
-0.27771,-0.035128,1.4079
-0.27617,-0.049424,1.4003
-0.27602,-0.069433,1.3995
-0.28782,-0.087462,1.4588
-0.2953,-0.11101,1.4957
-0.30183,-0.12942,1.5242
-0.30566,-0.15352,1.5497
-0.31254,-0.1728,1.582
-0.31629,-0.19901,1.6022
-0.32555,-0.22171,1.6557
-0.3392,-0.25472,1.7208
-0.41859,-0.33637,2.1193
-0.41767,-0.36593,2.1146
-0.3969,-0.36702,1.9988
-0.37665,-0.37655,1.906
-0.34654,-0.36723,1.7554
-0.33501,-0.37785,1.6978
-0.32104,-0.38042,1.6317
-0.31529,-0.39586,1.5938
-0.30482,-0.39781,1.5434
-0.2973,-0.40908,1.5035
-0.28585,-0.41115,1.4506
-0.27913,-0.41991,1.4161
-0.25911,-0.40403,1.3182
-0.25808,-0.42125,1.313
-0.39732,-0.67289,2.0525
-0.52777,-0.93207,2.6771
-0.53282,-0.96029,2.6994
-0.53087,-1.0013,2.7038
-0.53105,-1.0301,2.6948
-0.52741,-1.0726,2.6881
-0.43438,0.79868,2.097
-0.43556,0.77229,2.0883
-0.4361,0.75112,2.09
-0.43805,0.72291,2.0948
-0.43761,0.70052,2.0999
-0.43911,0.67189,2.0986
-0.43895,0.65066,2.1016
-0.44049,0.62127,2.1085
-0.43995,0.59984,2.1091
-0.44142,0.57174,2.1132
-0.44239,0.55057,2.1137
-0.43969,0.521,2.1143
-0.43608,0.49278,2.0939
-0.42312,0.44966,2.0312
-0.39858,0.4025,1.9121
-0.37921,0.35575,1.8106
-0.35607,0.31819,1.7041
-0.3461,0.28615,1.6584
-0.33732,0.26008,1.6118
-0.33193,0.23478,1.5858
-0.32784,0.21528,1.5745
-0.32497,0.19059,1.5519
-0.32031,0.17237,1.5341
-0.31748,0.14933,1.5144
-0.31482,0.13246,1.5046
-0.31281,0.10992,1.4951
-0.30991,0.09375,1.4805
-0.30724,0.071902,1.4686
-0.30507,0.056356,1.4555
-0.30277,0.035304,1.4474
-0.30058,0.020142,1.4361
-0.29825,-0.00037668,1.4267
-0.29686,-0.01504,1.4182
-0.29483,-0.035112,1.4066
-0.29395,-0.049523,1.4042
-0.29424,-0.069566,1.4045
-0.30642,-0.087418,1.4598
-0.31347,-0.11111,1.4977
-0.32067,-0.12988,1.5307
-0.32639,-0.1539,1.5598
-0.33386,-0.17388,1.5949
-0.34512,-0.20434,1.654
-0.35983,-0.23003,1.7201
-0.43969,-0.31139,2.0952
-0.44615,-0.3391,2.1318
-0.44441,-0.36711,2.125
-0.42194,-0.36868,2.0174
-0.40068,-0.37868,1.9223
-0.3714,-0.37033,1.7734
-0.35847,-0.37984,1.7111
-0.34508,-0.38484,1.6519
-0.33715,-0.39874,1.6091
-0.32453,-0.3987,1.5431
-0.3163,-0.41131,1.5078
-0.30623,-0.41387,1.4652
-0.29849,-0.4232,1.4208
-0.27592,-0.40373,1.3202
-0.27482,-0.42094,1.315
-0.45878,-0.72652,2.189
-0.562,-0.93241,2.6829
-0.5647,-0.95825,2.6937
-0.56438,-1.0003,2.6983
-0.56455,-1.0314,2.6943
-0.56305,-1.0554,2.6817
-0.4595,0.79744,2.0912
-0.46064,0.77079,2.091
-0.46125,0.75138,2.0892
-0.4633,0.72441,2.0945
-0.46378,0.70174,2.0964
-0.46471,0.673,2.1003
-0.46516,0.65053,2.1024
-0.46577,0.62325,2.1079
-0.4655,0.60137,2.1134
-0.46687,0.57046,2.1152
-0.46702,0.54983,2.1135
-0.46834,0.521,2.1165
-0.46842,0.49906,2.1206
-0.46954,0.46906,2.1259
-0.46889,0.44803,2.1244
-0.4702,0.41875,2.1301
-0.4696,0.39692,2.1297
-0.4688,0.36459,2.1184
-0.44953,0.32775,2.0141
-0.42656,0.2853,1.931
-0.407,0.25268,1.8375
-0.3825,0.21273,1.7253
-0.35116,0.17909,1.5899
-0.34411,0.1527,1.5562
-0.3378,0.13451,1.5277
-0.33396,0.11112,1.5085
-0.33028,0.09434,1.4927
-0.32843,0.072448,1.478
-0.32432,0.056589,1.4656
-0.32203,0.035439,1.4525
-0.31952,0.020252,1.4441
-0.31719,-0.0003952,1.4327
-0.31467,-0.015134,1.4231
-0.31305,-0.035215,1.4143
-0.31099,-0.049583,1.4027
-0.3122,-0.070057,1.4112
-0.32389,-0.087868,1.4665
-0.33347,-0.11191,1.5027
-0.34216,-0.13107,1.5442
-0.35261,-0.15717,1.5926
-0.36651,-0.1815,1.6578
-0.3895,-0.21629,1.7547
-0.4648,-0.28117,2.0941
-0.48363,-0.32335,2.183
-0.48102,-0.34372,2.1725
-0.46973,-0.36785,2.1219
-0.44829,-0.36945,2.023
-0.42728,-0.38252,1.9335
-0.3969,-0.37465,1.793
-0.38149,-0.38399,1.727
-0.36878,-0.38785,1.6603
-0.35879,-0.40093,1.623
-0.34485,-0.40291,1.5606
-0.33547,-0.41375,1.5227
-0.32595,-0.41575,1.4712
-0.31699,-0.42346,1.433
-0.29135,-0.40638,1.3178
-0.2902,-0.42371,1.3126
-0.51435,-0.76636,2.324
-0.59314,-0.92799,2.6671
-0.60007,-0.95949,2.7003
-0.5978,-0.99807,2.6921
-0.59711,-1.0292,2.6838
-0.59308,-1.0666,2.6806
-0.48515,0.79848,2.0769
-0.4863,0.77024,2.095
-0.48616,0.7504,2.0912
-0.48814,0.7234,2.1001
-0.48904,0.70311,2.0984
-0.49071,0.67374,2.1068
-0.49093,0.65124,2.1013
-0.49228,0.62314,2.1111
-0.49219,0.60258,2.1121
-0.49276,0.57343,2.1158
-0.4924,0.55136,2.1154
-0.49398,0.52111,2.1201
-0.49384,0.50011,2.1243
-0.4956,0.46991,2.1269
-0.49611,0.44854,2.1283
-0.49677,0.41921,2.1313
-0.49574,0.39768,2.1294
-0.4968,0.3681,2.1344
-0.49727,0.34588,2.1354
-0.49935,0.31601,2.145
-0.50132,0.29505,2.1503
-0.50411,0.26531,2.158
-0.49738,0.2407,2.1394
-0.46356,0.1949,1.987
-0.42193,0.15871,1.8061
-0.39718,0.12519,1.7112
-0.37441,0.10141,1.5998
-0.36261,0.076272,1.5559
-0.35323,0.058643,1.5116
-0.34771,0.036345,1.4886
-0.34375,0.020612,1.4688
-0.33946,-0.00041925,1.452
-0.33506,-0.015247,1.4349
-0.33236,-0.035498,1.4237
-0.3293,-0.049768,1.4115
-0.34084,-0.072549,1.4635
-0.34563,-0.088693,1.4768
-0.36016,-0.11482,1.5414
-0.37999,-0.13781,1.6256
-0.41002,-0.17362,1.761
-0.49659,-0.23169,2.1187
-0.52422,-0.27793,2.2415
-0.5274,-0.30231,2.2507
-0.52642,-0.33371,2.2352
-0.50904,-0.34651,2.181
-0.49467,-0.36709,2.1281
-0.47429,-0.37098,2.035
-0.45378,-0.38743,1.9511
-0.42608,-0.37779,1.8176
-0.40698,-0.38762,1.7497
-0.39254,-0.39072,1.6879
-0.3817,-0.40399,1.6315
-0.36827,-0.40569,1.5743
-0.359,-0.41725,1.5338
-0.34505,-0.41891,1.4849
-0.33585,-0.42784,1.4357
-0.30763,-0.4054,1.3157
-0.30642,-0.4227,1.3105
-0.57717,-0.82329,2.4782
-0.62407,-0.92812,2.6724
-0.63145,-0.96071,2.6928
-0.62923,-1.0004,2.6857
-0.62844,-1.027,2.6792
-0.627,-1.0647,2.6652
-0.51203,0.80068,2.0904
-0.51172,0.77181,2.0961
-0.51211,0.75136,2.0965
-0.51342,0.72356,2.1
-0.51403,0.70238,2.1021
-0.51615,0.67437,2.1085
-0.51566,0.65241,2.1094
-0.51737,0.62357,2.1173
-0.51731,0.60136,2.1113
-0.51911,0.57325,2.118
-0.51972,0.55133,2.1164
-0.51979,0.52183,2.121
-0.52006,0.49929,2.1242
-0.52069,0.47026,2.1278
-0.52133,0.44914,2.1302
-0.52277,0.41988,2.1315
-0.52352,0.3973,2.1305
-0.52378,0.3673,2.1355
-0.52418,0.34572,2.1377
-0.5268,0.31657,2.1477
-0.52789,0.29512,2.1531
-0.52947,0.26512,2.1601
-0.53014,0.24334,2.1625
-0.53196,0.21305,2.1671
-0.53327,0.19114,2.1767
-0.53537,0.16059,2.1855
-0.53576,0.13812,2.1869
-0.533,0.10674,2.186
-0.51106,0.080682,2.0841
-0.48236,0.048157,1.968
-0.43823,0.024929,1.7903
-0.41219,-0.00050956,1.6829
-0.38406,-0.016643,1.5602
-0.37162,-0.037807,1.5122
-0.36123,-0.051879,1.4694
-0.3627,-0.073225,1.4736
-0.38224,-0.093582,1.5615
-0.42186,-0.1273,1.717
-0.52107,-0.17949,2.1181
-0.55045,-0.22179,2.244
-0.5511,-0.24593,2.2451
-0.55368,-0.27938,2.2567
-0.55325,-0.3032,2.2599
-0.55223,-0.33413,2.2553
-0.5354,-0.34661,2.1834
-0.52134,-0.36818,2.124
-0.49947,-0.37358,2.0361
-0.48202,-0.38929,1.963
-0.45193,-0.38439,1.8446
-0.43536,-0.3948,1.7764
-0.41576,-0.39385,1.6962
-0.40433,-0.40637,1.6433
-0.39034,-0.40716,1.5865
-0.37989,-0.41995,1.5465
-0.36315,-0.41962,1.4834
-0.35499,-0.42821,1.443
-0.32274,-0.40428,1.3124
-0.32148,-0.42154,1.3073
-0.61565,-0.84342,2.5129
-0.65692,-0.93207,2.6659
-0.66289,-0.95835,2.6907
-0.66076,-0.99802,2.6794
-0.65862,-1.023,2.6727
-0.65791,-1.0633,2.6604
-0.53875,0.79599,2.0949
-0.53805,0.77235,2.0934
-0.53895,0.75179,2.0974
-0.54009,0.72432,2.1036
-0.54049,0.70229,2.1002
-0.5422,0.67472,2.1086
-0.54223,0.65289,2.1089
-0.54432,0.62299,2.1132
-0.54317,0.60175,2.1177
-0.5447,0.57355,2.1192
-0.54461,0.55261,2.1183
-0.54637,0.52234,2.1252
-0.54689,0.49962,2.1278
-0.54866,0.47045,2.1305
-0.54898,0.44888,2.1289
-0.54816,0.41963,2.1309
-0.54906,0.39766,2.1331
-0.55053,0.36785,2.1366
-0.55129,0.34589,2.1398
-0.55299,0.31613,2.1443
-0.55377,0.29483,2.152
-0.55708,0.26577,2.1594
-0.55774,0.24418,2.1646
-0.55857,0.21359,2.1732
-0.56084,0.19146,2.1781
-0.56261,0.16059,2.1807
-0.564,0.13831,2.1901
-0.56496,0.10727,2.1925
-0.56535,0.084815,2.195
-0.56694,0.053627,2.2003
-0.56983,0.030933,2.2047
-0.57126,-0.00070136,2.2185
-0.57188,-0.023708,2.222
-0.57272,-0.05547,2.2255
-0.56194,-0.077093,2.1858
-0.54902,-0.10565,2.1364
-0.54875,-0.12764,2.1352
-0.57537,-0.16666,2.2381
-0.58041,-0.19074,2.2465
-0.58016,-0.22303,2.2502
-0.58014,-0.24674,2.2538
-0.58155,-0.27986,2.2573
-0.58145,-0.30277,2.2594
-0.57777,-0.33406,2.2493
-0.56444,-0.34685,2.1825
-0.54733,-0.36885,2.1188
-0.52777,-0.37321,2.0331
-0.50957,-0.38976,1.9712
-0.48004,-0.38613,1.8542
-0.46198,-0.39831,1.7765
-0.44279,-0.39773,1.711
-0.42813,-0.41037,1.6646
-0.41131,-0.41166,1.5959
-0.39878,-0.4196,1.546
-0.384,-0.42038,1.4859
-0.37387,-0.43097,1.4473
-0.3371,-0.40311,1.3089
-0.33579,-0.42032,1.3038
-0.66575,-0.86146,2.5927
-0.69255,-0.92966,2.659
-0.69337,-0.95856,2.6693
-0.69059,-0.99579,2.6724
-0.68808,-1.0204,2.666
-0.68147,-1.054,2.6825
-0.56018,0.80219,2.091
-0.56274,0.77269,2.0974
-0.56363,0.75114,2.0945
-0.56547,0.72401,2.0991
-0.56666,0.70337,2.1048
-0.56782,0.67425,2.1091
-0.5688,0.65319,2.1101
-0.56948,0.6239,2.1171
-0.57017,0.60205,2.1184
-0.57061,0.57315,2.1229
-0.57071,0.55259,2.1219
-0.57254,0.52334,2.1206
-0.5724,0.50148,2.1251
-0.57328,0.47207,2.1313
-0.57425,0.44942,2.1341
-0.57504,0.42012,2.1396
-0.57521,0.39847,2.138
-0.5766,0.36868,2.1429
-0.57689,0.34695,2.1463
-0.57922,0.3171,2.152
-0.58087,0.29538,2.1558
-0.58415,0.26626,2.1621
-0.58484,0.24436,2.1714
-0.58585,0.21366,2.1769
-0.58744,0.19168,2.1789
-0.58886,0.16095,2.1847
-0.59139,0.13857,2.1938
-0.59257,0.10734,2.1962
-0.59385,0.084931,2.1983
-0.59463,0.053642,2.2077
-0.59668,0.030909,2.2117
-0.59918,-0.00073464,2.2195
-0.59991,-0.023791,2.2246
-0.60121,-0.05565,2.2259
-0.60296,-0.079015,2.2328
-0.60494,-0.11118,2.2384
-0.60574,-0.13473,2.2412
-0.60705,-0.16737,2.252
-0.6072,-0.19115,2.2537
-0.60851,-0.22331,2.2563
-0.60795,-0.24713,2.2554
-0.60987,-0.27943,2.2588
-0.60903,-0.30245,2.2528
-0.60484,-0.33322,2.247
-0.58922,-0.3473,2.184
-0.57495,-0.36809,2.1268
-0.55326,-0.37459,2.0574
-0.53473,-0.39237,1.9791
-0.50614,-0.39152,1.8764
-0.4874,-0.40214,1.805
-0.4643,-0.40213,1.7281
-0.45064,-0.41283,1.67
-0.4325,-0.41136,1.5943
-0.42044,-0.42331,1.557
-0.4014,-0.42102,1.4944
-0.39113,-0.42991,1.4437
-0.35079,-0.39945,1.3021
-0.34944,-0.41652,1.2971
-0.6644,-0.81716,2.4942
-0.70432,-0.89994,2.6139
-0.72087,-0.95245,2.6542
-0.7174,-0.99021,2.6427
-0.71325,-1.0098,2.6208
-0.70256,-1.0174,2.6089
-0.5892,0.80318,2.1005
-0.58921,0.77341,2.0893
-0.58821,0.74882,2.1015
-0.59201,0.7225,2.1033
-0.59142,0.70531,2.1101
-0.5928,0.67461,2.1142
-0.59328,0.65329,2.1089
-0.59699,0.6255,2.1156
-0.59488,0.60381,2.1195
-0.59445,0.57279,2.1274
-0.59725,0.55121,2.1256
-0.59811,0.52382,2.1252
-0.59849,0.50094,2.119
-0.59807,0.4715,2.1298
-0.60048,0.45053,2.1328
-0.60194,0.41867,2.139
-0.6001,0.39793,2.1395
-0.60221,0.36765,2.1378
-0.60286,0.34658,2.1412
-0.60561,0.31653,2.1513
-0.60772,0.29617,2.1599
-0.61002,0.2654,2.1623
-0.60975,0.24374,2.1689
-0.61128,0.2137,2.1766
-0.61403,0.19171,2.1813
-0.61553,0.16097,2.1912
-0.61932,0.13847,2.1929
-0.61845,0.10728,2.1962
-0.61883,0.085144,2.2037
-0.62372,0.053745,2.2009
-0.62419,0.030876,2.2164
-0.62514,-0.0007718,2.2188
-0.62629,-0.023827,2.2235
-0.62882,-0.055802,2.2275
-0.63039,-0.079131,2.2414
-0.63121,-0.11121,2.2389
-0.6328,-0.13524,2.2571
-0.63246,-0.16748,2.2485
-0.63592,-0.19107,2.2596
-0.63502,-0.22348,2.2637
-0.63617,-0.24672,2.2554
-0.63787,-0.28031,2.2544
-0.63701,-0.30423,2.2677
-0.63,-0.33228,2.2402
-0.61373,-0.34627,2.1774
-0.60275,-0.3697,2.1204
-0.57801,-0.37348,2.0513
-0.55966,-0.39208,1.9892
-0.53215,-0.3929,1.897
-0.51264,-0.40547,1.8174
-0.49044,-0.40453,1.7363
-0.47479,-0.41479,1.6777
-0.45129,-0.41456,1.608
-0.43858,-0.42523,1.5588
-0.42363,-0.42522,1.4978
-0.40932,-0.43217,1.4483
-0.36546,-0.39785,1.2984
-0.33944,-0.38738,1.2017
-0.67912,-0.80052,2.4136
-0.68938,-0.84667,2.4771
-0.6931,-0.87829,2.4076
-0.67075,-0.86666,2.356
-0.63937,-0.88044,2.2245
-0.61863,-0.85068,2.1321
