0.31692,0.38894,1.0237
0.32143,0.37999,1.0337
0.31143,0.35675,0.99518
0.31189,0.33817,0.98908
0.31231,0.33226,0.99846
0.31255,0.32112,0.99729
0.30525,0.30082,0.97755
0.30366,0.2876,0.9718
0.30465,0.27998,0.98602
0.30899,0.2719,0.99277
0.30983,0.25757,0.99759
0.31625,0.2497,1.0207
0.31579,0.23735,1.0136
0.31101,0.22064,1.0025
0.30622,0.20708,0.97852
0.30579,0.1909,0.98019
0.30373,0.18029,0.96862
0.30244,0.16705,0.97101
0.30752,0.15899,0.979
0.29101,0.13668,0.9322
0.29316,0.12819,0.93829
0.29019,0.11445,0.9363
0.28471,0.10172,0.9076
0.27278,0.086136,0.8717
0.2649,0.074299,0.84947
0.26307,0.062187,0.8546
0.26298,0.053267,0.83845
0.26238,0.041569,0.84383
0.25996,0.031918,0.83562
0.25853,0.020243,0.83922
0.26009,0.011562,0.83722
0.26277,-0.0003263,0.83687
0.26505,-0.009211,0.85811
0.27115,-0.021887,0.86684
0.28068,-0.032039,0.90404
0.2894,-0.046207,0.9221
0.28523,-0.05455,0.91371
0.2963,-0.07104,0.94757
0.29858,-0.080897,0.9538
0.28876,-0.092229,0.93325
0.2964,-0.1038,0.949
0.28953,-0.11425,0.92677
0.28673,-0.12394,0.9193
0.28574,-0.13634,0.91745
0.2779,-0.14077,0.89465
0.27866,-0.1554,0.89068
0.26839,-0.1587,0.86272
0.26383,-0.16638,0.83978
0.26133,-0.17361,0.83173
0.25649,-0.18197,0.81971
0.25343,-0.18863,0.80731
0.24971,-0.19699,0.79443
0.24349,-0.2016,0.78406
0.23926,-0.20881,0.76769
0.23398,-0.21205,0.74723
0.2326,-0.22028,0.74767
0.23024,-0.2261,0.73496
0.23067,-0.23741,0.73731
0.22933,-0.24348,0.73073
0.2292,-0.25501,0.73639
0.22877,-0.26204,0.73041
0.22905,-0.27126,0.73357
0.22887,-0.27905,0.73447
0.22898,-0.29081,0.73572
0.32725,0.41284,1.092
0.31984,0.39729,1.0754
0.31491,0.37903,1.0557
0.31082,0.35368,1.0332
0.30464,0.33575,1.0131
0.3019,0.32193,1.0055
0.30032,0.31043,1.0031
0.29693,0.29265,0.99827
0.29769,0.28601,1.0008
0.30235,0.27277,1.0099
0.30444,0.26621,1.0201
0.3054,0.25241,1.0237
0.30446,0.23812,1.0168
0.29991,0.22136,1.0058
0.30003,0.21145,1.0078
0.29798,0.19754,0.99611
0.2949,0.18179,0.98515
0.29353,0.1676,0.97423
0.29207,0.15778,0.97574
0.29195,0.14394,0.96783
0.28799,0.13192,0.96202
0.28613,0.11666,0.95545
0.28012,0.105,0.94048
0.27491,0.08923,0.9119
0.26327,0.077777,0.87936
0.26091,0.063817,0.86886
0.26043,0.054671,0.86456
0.25947,0.042195,0.86539
0.25805,0.033283,0.86417
0.25596,0.020851,0.86108
0.25714,0.011948,0.85815
0.25718,-0.00031831,0.86131
0.26151,-0.0094066,0.87
0.26863,-0.022395,0.89346
0.27366,-0.03213,0.90712
0.27906,-0.046345,0.92666
0.28594,-0.057597,0.95164
0.29109,-0.072359,0.97442
0.29266,-0.082721,0.9764
0.29233,-0.096748,0.9775
0.29206,-0.10659,0.97425
0.28765,-0.11887,0.95206
0.28311,-0.12668,0.94459
0.27599,-0.13677,0.92069
0.26795,-0.14122,0.89557
0.25167,-0.14587,0.84159
0.22895,-0.14055,0.76213
0.22634,-0.14876,0.75442
0.22401,-0.15627,0.74693
0.22343,-0.16555,0.74462
0.22322,-0.17354,0.74307
0.22299,-0.18367,0.74423
0.22358,-0.19221,0.74326
0.22424,-0.20315,0.74461
0.225,-0.21102,0.74365
0.22368,-0.22095,0.741
0.22311,-0.22808,0.74228
0.22169,-0.23723,0.7351
0.22177,-0.24512,0.7375
0.22095,-0.25577,0.73488
0.2203,-0.26266,0.73587
0.21914,-0.27206,0.7295
0.21852,-0.2788,0.73138
0.21757,-0.28759,0.7248
0.32161,0.43487,1.1355
0.32168,0.41115,1.1142
0.31341,0.3885,1.0819
0.30429,0.36656,1.0632
0.29998,0.35019,1.0393
0.29844,0.33092,1.0339
0.29166,0.31333,1.0205
0.2908,0.29811,1.0142
0.29349,0.28843,1.0168
0.29603,0.27732,1.0232
0.29673,0.26738,1.0301
0.29767,0.25356,1.0373
0.29706,0.24342,1.033
0.29234,0.22603,1.0214
0.29233,0.21494,1.0203
0.29168,0.1999,1.0212
0.29004,0.18919,1.0202
0.2853,0.17244,0.99856
0.28575,0.16105,1
0.28633,0.14668,0.99504
0.28665,0.13623,0.99481
0.28271,0.12118,0.97968
0.28164,0.10954,0.97486
0.27069,0.092103,0.94541
0.26574,0.081549,0.92572
0.26274,0.067127,0.91698
0.25818,0.05695,0.89639
0.25559,0.043644,0.88947
0.25482,0.034248,0.88567
0.25464,0.021589,0.88604
0.2547,0.012383,0.8862
0.2559,-0.00031418,0.88784
0.25862,-0.0096153,0.89661
0.26348,-0.022683,0.90988
0.26708,-0.032845,0.93023
0.27228,-0.047234,0.94983
0.28042,-0.058658,0.97849
0.28607,-0.074838,1.0014
0.29048,-0.085207,1.0031
0.28916,-0.099485,1.0018
0.28688,-0.1092,1.0008
0.28329,-0.12152,0.98127
0.28066,-0.13064,0.97125
0.27307,-0.14187,0.95222
0.25353,-0.13962,0.87887
0.23867,-0.14395,0.82895
0.22037,-0.14098,0.76457
0.21785,-0.14921,0.75683
0.21561,-0.15675,0.7493
0.21504,-0.16605,0.74697
0.21484,-0.17407,0.7454
0.21462,-0.18422,0.74656
0.21518,-0.19278,0.74557
0.21581,-0.20375,0.74692
0.21654,-0.21184,0.74595
0.21579,-0.22276,0.74656
0.21577,-0.23002,0.74675
0.21507,-0.24019,0.74413
0.21447,-0.24774,0.74336
0.21363,-0.2574,0.74033
0.21287,-0.26361,0.73807
0.21088,-0.27305,0.73488
0.21028,-0.28009,0.73352
0.21096,-0.28948,0.73049
0.31432,0.43498,1.1328
0.31518,0.42067,1.1378
0.30992,0.40202,1.1209
0.30228,0.37239,1.0807
0.29087,0.35132,1.0557
0.28885,0.33385,1.0464
0.28894,0.32206,1.0433
0.28812,0.30772,1.0436
0.28471,0.29608,1.0372
0.28569,0.28223,1.0402
0.28572,0.27063,1.0423
0.2877,0.25679,1.046
0.28712,0.24638,1.048
0.28796,0.23099,1.0511
0.28262,0.21783,1.035
0.28336,0.20363,1.0377
0.28387,0.19259,1.034
0.28579,0.17826,1.0364
0.28209,0.1668,1.0291
0.28335,0.15154,1.0291
0.28243,0.14038,1.029
0.27587,0.1241,1.0114
0.27313,0.11213,0.99065
0.27164,0.096765,0.98812
0.26522,0.084397,0.956
0.25958,0.069941,0.94724
0.25928,0.059321,0.94133
0.25562,0.045478,0.93033
0.2557,0.03558,0.91529
0.25273,0.022391,0.91567
0.25222,0.012791,0.912
0.25226,-0.000309,0.91626
0.25377,-0.0097851,0.92016
0.25666,-0.02329,0.93105
0.25838,-0.033397,0.94335
0.26405,-0.047773,0.95585
0.27484,-0.059693,0.99422
0.28468,-0.076459,1.0309
0.28495,-0.087355,1.0302
0.28463,-0.102,1.0289
0.27956,-0.11084,1.0163
0.27715,-0.12496,1.0071
0.27506,-0.13484,1.0017
0.26916,-0.14554,0.98296
0.26735,-0.15371,0.96644
0.23272,-0.14675,0.84691
0.23096,-0.15368,0.83542
0.23492,-0.16763,0.84656
0.23908,-0.18076,0.86704
0.2415,-0.1954,0.87332
0.24902,-0.21106,0.90365
0.25754,-0.23055,0.93391
0.26512,-0.248,0.95761
0.26473,-0.26117,0.96212
0.26384,-0.27055,0.95992
0.26293,-0.28328,0.95646
0.25877,-0.29109,0.94892
0.25627,-0.29972,0.93069
0.25074,-0.30313,0.91012
0.24957,-0.31402,0.89769
0.24281,-0.31466,0.87564
0.23938,-0.32221,0.8655
0.2321,-0.32155,0.83755
0.22856,-0.32918,0.82711
0.32009,0.4676,1.2175
0.31301,0.43821,1.1891
0.30304,0.4107,1.1431
0.28974,0.38334,1.1075
0.28482,0.35947,1.0739
0.2793,0.3386,1.0628
0.27929,0.32847,1.0612
0.28112,0.31514,1.0652
0.28411,0.30501,1.0717
0.28558,0.29324,1.0837
0.28393,0.28033,1.0785
0.28318,0.26386,1.0819
0.282,0.25326,1.0731
0.28084,0.23538,1.069
0.2798,0.2213,1.0581
0.27876,0.20675,1.0519
0.2751,0.19611,1.048
0.27575,0.18047,1.0487
0.27454,0.16876,1.047
0.27499,0.15418,1.0491
0.27232,0.14233,1.0428
0.27203,0.12702,1.0369
0.26997,0.11586,1.0351
0.26349,0.098881,1.0079
0.26126,0.087465,0.99282
0.25664,0.072357,0.97113
0.25314,0.061091,0.96424
0.25335,0.047202,0.96213
0.253,0.037109,0.95711
0.24837,0.022977,0.94379
0.24782,0.013142,0.93389
0.24641,-0.0003022,0.93398
0.24641,-0.010005,0.93392
0.24779,-0.023643,0.94431
0.25079,-0.033607,0.95573
0.2557,-0.048234,0.96504
0.27077,-0.061962,1.0351
0.27993,-0.078941,1.0626
0.27973,-0.089924,1.0618
0.27916,-0.105,1.0546
0.27515,-0.11416,1.0437
0.27326,-0.12835,1.0389
0.2716,-0.13856,1.026
0.26643,-0.14988,1.0093
0.26238,-0.15827,0.99707
0.26056,-0.1715,0.98872
0.25949,-0.18114,0.98704
0.25887,-0.19481,0.98503
0.25945,-0.20464,0.98498
0.2589,-0.21815,0.98308
0.26424,-0.23435,1.0028
0.27115,-0.25313,1.0242
0.28039,-0.27444,1.0635
0.28021,-0.29004,1.0642
0.2824,-0.30227,1.0673
0.28142,-0.31649,1.0635
0.27323,-0.31815,1.0345
0.27172,-0.33121,1.0291
0.26404,-0.33042,0.9927
0.25561,-0.33741,0.97882
0.2523,-0.34169,0.96057
0.24919,-0.35014,0.94449
0.24545,-0.35386,0.929
0.24132,-0.36087,0.91149
0.30521,0.46768,1.2197
0.30653,0.44761,1.2145
0.29604,0.42626,1.1806
0.27735,0.38435,1.1104
0.2724,0.361,1.0858
0.27048,0.344,1.0759
0.27002,0.33341,1.0787
0.27325,0.32345,1.0908
0.28506,0.32426,1.13
0.28781,0.31094,1.1547
0.29357,0.30448,1.1686
0.29451,0.28872,1.1724
0.28924,0.2704,1.1479
0.28024,0.24813,1.1249
0.2726,0.23082,1.0922
0.26969,0.21044,1.0736
0.26922,0.19975,1.0742
0.26978,0.18453,1.0746
0.26867,0.17372,1.0701
0.26646,0.15609,1.0618
0.26624,0.14471,1.0596
0.26439,0.12978,1.0592
0.26052,0.11748,1.0415
0.25863,0.10182,1.0402
0.25681,0.089987,1.0227
0.25343,0.074386,1.0116
0.251,0.063138,0.99933
0.2489,0.048785,0.98609
0.24625,0.037959,0.98248
0.24359,0.023466,0.96032
0.23718,0.013237,0.94494
0.2371,-0.00029055,0.94346
0.2371,-0.01009,0.94086
0.2394,-0.023796,0.95147
0.24085,-0.034148,0.96488
0.24796,-0.049567,1.0014
0.26801,-0.063964,1.0667
0.27253,-0.080502,1.0835
0.27336,-0.09248,1.0872
0.27237,-0.10711,1.0839
0.2717,-0.11809,1.0828
0.2713,-0.13335,1.0818
0.27134,-0.14436,1.0805
0.27227,-0.1594,1.0772
0.27048,-0.17005,1.0733
0.26968,-0.185,1.0645
0.26773,-0.19571,1.0626
0.26647,-0.21025,1.06
0.2638,-0.21859,1.0463
0.26309,-0.23299,1.0434
0.2677,-0.24693,1.0698
0.27491,-0.27122,1.0913
0.28523,-0.28907,1.1201
0.28437,-0.30644,1.1249
0.28392,-0.31857,1.1262
0.28293,-0.33354,1.1221
0.27752,-0.34045,1.1008
0.27384,-0.352,1.0911
0.2708,-0.35784,1.0822
0.26217,-0.35926,1.039
0.25768,-0.36126,1.0138
0.2491,-0.37028,0.98756
0.24293,-0.36871,0.96424
0.24185,-0.38084,0.96091
0.29114,0.46692,1.2243
0.29247,0.45159,1.2282
0.27742,0.41493,1.1543
0.26268,0.38093,1.1102
0.26008,0.36609,1.0885
0.25873,0.34856,1.0916
0.26185,0.33867,1.0956
0.27127,0.33599,1.13
0.28024,0.33962,1.183
0.29215,0.33017,1.2192
0.29643,0.32484,1.2397
0.29739,0.30804,1.2437
0.29203,0.28701,1.2176
0.28196,0.2619,1.1807
0.26872,0.24076,1.1423
0.26674,0.21842,1.1127
0.26359,0.20626,1.1018
0.26124,0.1894,1.0937
0.26126,0.17822,1.0952
0.26052,0.16003,1.0958
0.26088,0.14902,1.0903
0.25948,0.13374,1.0916
0.25978,0.12206,1.0842
0.25731,0.10608,1.0721
0.25278,0.0937,1.0636
0.25252,0.07786,1.054
0.25069,0.066149,1.043
0.24794,0.050976,1.0418
0.24188,0.039638,1.0201
0.2351,0.024005,0.98565
0.22679,0.013286,0.95651
0.22626,-0.0002787,0.94768
0.22724,-0.010139,0.94954
0.22837,-0.02382,0.96152
0.22983,-0.034229,0.96759
0.23662,-0.04969,1.0042
0.26029,-0.065219,1.0875
0.26859,-0.083383,1.1181
0.27438,-0.096895,1.1514
0.27501,-0.11362,1.1506
0.27475,-0.1256,1.1494
0.27448,-0.14183,1.1465
0.27416,-0.15389,1.145
0.27705,-0.17199,1.1557
0.27666,-0.18375,1.154
0.27324,-0.19801,1.1471
0.27083,-0.20715,1.1225
0.26567,-0.21924,1.1082
0.25824,-0.22518,1.083
0.25755,-0.24001,1.0799
0.26351,-0.25693,1.1103
0.27277,-0.27877,1.1344
0.27598,-0.29583,1.1429
0.27994,-0.31863,1.1705
0.28013,-0.33124,1.1697
0.27883,-0.34508,1.1654
0.27545,-0.35364,1.1583
0.27209,-0.36419,1.1388
0.26576,-0.36742,1.1014
0.25949,-0.37525,1.0883
0.25318,-0.37583,1.0599
0.2448,-0.37507,1.0118
0.23452,-0.37218,0.96778
0.20014,-0.33202,0.83538
0.28143,0.47477,1.2322
0.27834,0.45265,1.2328
0.25936,0.4079,1.1423
0.25177,0.38184,1.1129
0.25022,0.36941,1.1073
0.24945,0.35413,1.0962
0.25657,0.34856,1.1297
0.26596,0.35187,1.1828
0.2845,0.35497,1.2519
0.29134,0.34603,1.2892
0.30303,0.34826,1.3261
0.30401,0.32972,1.3387
0.28854,0.3026,1.282
0.2822,0.27414,1.234
0.26995,0.25122,1.1917
0.26434,0.22772,1.1614
0.26101,0.21466,1.1575
0.2603,0.19592,1.1423
0.25735,0.18307,1.1392
0.25783,0.16726,1.1416
0.25825,0.15676,1.1445
0.25865,0.14069,1.1465
0.25829,0.12762,1.1351
0.2576,0.11148,1.1366
0.25494,0.098994,1.1281
0.25276,0.082277,1.1208
0.2521,0.070345,1.1202
0.25231,0.054508,1.1225
0.23607,0.040346,1.0471
0.22969,0.02483,1.0043
0.21716,0.013308,0.96179
0.21284,-0.00026379,0.93583
0.21284,-0.009978,0.93578
0.21739,-0.023852,0.96396
0.21736,-0.033825,0.96467
0.2204,-0.048356,0.97481
0.25583,-0.067543,1.1221
0.26972,-0.088479,1.1878
0.27219,-0.10138,1.1985
0.27294,-0.11863,1.2038
0.27483,-0.13232,1.2065
0.27443,-0.14942,1.2046
0.2741,-0.16175,1.2055
0.27471,-0.17993,1.205
0.27432,-0.19222,1.2102
0.27246,-0.20903,1.2011
0.27026,-0.21958,1.199
0.26214,-0.22977,1.157
0.25255,-0.23137,1.1187
0.25281,-0.24924,1.1163
0.25803,-0.26419,1.1304
0.26321,-0.28526,1.1485
0.26721,-0.30319,1.1774
0.26894,-0.32254,1.187
0.2732,-0.33891,1.2011
0.27424,-0.35643,1.2041
0.27041,-0.3675,1.1961
0.26873,-0.38189,1.1792
0.2593,-0.37935,1.1449
0.25291,-0.38316,1.1162
0.24412,-0.38358,1.0875
0.23959,-0.38983,1.0539
0.19128,-0.32219,0.84128
0.17768,-0.31043,0.77607
0.27091,0.48089,1.2571
0.26817,0.46022,1.242
0.24586,0.40763,1.1449
0.2446,0.38807,1.1366
0.2412,0.37237,1.1145
0.24274,0.36421,1.1317
0.24531,0.35655,1.1518
0.2692,0.36771,1.2515
0.28154,0.37523,1.3059
0.29198,0.36777,1.3628
0.30067,0.36492,1.4021
0.29973,0.34028,1.3907
0.2892,0.31736,1.3482
0.27805,0.28628,1.3027
0.2698,0.26445,1.2627
0.26414,0.24451,1.2311
0.26408,0.23032,1.2297
0.26432,0.21193,1.2323
0.25974,0.19445,1.2091
0.26029,0.17766,1.2117
0.26126,0.16793,1.2227
0.26172,0.15072,1.2257
0.26109,0.13738,1.2262
0.25879,0.1188,1.204
0.25773,0.10482,1.2039
0.25674,0.087597,1.1905
0.25331,0.074924,1.1739
0.25351,0.05806,1.1748
0.24274,0.04406,1.1331
0.20922,0.024051,0.97724
0.20606,0.013477,0.96425
0.19987,-0.00024924,0.92517
0.19987,-0.0098514,0.92512
0.206,-0.0239,0.96642
0.20641,-0.033947,0.9675
0.20873,-0.048464,0.97714
0.25614,-0.07166,1.1919
0.26746,-0.092693,1.2414
0.26767,-0.10585,1.2476
0.26983,-0.12443,1.2586
0.26903,-0.13768,1.2566
0.26863,-0.15547,1.2546
0.26831,-0.1683,1.2531
0.26971,-0.18652,1.2631
0.27143,-0.20109,1.2668
0.26876,-0.21678,1.2584
0.26715,-0.2283,1.2446
0.25994,-0.23844,1.2007
0.25211,-0.24552,1.1758
0.24759,-0.25467,1.152
0.25047,-0.26898,1.1529
0.25073,-0.28948,1.1653
0.25352,-0.30389,1.1866
0.25984,-0.32803,1.2071
0.26254,-0.34753,1.2329
0.26563,-0.36688,1.2313
0.26311,-0.37744,1.2224
0.25982,-0.39141,1.2173
0.2569,-0.39418,1.186
0.245,-0.39499,1.1428
0.23649,-0.3912,1.1032
0.18516,-0.31926,0.85989
0.16932,-0.30121,0.7844
0.1649,-0.3027,0.76741
0.25795,0.485,1.2675
0.25598,0.4661,1.2592
0.23108,0.4085,1.1377
0.23128,0.39306,1.139
0.23197,0.38304,1.1425
0.23291,0.3682,1.1511
0.24459,0.37627,1.2078
0.26552,0.38865,1.3053
0.27515,0.38823,1.3611
0.28692,0.38498,1.4105
0.29156,0.37484,1.4387
0.29206,0.3547,1.4434
0.28407,0.32748,1.397
0.27228,0.2985,1.3396
0.26462,0.27411,1.3084
0.26533,0.25628,1.3119
0.27096,0.249,1.3355
0.27291,0.23049,1.3443
0.27205,0.2167,1.3409
0.27068,0.198,1.3423
0.26954,0.18373,1.3382
0.27002,0.1649,1.3405
0.26512,0.14902,1.3117
0.26194,0.12699,1.2874
0.26046,0.1137,1.2859
0.25769,0.093926,1.2796
0.25788,0.080791,1.2804
0.25454,0.062229,1.2647
0.2413,0.046269,1.1962
0.19803,0.02412,0.98457
0.19493,0.013552,0.96659
0.18726,-0.00023893,0.92742
0.18726,-0.0098638,0.92736
0.19525,-0.024034,0.96977
0.19597,-0.034296,0.97466
0.20652,-0.050272,1.017
0.25314,-0.075061,1.2456
0.26475,-0.096672,1.3109
0.26773,-0.11162,1.3197
0.2675,-0.13146,1.3205
0.26716,-0.14385,1.3167
0.26576,-0.16237,1.307
0.26229,-0.17483,1.3047
0.26181,-0.19315,1.3022
0.2643,-0.20766,1.3123
0.26738,-0.22839,1.3168
0.26694,-0.24167,1.3145
0.25999,-0.25493,1.2847
0.24536,-0.25189,1.209
0.23874,-0.2637,1.1752
0.23781,-0.27486,1.1726
0.23985,-0.29113,1.1843
0.24221,-0.30747,1.19
0.25178,-0.335,1.2403
0.25811,-0.36027,1.2753
0.2572,-0.37718,1.2706
0.25375,-0.38861,1.2545
0.25279,-0.40516,1.2496
0.25207,-0.41703,1.2449
0.24117,-0.40902,1.1788
0.17843,-0.31421,0.87933
0.16224,-0.29817,0.79942
0.15674,-0.29489,0.77357
0.15412,-0.30027,0.75629
0.24736,0.50046,1.3032
0.24409,0.47005,1.2758
0.21366,0.4016,1.1175
0.21458,0.38733,1.1224
0.21639,0.37986,1.1472
0.21789,0.36576,1.1535
0.23042,0.37705,1.2103
0.2585,0.40041,1.3604
0.26744,0.39872,1.4096
0.27912,0.39849,1.4565
0.28464,0.38883,1.5049
0.27993,0.36256,1.4676
0.27578,0.34132,1.4499
0.2648,0.30709,1.3854
0.25705,0.28579,1.3514
0.25685,0.26653,1.3551
0.26833,0.26183,1.3986
0.27673,0.25221,1.4619
0.27946,0.23746,1.4643
0.28005,0.21596,1.4673
0.27929,0.20103,1.4602
0.27493,0.17774,1.4535
0.26826,0.15904,1.4113
0.26387,0.13685,1.3915
0.26302,0.12099,1.3759
0.26313,0.10145,1.3774
0.26331,0.087841,1.3862
0.27079,0.069133,1.4219
0.24991,0.05073,1.3075
0.19873,0.025435,1.0478
0.18402,0.013599,0.96236
0.18242,-0.00023306,0.96203
0.18242,-0.010043,0.96197
0.18516,-0.024281,0.97752
0.18897,-0.03491,0.99001
0.20066,-0.052071,1.0491
0.24965,-0.078271,1.3151
0.26053,-0.102,1.38
0.26625,-0.11778,1.3932
0.26681,-0.13906,1.4
0.26655,-0.15348,1.3985
0.26412,-0.17172,1.3878
0.2638,-0.18589,1.386
0.26679,-0.20739,1.3986
0.26908,-0.22341,1.4113
0.26851,-0.24362,1.4081
0.26799,-0.25717,1.3984
0.26381,-0.27385,1.3822
0.24449,-0.26835,1.285
0.22854,-0.26497,1.2003
0.22665,-0.27599,1.1795
0.22599,-0.29223,1.187
0.23453,-0.31763,1.2385
0.24377,-0.34862,1.2814
0.25922,-0.3845,1.3538
0.2583,-0.40255,1.3487
0.25736,-0.41301,1.3449
0.25437,-0.42679,1.3257
0.24511,-0.43032,1.2723
0.2183,-0.3972,1.1414
0.15597,-0.2902,0.81444
0.15083,-0.29332,0.79177
0.14648,-0.29158,0.76705
0.1438,-0.29874,0.75421
0.2343,0.50356,1.3142
0.23505,0.48498,1.3203
0.19153,0.39163,1.1003
0.19234,0.37312,1.0812
0.19332,0.36752,1.1085
0.1941,0.35069,1.0925
0.19693,0.34107,1.1029
0.25023,0.41107,1.4086
0.26214,0.41934,1.4665
0.26876,0.40691,1.5092
0.27474,0.40085,1.5411
0.27031,0.3721,1.518
0.26229,0.34686,1.474
0.25612,0.31791,1.4336
0.24913,0.29563,1.3951
0.25594,0.2822,1.4281
0.25901,0.27341,1.4626
0.27507,0.2665,1.5385
0.28099,0.25393,1.5738
0.28158,0.23203,1.5771
0.27906,0.21434,1.5667
0.2783,0.19213,1.5626
0.27267,0.17288,1.5347
0.26778,0.14788,1.5194
0.26447,0.13214,1.493
0.26478,0.10997,1.4945
0.26772,0.094597,1.4955
0.27867,0.076965,1.5671
0.26183,0.056628,1.4616
0.19382,0.026369,1.0897
0.17304,0.013638,0.97204
0.17268,-0.00022813,0.97066
0.17375,-0.01035,0.97988
0.17734,-0.024704,0.99245
0.18836,-0.03713,1.052
0.2146,-0.059451,1.2096
0.24857,-0.083223,1.3892
0.25767,-0.10776,1.4494
0.26378,-0.12548,1.4828
0.26404,-0.14675,1.4853
0.26449,-0.1632,1.4865
0.26546,-0.18458,1.4857
0.26667,-0.19988,1.4883
0.26625,-0.221,1.4873
0.26611,-0.23611,1.488
0.2669,-0.25825,1.487
0.26663,-0.27419,1.4878
0.25506,-0.27996,1.4238
0.23239,-0.2719,1.3058
0.21441,-0.26549,1.2028
0.21264,-0.27642,1.1819
0.21202,-0.2928,1.1894
0.22327,-0.31969,1.2498
0.23799,-0.36148,1.3261
0.25284,-0.39924,1.409
0.2635,-0.43721,1.474
0.26292,-0.44712,1.4698
0.24483,-0.4364,1.358
0.23794,-0.44011,1.3184
0.17019,-0.33089,0.95913
0.14386,-0.28743,0.8072
0.13983,-0.28975,0.78002
0.13652,-0.29075,0.75934
0.13395,-0.29789,0.74989
0.21938,0.50824,1.3199
0.21974,0.48794,1.3226
0.18012,0.39232,1.0829
0.17959,0.37392,1.0858
0.18013,0.36424,1.09
0.18075,0.34525,1.0945
0.18175,0.34098,1.1025
0.24411,0.43416,1.4653
0.25542,0.43902,1.5336
0.2592,0.4237,1.5479
0.26064,0.40928,1.5695
0.25815,0.38213,1.5503
0.24577,0.34951,1.4796
0.2421,0.32335,1.4644
0.23865,0.30314,1.4358
0.24141,0.28882,1.4615
0.25622,0.28845,1.5378
0.26892,0.27921,1.6181
0.26936,0.26317,1.6284
0.27101,0.24047,1.6318
0.26972,0.22216,1.6331
0.26879,0.19889,1.627
0.26854,0.18156,1.5993
0.26662,0.15802,1.5975
0.26581,0.14057,1.59
0.26488,0.11788,1.5918
0.26507,0.10195,1.6111
0.26529,0.07898,1.6123
0.26033,0.06089,1.571
0.18389,0.026902,1.1025
0.16158,0.013716,0.97401
0.1616,-0.00022027,0.9741
0.16563,-0.010524,0.98299
0.18264,-0.027396,1.0907
0.20049,-0.042385,1.2128
0.23487,-0.070107,1.4145
0.2408,-0.08722,1.4537
0.2466,-0.11054,1.4869
0.24684,-0.12592,1.4943
0.26218,-0.15566,1.577
0.26228,-0.17226,1.5791
0.26298,-0.1959,1.5766
0.26267,-0.21207,1.5745
0.26219,-0.23386,1.5756
0.26229,-0.24984,1.5806
0.26238,-0.2738,1.5803
0.2638,-0.29135,1.5843
0.24993,-0.29729,1.5003
0.21658,-0.26942,1.3008
0.19714,-0.26098,1.1817
0.19318,-0.27098,1.1655
0.19259,-0.28676,1.1618
0.20756,-0.32369,1.2599
0.22795,-0.37413,1.3726
0.24703,-0.42192,1.4925
0.25831,-0.45842,1.542
0.25305,-0.46873,1.518
0.2447,-0.46699,1.4718
0.19355,-0.38538,1.1487
0.14132,-0.29419,0.85031
0.13247,-0.28409,0.79619
0.12945,-0.28793,0.77723
0.12612,-0.2896,0.75562
0.12464,-0.29661,0.74847
0.20142,0.50118,1.3079
0.20463,0.49242,1.3282
0.17664,0.39783,1.1472
0.16891,0.37496,1.0895
0.16931,0.35974,1.0943
0.17,0.34584,1.1012
0.17848,0.35784,1.1383
0.23656,0.45447,1.5321
0.24803,0.45513,1.6098
0.24971,0.4364,1.6187
0.25047,0.42229,1.6255
0.24512,0.38898,1.5776
0.22743,0.34814,1.4823
0.22482,0.32393,1.467
0.22253,0.30484,1.442
0.23247,0.29861,1.5065
0.24913,0.30216,1.6171
0.25682,0.28773,1.6747
0.25834,0.27094,1.6694
0.25727,0.24757,1.6658
0.25636,0.2283,1.6637
0.25659,0.20492,1.6667
0.25648,0.18827,1.6621
0.25686,0.16491,1.6646
0.25711,0.1477,1.6623
0.25759,0.12397,1.6642
0.25935,0.107,1.6893
0.25183,0.080755,1.6467
0.23555,0.059385,1.5417
0.16896,0.027243,1.1176
0.15082,0.01375,0.98541
0.15085,-0.00021189,0.9855
0.16964,-0.011664,1.093
0.18623,-0.02998,1.2155
0.22175,-0.050769,1.4489
0.22316,-0.07157,1.4483
0.2255,-0.08792,1.4658
0.22901,-0.11073,1.4928
0.24376,-0.13352,1.582
0.25222,-0.16212,1.6364
0.25197,-0.17894,1.6348
0.2516,-0.20206,1.6358
0.25235,-0.21947,1.6366
0.25266,-0.2431,1.6381
0.25315,-0.26131,1.6473
0.25489,-0.2855,1.6493
0.2546,-0.30449,1.6559
0.24479,-0.31399,1.5902
0.19676,-0.26522,1.275
0.18308,-0.2632,1.1838
0.18093,-0.27189,1.1693
0.18186,-0.29089,1.1655
0.19274,-0.32598,1.2694
0.21168,-0.37476,1.375
0.24073,-0.43965,1.5564
0.24953,-0.48259,1.6109
0.23958,-0.47394,1.5403
0.23409,-0.48806,1.5145
0.15919,-0.34338,1.0285
0.12761,-0.28647,0.82586
0.122,-0.28138,0.79017
0.1195,-0.28749,0.77354
0.11686,-0.28841,0.75547
0.11536,-0.29509,0.74587
0.18946,0.51152,1.3365
0.18826,0.4904,1.3289
0.18363,0.46617,1.2965
0.15699,0.3843,1.1254
0.15633,0.36541,1.0984
0.15697,0.35128,1.1147
0.17382,0.37962,1.2205
0.20718,0.4347,1.4772
0.22887,0.45586,1.6124
0.23042,0.4371,1.6214
0.23112,0.42297,1.6282
0.21148,0.36745,1.4937
0.20438,0.33877,1.4317
0.20499,0.31925,1.436
0.20199,0.29867,1.4151
0.21451,0.29911,1.5091
0.22904,0.30348,1.6241
0.23698,0.28822,1.6776
0.23839,0.2714,1.6722
0.23889,0.24887,1.6758
0.2404,0.23241,1.6913
0.24084,0.20861,1.6943
0.23766,0.18913,1.6793
0.2372,0.16533,1.6742
0.23743,0.14808,1.669
0.2377,0.12419,1.6671
0.23534,0.10537,1.6657
0.21726,0.075361,1.5437
0.17974,0.049023,1.2535
0.15996,0.027298,1.1195
0.13942,0.013842,0.98714
0.13944,-0.00020502,0.98723
0.16931,-0.012617,1.205
0.20483,-0.036017,1.4521
0.20478,-0.051005,1.4517
0.20452,-0.071452,1.4506
0.20442,-0.086352,1.4498
0.20991,-0.11026,1.4845
0.23395,-0.13908,1.6415
0.24278,-0.16857,1.7153
0.24091,-0.18537,1.6971
0.23847,-0.20702,1.6918
0.23666,-0.22411,1.6814
0.23534,-0.24594,1.6584
0.23582,-0.26287,1.6559
0.23521,-0.28596,1.6522
0.23493,-0.30498,1.6588
0.22697,-0.31476,1.6024
0.18095,-0.26334,1.2729
0.17027,-0.26827,1.2143
0.16974,-0.27662,1.188
0.17826,-0.31408,1.2746
0.19598,-0.35678,1.3821
0.22293,-0.42583,1.5579
0.24422,-0.48571,1.7117
0.23941,-0.49734,1.6878
0.22964,-0.49885,1.6185
0.216,-0.48805,1.5125
0.13497,-0.31271,0.95314
0.11695,-0.28567,0.8223
0.11225,-0.28163,0.78682
0.11004,-0.28682,0.77132
0.10729,-0.2887,0.7563
0.10594,-0.2957,0.74678
0.17099,0.50504,1.3174
0.17494,0.49955,1.3522
0.17298,0.47892,1.3351
0.14993,0.39367,1.1639
0.1431,0.36222,1.1117
0.14122,0.34822,1.1006
0.14409,0.34111,1.1196
0.16465,0.37314,1.2695
0.17293,0.3796,1.3315
0.17385,0.36498,1.3506
0.1814,0.36056,1.3935
0.182,0.34196,1.3982
0.16654,0.30586,1.2873
0.16659,0.28752,1.2912
0.16693,0.27469,1.2955
0.16984,0.2571,1.312
0.18059,0.26023,1.397
0.21028,0.28138,1.6306
0.21481,0.26772,1.6587
0.21685,0.24644,1.6748
0.22019,0.23278,1.694
0.22058,0.20894,1.697
0.21767,0.18944,1.6819
0.21534,0.16355,1.6616
0.20476,0.14,1.5875
0.18906,0.10819,1.4557
0.18347,0.090046,1.4099
0.16455,0.062199,1.2549
0.15655,0.046997,1.206
0.14651,0.027349,1.1214
0.1277,0.013928,0.98873
0.12772,-0.00019864,0.98883
0.15507,-0.012628,1.207
0.15859,-0.030279,1.2163
0.18035,-0.048887,1.3836
0.17926,-0.068442,1.3821
0.17917,-0.082716,1.382
0.18557,-0.10465,1.4199
0.19021,-0.1242,1.4682
0.22236,-0.16882,1.718
0.22065,-0.18565,1.6998
0.21841,-0.20733,1.6945
0.21676,-0.22444,1.6841
0.21555,-0.24631,1.661
0.21465,-0.262,1.6524
0.21321,-0.28487,1.642
0.20839,-0.29313,1.6091
0.16661,-0.25326,1.2817
0.15638,-0.25207,1.2197
0.15595,-0.26867,1.2162
0.15903,-0.28575,1.2138
0.1817,-0.34405,1.4086
0.20486,-0.40535,1.5657
0.22677,-0.47636,1.7498
0.23114,-0.50315,1.773
0.22368,-0.51139,1.7182
0.21869,-0.51404,1.6856
0.19108,-0.47438,1.4685
0.11806,-0.30126,0.90958
0.10711,-0.28471,0.82008
0.10198,-0.27991,0.78562
0.10071,-0.28642,0.77072
0.098147,-0.28797,0.75494
0.097184,-0.29507,0.74533
0.15811,0.51708,1.3476
0.16777,0.5263,1.4226
0.16389,0.5021,1.4013
0.14041,0.40391,1.1717
0.12768,0.36269,1.0939
0.12809,0.34868,1.0984
0.12906,0.34136,1.1029
0.13022,0.32746,1.1073
0.13089,0.31936,1.1107
0.13289,0.30511,1.1258
0.13405,0.2944,1.132
0.13468,0.28034,1.1439
0.1348,0.27159,1.1532
0.13539,0.25746,1.1585
0.13754,0.24656,1.1655
0.1384,0.23054,1.1699
0.14045,0.22262,1.2008
0.14358,0.20987,1.2134
0.14508,0.19904,1.2399
0.14614,0.18239,1.243
0.14768,0.17422,1.255
0.14795,0.15638,1.2573
0.14695,0.14038,1.2513
0.14717,0.12277,1.2412
0.14731,0.10996,1.2424
0.14463,0.091825,1.2277
0.14474,0.077878,1.2283
0.14486,0.059859,1.2292
0.14306,0.047072,1.2094
0.13342,0.028104,1.1283
0.12442,0.015009,1.0623
0.12444,-0.00020656,1.0624
0.14028,-0.012586,1.1965
0.1419,-0.029854,1.2084
0.14194,-0.042483,1.2059
0.14187,-0.059652,1.2052
0.14193,-0.072164,1.205
0.14318,-0.090882,1.2265
0.14841,-0.10749,1.2638
0.14823,-0.12552,1.2622
0.1479,-0.1372,1.2555
0.14665,-0.15321,1.2396
0.14496,-0.16466,1.2306
0.1447,-0.18192,1.2282
0.14449,-0.19435,1.2263
0.14293,-0.21111,1.2164
0.14171,-0.22051,1.2023
0.14032,-0.23665,1.1895
0.14153,-0.24996,1.1974
0.14142,-0.26902,1.2179
0.16545,-0.32555,1.4151
0.1864,-0.39045,1.5718
0.20655,-0.45339,1.7584
0.2115,-0.48961,1.7993
0.21244,-0.50863,1.7979
0.20926,-0.52774,1.7734
0.2023,-0.51914,1.7008
0.17347,-0.47498,1.4705
0.10718,-0.30164,0.90602
0.097248,-0.28506,0.82118
0.09258,-0.28026,0.78666
0.09091,-0.28637,0.76838
0.089215,-0.28833,0.75499
0.087948,-0.29529,0.74374
0.15038,0.54509,1.4176
0.16117,0.56194,1.5232
0.15236,0.51523,1.4463
0.12895,0.4156,1.1799
0.11848,0.3722,1.1278
0.11558,0.35037,1.101
0.11642,0.34196,1.1043
0.11695,0.32785,1.1087
0.11754,0.31892,1.112
0.11934,0.30448,1.1272
0.11971,0.29365,1.1335
0.12046,0.27938,1.1373
0.12083,0.26954,1.1399
0.12132,0.25607,1.1583
0.12209,0.24442,1.1615
0.12329,0.23017,1.1694
0.1237,0.2185,1.1725
0.12475,0.20334,1.1802
0.12532,0.19228,1.1918
0.1263,0.17572,1.1958
0.12659,0.16411,1.1975
0.12682,0.14731,1.1997
0.12677,0.13509,1.198
0.12869,0.11902,1.2209
0.12921,0.10774,1.2185
0.12949,0.090648,1.2252
0.12997,0.077985,1.2207
0.13016,0.061324,1.2312
0.13172,0.04765,1.2378
0.13179,0.03009,1.2384
0.11983,0.016239,1.13
0.12219,-0.00021661,1.131
0.12616,-0.012611,1.1981
0.12614,-0.029713,1.1978
0.126,-0.042031,1.192
0.12586,-0.05896,1.1913
0.12587,-0.071389,1.1932
0.12651,-0.088582,1.1953
0.12645,-0.10115,1.198
0.1263,-0.11835,1.1964
0.12567,-0.13062,1.1919
0.12524,-0.14678,1.1869
0.12503,-0.159,1.1849
0.12504,-0.176,1.1847
0.12519,-0.18802,1.1829
0.12504,-0.20465,1.181
0.12483,-0.21757,1.1817
0.12541,-0.23581,1.1858
0.12578,-0.24888,1.1887
0.12689,-0.26725,1.1978
0.15457,-0.34307,1.4743
0.18415,-0.43115,1.7472
0.19057,-0.46595,1.808
0.19126,-0.49231,1.8049
0.19243,-0.5136,1.8186
0.19174,-0.53768,1.8116
0.18652,-0.53465,1.7692
0.15895,-0.48384,1.5172
0.096267,-0.30227,0.90712
0.0874,-0.28733,0.82436
0.083579,-0.28178,0.78977
0.081649,-0.28669,0.7693
0.080156,-0.28865,0.75588
0.079178,-0.29622,0.74687
0.14942,0.61056,1.5955
0.15203,0.59526,1.6331
0.15251,0.58053,1.6385
0.14675,0.53955,1.554
0.11462,0.40483,1.1848
0.10541,0.36127,1.134
0.10532,0.34774,1.1373
0.10546,0.33303,1.1325
0.10574,0.32179,1.1302
0.10606,0.3048,1.1343
0.10632,0.29397,1.1375
0.10673,0.28099,1.1414
0.1071,0.27116,1.144
0.10795,0.25713,1.1601
0.10869,0.24566,1.1628
0.10924,0.23053,1.1716
0.1096,0.21875,1.1745
0.11053,0.20357,1.1816
0.11103,0.1925,1.1932
0.1119,0.17593,1.1972
0.11216,0.1643,1.1989
0.11236,0.14748,1.2011
0.11232,0.13524,1.1994
0.11337,0.11916,1.2223
0.1144,0.10766,1.2235
0.11535,0.090884,1.2305
0.11592,0.079245,1.257
0.11891,0.062091,1.2741
0.11969,0.0498,1.286
0.11975,0.03145,1.3002
0.11978,0.018148,1.2919
0.1135,-0.00022307,1.2133
0.1126,-0.012749,1.2089
0.11224,-0.029899,1.201
0.11163,-0.042072,1.1934
0.11151,-0.05902,1.1927
0.11152,-0.071463,1.1946
0.11208,-0.088676,1.1968
0.11203,-0.10126,1.1994
0.1119,-0.11847,1.1978
0.11135,-0.13076,1.1933
0.11096,-0.14694,1.1883
0.11078,-0.15917,1.1863
0.11079,-0.17619,1.1861
0.11092,-0.18823,1.1843
0.11079,-0.20487,1.1824
0.11061,-0.2178,1.1831
0.11112,-0.23606,1.1872
0.11262,-0.25101,1.2027
0.13725,-0.32885,1.4793
0.1499,-0.3722,1.6007
0.16549,-0.43905,1.7633
0.16985,-0.46817,1.8129
0.16989,-0.49431,1.8149
0.17102,-0.51749,1.8284
0.17084,-0.54174,1.8227
0.16846,-0.54882,1.7852
0.14647,-0.50191,1.5649
0.087592,-0.30851,0.93501
0.079009,-0.29256,0.84251
0.074273,-0.28355,0.79327
0.07267,-0.28761,0.77659
0.071138,-0.2892,0.75668
0.069941,-0.29582,0.74367
0.13324,0.62696,1.6347
0.13383,0.6065,1.6423
0.13684,0.60339,1.6815
0.14206,0.5999,1.735
0.13442,0.54954,1.6599
0.12351,0.48497,1.5209
0.11632,0.43358,1.4375
0.11587,0.41035,1.4237
0.11618,0.39709,1.4276
0.11942,0.39877,1.4855
0.11971,0.38454,1.4893
0.11955,0.36146,1.4828
0.11543,0.33129,1.423
0.1082,0.29162,1.3272
0.10432,0.27007,1.2917
0.10115,0.2505,1.2489
0.10078,0.23154,1.2464
0.099714,0.21374,1.2252
0.09928,0.19703,1.2272
0.099487,0.1789,1.2299
0.10041,0.16661,1.2318
0.10059,0.15116,1.2275
0.09939,0.13862,1.2289
0.099606,0.12123,1.2307
0.10061,0.10896,1.2319
0.10089,0.092208,1.2524
0.10096,0.079329,1.2583
0.10268,0.061529,1.2642
0.10382,0.049645,1.2679
0.10429,0.031487,1.3016
0.10494,0.018174,1.3018
0.10903,-0.00023585,1.344
0.10188,-0.013054,1.2455
0.098831,-0.030191,1.2099
0.097872,-0.042742,1.2139
0.097823,-0.059967,1.2131
0.098804,-0.072479,1.2146
0.099248,-0.090679,1.2212
0.10102,-0.10483,1.2329
0.10128,-0.12482,1.2507
0.10299,-0.13837,1.2697
0.10458,-0.15946,1.294
0.10705,-0.17565,1.3112
0.10741,-0.19711,1.319
0.11001,-0.21329,1.349
0.11106,-0.23609,1.3729
0.11559,-0.25878,1.4273
0.11844,-0.28895,1.4576
0.12511,-0.31952,1.534
0.13084,-0.35672,1.6059
0.14458,-0.41529,1.7708
0.14735,-0.44828,1.8088
0.14798,-0.46889,1.8191
0.14836,-0.495,1.8193
0.14943,-0.5191,1.8314
0.14895,-0.54458,1.8323
0.14843,-0.55687,1.827
0.13224,-0.52171,1.6212
0.080751,-0.32882,0.98896
0.070029,-0.29794,0.8573
0.065595,-0.28741,0.80373
0.063673,-0.28998,0.78064
0.062145,-0.29055,0.76203
0.061151,-0.2969,0.74824
0.11342,0.62493,1.6286
0.1162,0.61884,1.6735
0.1205,0.62241,1.734
0.12249,0.60938,1.7687
0.12291,0.59306,1.7754
0.12537,0.5799,1.812
0.12611,0.56557,1.8251
0.1275,0.54391,1.842
0.12554,0.51869,1.818
0.12583,0.49329,1.8235
0.12563,0.47451,1.8217
0.12615,0.45005,1.8279
0.12632,0.43177,1.827
0.12428,0.39919,1.8045
0.12273,0.37401,1.7765
0.12116,0.34422,1.7543
0.12033,0.32599,1.744
0.11955,0.29846,1.7262
0.11787,0.27632,1.703
0.11556,0.24773,1.6706
0.11448,0.22846,1.6637
0.11277,0.19993,1.6347
0.10558,0.17223,1.5325
0.088108,0.12424,1.2772
0.086018,0.11049,1.2571
0.085754,0.092291,1.2536
0.085585,0.078708,1.2377
0.085666,0.06102,1.2419
0.086438,0.048602,1.2494
0.088787,0.03152,1.3027
0.094713,0.019157,1.3573
0.10936,-0.00027505,1.5831
0.11197,-0.017105,1.6216
0.11203,-0.04038,1.6237
0.11218,-0.05724,1.6232
0.11212,-0.080464,1.6223
0.11544,-0.099818,1.6638
0.11773,-0.1272,1.7047
0.12025,-0.14701,1.7373
0.12073,-0.17321,1.7469
0.12147,-0.19229,1.7633
0.12225,-0.21862,1.7718
0.12285,-0.23806,1.7777
0.12313,-0.26405,1.7778
0.12358,-0.28386,1.7858
0.12389,-0.30959,1.7869
0.12412,-0.33004,1.7926
0.1248,-0.35704,1.8035
0.12508,-0.37695,1.8087
0.12536,-0.40344,1.8112
0.12569,-0.42365,1.8153
0.12614,-0.45063,1.8221
0.12618,-0.47009,1.8226
0.12634,-0.49564,1.8228
0.1273,-0.51959,1.8334
0.12791,-0.5454,1.845
0.12757,-0.5629,1.8397
0.11831,-0.54226,1.687
0.077885,-0.37436,1.124
0.059882,-0.29894,0.8595
0.056614,-0.29126,0.81543
0.054895,-0.29191,0.78716
0.053017,-0.29133,0.76389
0.052465,-0.29848,0.75399
0.093294,0.62584,1.633
0.095947,0.61923,1.6758
0.099569,0.62255,1.7299
0.10113,0.60977,1.7699
0.10313,0.60358,1.8057
0.10382,0.58308,1.821
0.10486,0.57006,1.8332
0.11141,0.57186,1.9505
0.11169,0.55339,1.9558
0.10444,0.49627,1.8312
0.10423,0.47718,1.8306
0.10463,0.45251,1.8357
0.10459,0.43275,1.8335
0.10464,0.40718,1.8353
0.10437,0.38759,1.8323
0.10427,0.36101,1.8342
0.10423,0.34182,1.8311
0.10426,0.31591,1.8284
0.10408,0.29638,1.8279
0.10406,0.27024,1.8288
0.10396,0.25095,1.8222
0.10414,0.22526,1.8255
0.10408,0.20635,1.8268
0.087233,0.15073,1.5359
0.072759,0.11137,1.2794
0.070748,0.091767,1.2378
0.070058,0.078512,1.233
0.070114,0.060869,1.2396
0.071311,0.04864,1.2503
0.078119,0.033219,1.3581
0.090205,0.022461,1.5841
0.10273,-0.00030641,1.8058
0.10284,-0.019042,1.8058
0.10282,-0.044909,1.8053
0.10279,-0.063626,1.8069
0.10281,-0.089583,1.8094
0.10277,-0.10828,1.8051
0.10279,-0.13405,1.8049
0.10273,-0.15279,1.8034
0.10278,-0.1785,1.8046
0.10286,-0.19749,1.805
0.10286,-0.22338,1.8026
0.10313,-0.24228,1.8074
0.10296,-0.26801,1.8051
0.10304,-0.28706,1.8069
0.10306,-0.31307,1.8062
0.10333,-0.33224,1.8104
0.10341,-0.35909,1.8137
0.10373,-0.37878,1.8179
0.10382,-0.40534,1.8193
0.10419,-0.42504,1.8216
0.10412,-0.45128,1.8236
0.10438,-0.47087,1.8268
0.10428,-0.49628,1.8242
0.10516,-0.51993,1.8347
0.10607,-0.54897,1.851
0.1058,-0.56659,1.8457
0.10079,-0.56866,1.7711
0.076294,-0.44115,1.3316
0.053036,-0.32154,0.923
0.046867,-0.29249,0.81909
0.04567,-0.29605,0.80167
0.044333,-0.29362,0.77232
0.043418,-0.30052,0.75994
0.073937,0.63032,1.6409
0.07578,0.62083,1.6767
0.078135,0.62287,1.7309
0.079778,0.60963,1.7685
0.08128,0.60388,1.8072
0.082236,0.58344,1.8238
0.082905,0.5709,1.8371
0.089957,0.59257,1.9944
0.090181,0.57344,1.9999
0.082643,0.49785,1.8373
0.082426,0.47882,1.8366
0.082601,0.45288,1.8395
0.082623,0.4343,1.837
0.082641,0.40806,1.8402
0.082484,0.3886,1.8403
0.082434,0.36261,1.8385
0.082288,0.34291,1.8388
0.08229,0.31663,1.8368
0.082256,0.29763,1.8337
0.082147,0.27099,1.8333
0.082072,0.25182,1.8325
0.082211,0.22608,1.8359
0.082137,0.20701,1.8353
0.082218,0.18105,1.835
0.05853,0.11471,1.2935
0.056278,0.092601,1.2613
0.054495,0.076893,1.2127
0.054538,0.059615,1.2137
0.056358,0.048849,1.2731
0.065286,0.035963,1.4552
0.080985,0.025546,1.8084
0.08108,-0.00030224,1.8107
0.081184,-0.019081,1.8106
0.081177,-0.045032,1.8113
0.081135,-0.063814,1.8128
0.081147,-0.089835,1.8119
0.081059,-0.10843,1.8106
0.081054,-0.13425,1.8078
0.081029,-0.15297,1.8081
0.081082,-0.17903,1.808
0.081192,-0.19798,1.8084
0.081317,-0.22392,1.8109
0.081268,-0.24271,1.8097
0.081269,-0.26884,1.8108
0.081342,-0.28794,1.8137
0.081524,-0.31399,1.8146
0.081572,-0.33333,1.8151
0.081625,-0.3593,1.8172
0.081848,-0.37916,1.8196
0.081849,-0.4058,1.8218
0.082094,-0.42571,1.8239
0.082189,-0.45236,1.8289
0.082322,-0.47153,1.8281
0.082283,-0.49794,1.8312
0.082879,-0.52019,1.8377
0.083604,-0.54925,1.8521
0.08376,-0.56798,1.85
0.082122,-0.5893,1.8189
0.069757,-0.51066,1.5471
0.051073,-0.39298,1.1355
0.036985,-0.29373,0.82224
0.03628,-0.29874,0.80254
0.035392,-0.29928,0.78233
0.034689,-0.30264,0.769
0.054342,0.63022,1.6469
0.055547,0.62116,1.6815
0.05743,0.62495,1.7316
0.058237,0.60961,1.7692
0.05938,0.60525,1.8087
0.060091,0.58367,1.8279
0.060713,0.57311,1.8463
0.065407,0.59127,1.994
0.065563,0.57218,1.9995
0.060431,0.49853,1.8404
0.060451,0.4798,1.8411
0.060389,0.45437,1.8436
0.060445,0.43502,1.8447
0.060359,0.409,1.8435
0.060327,0.38983,1.8439
0.060373,0.36292,1.8423
0.060175,0.34355,1.8408
0.060156,0.31702,1.8384
0.060121,0.298,1.8364
0.059978,0.27148,1.836
0.059959,0.25216,1.8349
0.060057,0.22636,1.8383
0.060716,0.20984,1.8608
0.060798,0.18352,1.8635
0.043218,0.11869,1.3279
0.04169,0.094465,1.2647
0.039768,0.076927,1.213
0.039798,0.059642,1.214
0.041497,0.04932,1.2796
0.048918,0.036821,1.5089
0.059155,0.025643,1.8112
0.05924,-0.00029881,1.8135
0.059244,-0.019107,1.8139
0.059242,-0.045073,1.8134
0.059246,-0.063925,1.8147
0.059278,-0.090027,1.816
0.059199,-0.10862,1.8128
0.059177,-0.13447,1.811
0.059226,-0.15336,1.8101
0.059238,-0.17938,1.8094
0.059259,-0.19816,1.8107
0.059385,-0.22422,1.8125
0.059367,-0.24314,1.8131
0.059382,-0.26953,1.8151
0.059483,-0.28808,1.8169
0.059525,-0.31478,1.8156
0.059612,-0.33351,1.8179
0.059697,-0.36074,1.8202
0.059815,-0.38029,1.8235
0.059929,-0.40608,1.8234
0.059965,-0.42626,1.8247
0.060156,-0.45312,1.8297
0.060199,-0.47198,1.8309
0.060168,-0.49858,1.8284
0.06055,-0.52022,1.8379
0.060894,-0.54693,1.8472
0.061682,-0.5754,1.8873
0.061472,-0.59984,1.8796
0.056629,-0.56742,1.6993
0.046005,-0.48019,1.3906
0.029141,-0.31461,0.8799
0.026723,-0.29941,0.80887
0.026065,-0.30047,0.78682
0.025793,-0.30917,0.77748
0.034305,0.63216,1.6511
0.035148,0.62121,1.682
0.036153,0.6251,1.7341
0.036748,0.60976,1.7698
0.037494,0.60537,1.8096
0.037931,0.5848,1.8304
0.03855,0.57367,1.8501
0.040773,0.5803,1.9679
0.04086,0.56156,1.9733
0.038145,0.49976,1.844
0.038188,0.4805,1.8454
0.038123,0.45501,1.8469
0.038152,0.43592,1.8465
0.038102,0.40921,1.8448
0.03807,0.39032,1.8457
0.03806,0.36383,1.8457
0.038015,0.34448,1.8457
0.037987,0.31752,1.8399
0.037888,0.29842,1.84
0.037779,0.27155,1.8391
0.037757,0.25236,1.8373
0.037813,0.22653,1.8407
0.038282,0.21027,1.866
0.038329,0.1839,1.8688
0.027674,0.11916,1.3341
0.026237,0.094912,1.272
0.02497,0.077171,1.2134
0.024987,0.059832,1.2144
0.026644,0.049915,1.2871
0.031286,0.037387,1.5286
0.037249,0.025674,1.8139
0.03728,-0.00029641,1.8162
0.037291,-0.019126,1.8161
0.037286,-0.045125,1.8156
0.037325,-0.064025,1.8173
0.03731,-0.090079,1.8169
0.037287,-0.10875,1.8156
0.03729,-0.1347,1.8141
0.037286,-0.15345,1.8128
0.037333,-0.17949,1.8118
0.037364,-0.19836,1.8143
0.037407,-0.22451,1.8159
0.037406,-0.24346,1.8182
0.03746,-0.26967,1.818
0.037466,-0.28869,1.8178
0.037537,-0.31498,1.8193
0.037587,-0.33445,1.8192
0.037688,-0.36096,1.8247
0.037746,-0.38074,1.8262
0.037796,-0.40683,1.8291
0.037872,-0.42675,1.8281
0.037983,-0.45337,1.8308
0.037989,-0.47258,1.8325
0.038002,-0.4987,1.8326
0.038187,-0.51913,1.8385
0.038359,-0.54706,1.8475
0.038962,-0.57554,1.8879
0.039011,-0.60019,1.8801
0.037557,-0.60118,1.7973
0.034162,-0.56264,1.6329
0.021468,-0.36883,1.0297
0.017683,-0.31254,0.84345
0.016589,-0.30328,0.79352
0.01644,-0.31003,0.78289
0.014426,0.62676,1.6392
0.014699,0.61911,1.6758
0.015133,0.62403,1.7344
0.01534,0.60946,1.7679
0.015662,0.60544,1.8096
0.015806,0.58486,1.8307
0.016063,0.57388,1.8538
0.016778,0.57542,1.9349
0.016798,0.55685,1.9403
0.015873,0.50021,1.8447
0.015847,0.48093,1.8465
0.015847,0.45508,1.8501
0.015804,0.43617,1.8492
0.015796,0.40991,1.8475
0.015735,0.39037,1.8476
0.015719,0.36423,1.8462
0.015698,0.34466,1.847
0.015669,0.31785,1.8456
0.015637,0.29862,1.8418
0.015603,0.27232,1.8404
0.015548,0.25286,1.8382
0.015562,0.22698,1.8415
0.015806,0.21138,1.8692
0.015817,0.18486,1.872
0.01144,0.11921,1.3604
0.010776,0.094924,1.2929
0.01025,0.076995,1.2136
0.010255,0.059695,1.2146
0.010935,0.05016,1.2912
0.01293,0.037479,1.5328
0.015295,0.025709,1.8165
0.015301,-0.00029508,1.8176
0.015329,-0.019138,1.8183
0.015344,-0.045191,1.8182
0.015343,-0.064035,1.8189
0.015341,-0.090101,1.8189
0.015327,-0.10886,1.8174
0.015329,-0.1348,1.8161
0.015331,-0.15367,1.8146
0.015343,-0.1797,1.8158
0.015371,-0.19867,1.8173
0.015394,-0.22487,1.8178
0.015406,-0.24382,1.8185
0.015439,-0.26983,1.8192
0.015462,-0.28876,1.8229
0.015491,-0.31523,1.8211
0.015525,-0.33467,1.8231
0.015562,-0.36092,1.8263
0.015599,-0.38091,1.8275
0.015641,-0.40692,1.8294
0.01568,-0.42685,1.8341
0.01574,-0.45407,1.8346
0.015763,-0.47296,1.8347
0.015828,-0.49947,1.8354
0.015885,-0.51919,1.8388
0.015948,-0.54705,1.8425
0.016117,-0.57049,1.8647
0.01621,-0.60025,1.8805
0.01627,-0.62065,1.8632
0.015532,-0.61859,1.7729
0.01167,-0.47445,1.3363
0.0085416,-0.36034,0.97427
0.007225,-0.31503,0.82838
0.0069523,-0.31225,0.78757
-0.0054486,0.62539,1.6309
-0.0056273,0.61632,1.6684
-0.0058405,0.62033,1.7283
-0.0059909,0.60877,1.7657
-0.0061728,0.60287,1.8073
-0.006285,0.58503,1.8225
-0.0064275,0.57387,1.8526
-0.0066632,0.56413,1.9117
-0.0067088,0.54592,1.917
-0.0064962,0.50051,1.8461
-0.0065253,0.48198,1.8492
-0.0065569,0.45612,1.8505
-0.0065758,0.43663,1.8516
-0.0066028,0.4101,1.8488
-0.0066043,0.39092,1.8509
-0.0066378,0.3644,1.8484
-0.0066621,0.34505,1.8472
-0.0066709,0.31843,1.8471
-0.006678,0.29908,1.8443
-0.0066981,0.2724,1.842
-0.0067075,0.25312,1.8398
-0.0067363,0.22722,1.8432
-0.0068737,0.2116,1.8736
-0.0068976,0.18506,1.8764
-0.0050018,0.11921,1.3716
-0.0047645,0.095467,1.3032
-0.00448,0.077081,1.217
-0.0044885,0.059762,1.218
-0.0047703,0.050159,1.2913
-0.0056779,0.037498,1.536
-0.0066887,0.025726,1.8188
-0.0067075,-0.00029514,1.8195
-0.0067092,-0.019153,1.8194
-0.0067078,-0.045189,1.8195
-0.0067057,-0.064033,1.82
-0.0067012,-0.090253,1.8206
-0.0066887,-0.10906,1.8179
-0.0066762,-0.13501,1.8175
-0.0066651,-0.15381,1.8182
-0.0066633,-0.17971,1.8188
-0.0066564,-0.19885,1.8193
-0.0066465,-0.22497,1.8187
-0.0066391,-0.24403,1.8195
-0.006621,-0.27022,1.8221
-0.0066137,-0.28923,1.8249
-0.0066004,-0.316,1.8243
-0.006594,-0.33487,1.8264
-0.0065706,-0.36199,1.8269
-0.0065752,-0.38155,1.831
-0.0065464,-0.40785,1.8326
-0.0065385,-0.42722,1.8348
-0.0065203,-0.45439,1.8347
-0.0064877,-0.47389,1.8369
-0.006475,-0.49946,1.8375
-0.006455,-0.51987,1.8384
-0.0064302,-0.5475,1.8394
-0.0064372,-0.56928,1.8477
-0.0064427,-0.59919,1.869
-0.0064666,-0.62278,1.8779
-0.0063554,-0.64469,1.8502
-0.0054747,-0.5772,1.6071
-0.0040743,-0.44791,1.2026
-0.0030832,-0.34878,0.9163
-0.0027245,-0.32531,0.82438
-0.025061,0.62046,1.6173
-0.025784,0.6159,1.6682
-0.026646,0.61894,1.728
-0.027269,0.60606,1.7566
-0.028009,0.60278,1.8066
-0.028419,0.58472,1.8223
-0.028914,0.57462,1.8537
-0.029556,0.56161,1.8977
-0.029666,0.54348,1.9029
-0.028882,0.50077,1.849
-0.028949,0.4823,1.8507
-0.028997,0.45643,1.8546
-0.029023,0.4374,1.8543
-0.029021,0.41033,1.8522
-0.029033,0.39148,1.8513
-0.029033,0.36488,1.8537
-0.029068,0.3455,1.8472
-0.029029,0.31842,1.8474
-0.029025,0.29926,1.8458
-0.029064,0.27251,1.8456
-0.029019,0.25312,1.8441
-0.02909,0.22722,1.8478
-0.029672,0.2116,1.8775
-0.029732,0.18506,1.8803
-0.021538,0.12068,1.3715
-0.020475,0.09561,1.303
-0.019239,0.077067,1.2168
-0.01926,0.059751,1.2178
-0.020459,0.050297,1.2911
-0.024425,0.038014,1.5542
-0.028785,0.025746,1.8191
-0.028799,-0.00029648,1.8205
-0.028799,-0.019172,1.821
-0.028812,-0.04526,1.8233
-0.028798,-0.064226,1.8228
-0.028782,-0.090346,1.8211
-0.028758,-0.10908,1.8194
-0.028729,-0.13503,1.8194
-0.028728,-0.15386,1.8193
-0.028734,-0.17996,1.8207
-0.028738,-0.19918,1.8193
-0.028733,-0.22528,1.8213
-0.028738,-0.24452,1.8227
-0.028728,-0.27055,1.8248
-0.028701,-0.28994,1.825
-0.028743,-0.31619,1.8255
-0.028747,-0.33539,1.8277
-0.028803,-0.36193,1.831
-0.028809,-0.38173,1.8323
-0.02878,-0.40862,1.8349
-0.028806,-0.42726,1.8364
-0.028819,-0.45489,1.8358
-0.028838,-0.47405,1.8401
-0.028826,-0.50153,1.8426
-0.028814,-0.52031,1.8404
-0.028813,-0.54824,1.8393
-0.028928,-0.56785,1.8474
-0.028899,-0.59733,1.8536
-0.029114,-0.62055,1.8777
-0.028947,-0.64459,1.8514
-0.026723,-0.60888,1.7169
-0.021767,-0.51856,1.4114
-0.017806,-0.4374,1.1511
-0.014146,-0.36012,0.91177
-0.044549,0.6186,1.6154
-0.045908,0.61441,1.6678
-0.047394,0.61816,1.716
-0.04841,0.6054,1.7556
-0.049829,0.60212,1.8059
-0.050604,0.58477,1.8268
-0.051385,0.57493,1.8554
-0.052071,0.55582,1.8817
-0.052244,0.53788,1.8869
-0.051347,0.50101,1.8502
-0.051372,0.48267,1.853
-0.051458,0.45722,1.8561
-0.051522,0.43727,1.8554
-0.051554,0.41077,1.8558
-0.051528,0.39137,1.8521
-0.051465,0.36509,1.8548
-0.051468,0.3454,1.851
-0.051396,0.31858,1.8488
-0.051408,0.29918,1.848
-0.051403,0.27258,1.8461
-0.051371,0.25344,1.8446
-0.051485,0.22751,1.848
-0.052487,0.21186,1.884
-0.052582,0.18529,1.8869
-0.038058,0.12064,1.3761
-0.036173,0.095578,1.2991
-0.033986,0.077041,1.2192
-0.03402,0.05973,1.2202
-0.036138,0.05028,1.3033
-0.043389,0.038158,1.5558
-0.050879,0.025786,1.8207
-0.050902,-0.00029939,1.825
-0.050919,-0.019218,1.8249
-0.051027,-0.045382,1.827
-0.051013,-0.064301,1.8265
-0.050994,-0.090427,1.8275
-0.050859,-0.10917,1.8221
-0.050867,-0.13515,1.8226
-0.050821,-0.15421,1.822
-0.050848,-0.1802,1.8205
-0.05089,-0.19952,1.8227
-0.050921,-0.22577,1.8241
-0.050928,-0.24473,1.8275
-0.050861,-0.2711,1.8271
-0.050879,-0.28993,1.8267
-0.050954,-0.31633,1.8261
-0.050967,-0.33553,1.829
-0.051017,-0.36225,1.8322
-0.051113,-0.38239,1.8359
-0.051078,-0.40878,1.8363
-0.051132,-0.4282,1.8373
-0.051171,-0.45478,1.8376
-0.051155,-0.47421,1.8432
-0.051251,-0.50153,1.8424
-0.051278,-0.5217,1.8448
-0.051245,-0.54845,1.8463
-0.051403,-0.56769,1.847
-0.051375,-0.59488,1.851
-0.051479,-0.61821,1.8568
-0.051216,-0.64216,1.8487
-0.047588,-0.60871,1.7165
-0.039264,-0.52803,1.4242
-0.038123,-0.52275,1.3554
-0.031565,-0.45157,1.1453
-0.064541,0.62535,1.6273
-0.06592,0.61371,1.6663
-0.068052,0.61444,1.7141
-0.069499,0.60386,1.755
-0.071517,0.60196,1.8052
-0.072611,0.5843,1.8261
-0.073814,0.5762,1.8561
-0.074679,0.55354,1.8765
-0.074915,0.53567,1.8817
-0.073755,0.50176,1.8519
-0.073824,0.4828,1.8538
-0.073988,0.45733,1.857
-0.074068,0.4375,1.8578
-0.074158,0.41132,1.8561
-0.073946,0.39173,1.8568
-0.073979,0.36548,1.8549
-0.073892,0.34549,1.852
-0.073939,0.31907,1.8501
-0.073801,0.29967,1.8501
-0.073728,0.27267,1.8477
-0.073701,0.25345,1.8439
-0.073857,0.22751,1.8472
-0.075271,0.21225,1.8856
-0.075402,0.18563,1.8884
-0.054981,0.12082,1.3831
-0.051602,0.095428,1.2893
-0.048502,0.076966,1.2212
-0.048548,0.059672,1.2222
-0.051795,0.050018,1.3027
-0.062747,0.038202,1.5652
-0.07299,0.025805,1.8245
-0.073153,-0.00030324,1.8279
-0.073164,-0.019232,1.8268
-0.07317,-0.045431,1.8273
-0.073148,-0.064352,1.8295
-0.073156,-0.090489,1.828
-0.073074,-0.10935,1.8264
-0.073001,-0.13543,1.8246
-0.073033,-0.15458,1.8231
-0.073045,-0.18053,1.8239
-0.073142,-0.19983,1.8263
-0.073137,-0.22597,1.8261
-0.073044,-0.24516,1.8285
-0.073094,-0.27124,1.8278
-0.073139,-0.29049,1.8281
-0.073211,-0.31673,1.8316
-0.073268,-0.33585,1.8291
-0.07328,-0.36263,1.8315
-0.073351,-0.38222,1.8357
-0.073319,-0.40946,1.8397
-0.073499,-0.42899,1.8385
-0.073531,-0.45534,1.8408
-0.073698,-0.47533,1.8445
-0.073638,-0.50208,1.8442
-0.073914,-0.5228,1.8471
-0.073699,-0.54879,1.8473
-0.073862,-0.56921,1.8495
-0.073732,-0.59463,1.8503
-0.073944,-0.61635,1.8538
-0.073585,-0.64024,1.8457
-0.067415,-0.60769,1.7073
-0.056477,-0.52781,1.4237
-0.055265,-0.5302,1.3913
-0.054549,-0.53962,1.3483
-0.083902,0.62296,1.6205
-0.085981,0.61087,1.6613
-0.088674,0.61411,1.7123
-0.090703,0.60177,1.7514
-0.09325,0.60133,1.8043
-0.094673,0.58317,1.8252
-0.096222,0.57588,1.8555
-0.097193,0.55322,1.8652
-0.097492,0.53536,1.8682
-0.096251,0.50149,1.8534
-0.096371,0.48303,1.8545
-0.096546,0.45733,1.8575
-0.096521,0.43833,1.8572
-0.096615,0.41165,1.8563
-0.096528,0.39204,1.858
-0.09649,0.36535,1.8583
-0.096331,0.34665,1.8565
-0.096295,0.31917,1.8511
-0.096306,0.29983,1.8491
-0.096179,0.27332,1.8483
-0.096126,0.25361,1.8461
-0.096324,0.22765,1.8495
-0.098143,0.2127,1.8845
-0.098309,0.18602,1.8873
-0.071583,0.12097,1.3824
-0.066966,0.094407,1.2825
-0.063232,0.076758,1.2206
-0.063291,0.05951,1.2215
-0.066766,0.049655,1.2855
-0.081749,0.038394,1.5726
-0.095154,0.025874,1.8278
-0.095397,-0.00030841,1.828
-0.095274,-0.019281,1.8282
-0.095376,-0.0455,1.8294
-0.095306,-0.064377,1.8288
-0.095315,-0.090599,1.8274
-0.095257,-0.10947,1.8259
-0.095187,-0.13566,1.8266
-0.095249,-0.15451,1.828
-0.095338,-0.18095,1.8273
-0.095322,-0.19999,1.8261
-0.095244,-0.22588,1.8299
-0.095344,-0.24539,1.8293
-0.09547,-0.27175,1.8299
-0.095581,-0.29103,1.8344
-0.095486,-0.31706,1.8312
-0.095581,-0.33659,1.834
-0.09559,-0.36333,1.8351
-0.095794,-0.38286,1.8405
-0.095737,-0.40983,1.8397
-0.096024,-0.42912,1.8376
-0.095998,-0.45552,1.8461
-0.096064,-0.47603,1.8473
-0.096088,-0.50245,1.8499
-0.09645,-0.52284,1.8519
-0.096143,-0.54943,1.8507
-0.096467,-0.56903,1.8547
-0.096126,-0.59606,1.8535
-0.09641,-0.61601,1.8529
-0.095955,-0.63989,1.8448
-0.085757,-0.59051,1.6385
-0.073337,-0.52448,1.4124
-0.072093,-0.53003,1.3906
-0.071469,-0.54155,1.3839
-0.10338,0.61938,1.6186
-0.10601,0.61046,1.6601
-0.10942,0.61579,1.7113
-0.11181,0.60136,1.7497
-0.11476,0.60092,1.7972
-0.11661,0.58277,1.8211
-0.1186,0.57461,1.8544
-0.11977,0.55339,1.8646
-0.12013,0.53552,1.867
-0.11871,0.50198,1.8564
-0.1189,0.48325,1.8557
-0.11897,0.4577,1.8596
-0.11908,0.43862,1.8597
-0.11902,0.41176,1.8584
-0.11916,0.393,1.8586
-0.11911,0.36545,1.8575
-0.11889,0.34646,1.8536
-0.11882,0.31913,1.852
-0.11875,0.29976,1.8497
-0.11859,0.27322,1.8497
-0.11839,0.25376,1.8454
-0.11863,0.22779,1.8488
-0.12086,0.21254,1.8832
-0.12107,0.18588,1.886
-0.088602,0.12321,1.3876
-0.082463,0.094131,1.2816
-0.078132,0.076854,1.2211
-0.078204,0.059583,1.2221
-0.082215,0.049614,1.2846
-0.10196,0.038874,1.5949
-0.11767,0.025854,1.8297
-0.11769,-0.00031442,1.8299
-0.11765,-0.019291,1.8298
-0.11763,-0.045521,1.8303
-0.11748,-0.064449,1.8297
-0.1174,-0.090615,1.8307
-0.11733,-0.10943,1.827
-0.1174,-0.13558,1.8296
-0.11747,-0.15477,1.8284
-0.11746,-0.18101,1.8271
-0.11745,-0.20009,1.8269
-0.11754,-0.22644,1.8304
-0.11774,-0.24543,1.8324
-0.11789,-0.27221,1.8344
-0.11784,-0.29112,1.834
-0.11776,-0.31758,1.8353
-0.11803,-0.33711,1.8338
-0.11795,-0.36353,1.8379
-0.11822,-0.38311,1.8408
-0.11831,-0.41059,1.8401
-0.1184,-0.42926,1.844
-0.1185,-0.45629,1.8455
-0.11869,-0.47723,1.8489
-0.11867,-0.50337,1.8499
-0.11886,-0.5236,1.8517
-0.11874,-0.55063,1.8531
-0.11899,-0.56982,1.855
-0.11882,-0.59686,1.8542
-0.11893,-0.61666,1.8543
-0.11829,-0.64057,1.8462
-0.10427,-0.57824,1.6233
-0.090339,-0.52413,1.4115
-0.08889,-0.53016,1.3898
-0.088343,-0.54591,1.3788
-0.12254,0.62249,1.6173
-0.12612,0.61173,1.6589
-0.13011,0.6153,1.71
-0.13287,0.6012,1.748
-0.13644,0.59996,1.7959
-0.13865,0.58314,1.8218
-0.14118,0.57413,1.8546
-0.1423,0.55293,1.8653
-0.14272,0.53507,1.8683
-0.14113,0.5019,1.8549
-0.14129,0.4835,1.856
-0.14157,0.45799,1.8586
-0.14156,0.43847,1.8592
-0.14157,0.41215,1.8593
-0.1416,0.39273,1.8597
-0.14156,0.36565,1.856
-0.14138,0.34645,1.8545
-0.14128,0.31956,1.853
-0.14111,0.30008,1.8515
-0.14112,0.27323,1.849
-0.1409,0.25396,1.8488
-0.14118,0.22797,1.8542
-0.14288,0.2102,1.8726
-0.14311,0.18383,1.8753
-0.10999,0.12702,1.444
-0.098069,0.094042,1.3004
-0.09333,0.077197,1.2201
-0.093415,0.059848,1.221
-0.098624,0.050061,1.2923
-0.12558,0.040135,1.641
-0.13973,0.025831,1.8293
-0.1398,-0.0003218,1.8303
-0.13976,-0.019299,1.8303
-0.13998,-0.045499,1.833
-0.13996,-0.064552,1.8296
-0.1399,-0.090746,1.8308
-0.13964,-0.10943,1.8298
-0.1396,-0.13588,1.8294
-0.13966,-0.15486,1.8288
-0.13968,-0.18113,1.8296
-0.13976,-0.20037,1.8318
-0.14002,-0.22652,1.8342
-0.14019,-0.24617,1.8341
-0.14009,-0.2721,1.8331
-0.14016,-0.29169,1.8377
-0.14038,-0.31799,1.8356
-0.14045,-0.33735,1.8401
-0.14034,-0.36414,1.8393
-0.14066,-0.38378,1.8404
-0.14081,-0.41025,1.8449
-0.141,-0.43025,1.8439
-0.1411,-0.45736,1.8465
-0.14118,-0.47697,1.8511
-0.14133,-0.50372,1.8542
-0.14161,-0.5246,1.8539
-0.14154,-0.55118,1.8545
-0.14169,-0.57047,1.8578
-0.14135,-0.59678,1.8555
-0.14148,-0.61651,1.8539
-0.14068,-0.64042,1.8459
-0.12328,-0.57701,1.6099
-0.10761,-0.52381,1.413
-0.10619,-0.53156,1.3932
-0.10504,-0.54707,1.3811
-0.14243,0.61909,1.6202
-0.14598,0.61117,1.6554
-0.15069,0.61473,1.7119
-0.15381,0.60123,1.7452
-0.158,0.59939,1.7933
-0.16058,0.58353,1.8194
-0.1636,0.57432,1.8549
-0.16477,0.55223,1.8681
-0.16525,0.53431,1.8709
-0.1636,0.50185,1.8583
-0.16386,0.48351,1.8579
-0.16411,0.45857,1.8624
-0.16404,0.43872,1.8604
-0.16426,0.41214,1.8621
-0.16396,0.3931,1.8608
-0.16407,0.36648,1.8629
-0.16412,0.34665,1.8574
-0.16378,0.31982,1.8539
-0.16367,0.30029,1.853
-0.16335,0.27302,1.8519
-0.16331,0.25387,1.8499
-0.16375,0.22785,1.8532
-0.165,0.20998,1.8634
-0.16527,0.18363,1.8662
-0.13241,0.12952,1.5039
-0.11382,0.095742,1.3084
-0.10836,0.077742,1.2189
-0.10846,0.060269,1.2198
-0.11415,0.050257,1.296
-0.1475,0.040632,1.6583
-0.16181,0.025873,1.8293
-0.16209,-0.00033032,1.8326
-0.16207,-0.019322,1.8321
-0.16206,-0.045584,1.8327
-0.1621,-0.064645,1.8311
-0.1621,-0.090869,1.8314
-0.16202,-0.10978,1.8288
-0.16203,-0.13592,1.8312
-0.16215,-0.15494,1.8302
-0.16201,-0.18131,1.831
-0.16233,-0.20048,1.8354
-0.16223,-0.22669,1.8337
-0.16239,-0.24603,1.8349
-0.16238,-0.27228,1.8381
-0.16258,-0.29186,1.8381
-0.16256,-0.3185,1.8414
-0.16288,-0.33791,1.8392
-0.16315,-0.36421,1.8413
-0.16313,-0.38367,1.8458
-0.16319,-0.41123,1.8459
-0.16364,-0.43055,1.8475
-0.16343,-0.45787,1.8513
-0.16377,-0.47705,1.8527
-0.1641,-0.50388,1.8535
-0.16406,-0.52453,1.8528
-0.16406,-0.55204,1.8557
-0.16436,-0.57118,1.8587
-0.16435,-0.59718,1.8575
-0.16412,-0.61655,1.8566
-0.16333,-0.64046,1.8477
-0.14277,-0.5764,1.6085
-0.12467,-0.5243,1.4134
-0.12329,-0.53297,1.3946
-0.12238,-0.54822,1.3853
-0.16102,0.61992,1.6127
-0.16586,0.60933,1.6565
-0.17129,0.61369,1.7105
-0.17475,0.60058,1.7414
-0.17961,0.59871,1.7914
-0.18246,0.5829,1.8184
-0.18593,0.57372,1.8566
-0.18721,0.55154,1.8669
-0.18776,0.53348,1.872
-0.1861,0.50316,1.8574
-0.18624,0.48358,1.8572
-0.18683,0.4586,1.8625
-0.18678,0.43901,1.8628
-0.18675,0.41235,1.8606
-0.18649,0.39321,1.8611
-0.18673,0.36641,1.8634
-0.18648,0.34682,1.8581
-0.18634,0.32042,1.856
-0.18606,0.30043,1.8538
-0.18621,0.27384,1.8545
-0.1858,0.25388,1.8524
-0.18619,0.22789,1.8557
-0.18718,0.20971,1.8614
-0.18748,0.1834,1.8641
-0.15248,0.13294,1.5103
-0.13161,0.096189,1.3069
-0.12323,0.078013,1.2239
-0.12334,0.060478,1.2249
-0.12994,0.050328,1.2896
-0.16749,0.040575,1.6564
-0.18407,0.025863,1.8321
-0.18422,-0.00034019,1.834
-0.18436,-0.019358,1.8345
-0.18443,-0.045632,1.8342
-0.1844,-0.064639,1.8341
-0.18462,-0.090863,1.833
-0.1842,-0.10977,1.8312
-0.18442,-0.13608,1.8328
-0.18444,-0.15506,1.8332
-0.18454,-0.18164,1.8353
-0.18453,-0.2009,1.8356
-0.18452,-0.22702,1.8365
-0.18482,-0.24647,1.84
-0.18475,-0.27283,1.8367
-0.18493,-0.29252,1.8436
-0.18532,-0.31879,1.84
-0.18527,-0.33784,1.8437
-0.1854,-0.36437,1.8441
-0.18581,-0.38447,1.8445
-0.1861,-0.41168,1.8485
-0.18606,-0.43121,1.8527
-0.18635,-0.45745,1.8525
-0.18624,-0.47783,1.8542
-0.18666,-0.50412,1.8539
-0.1869,-0.52453,1.8601
-0.18718,-0.55181,1.86
-0.18673,-0.57156,1.8612
-0.18728,-0.59824,1.8595
-0.18674,-0.6164,1.8569
-0.18561,-0.64031,1.8488
-0.16177,-0.5758,1.6121
-0.14187,-0.52457,1.4127
-0.1403,-0.53382,1.3972
-0.13897,-0.54984,1.3839
-0.1798,0.6175,1.6117
-0.18514,0.60862,1.6519
-0.19179,0.6141,1.7086
-0.19561,0.59986,1.7415
-0.20117,0.59858,1.7901
-0.20419,0.58219,1.821
-0.20831,0.57445,1.8565
-0.20999,0.55094,1.871
-0.2106,0.53282,1.8761
-0.20859,0.50291,1.8555
-0.20874,0.48365,1.8585
-0.20941,0.4587,1.8645
-0.20961,0.43982,1.8646
-0.2096,0.41249,1.8622
-0.20934,0.39331,1.8623
-0.20926,0.36671,1.8617
-0.2094,0.34706,1.8604
-0.2092,0.32062,1.8594
-0.20883,0.3005,1.8558
-0.20861,0.27371,1.8532
-0.20837,0.25399,1.8525
-0.20877,0.22837,1.8538
-0.20967,0.20961,1.862
-0.21,0.18331,1.8648
-0.17562,0.13547,1.5551
-0.14727,0.095488,1.3056
-0.13855,0.078179,1.2308
-0.13867,0.060604,1.2318
-0.14539,0.050253,1.2947
-0.1866,0.040475,1.6483
-0.20625,0.02587,1.8323
-0.20659,-0.00035207,1.8363
-0.20643,-0.019354,1.8346
-0.20691,-0.045666,1.8357
-0.20726,-0.064715,1.836
-0.20693,-0.09099,1.8349
-0.20673,-0.1098,1.8341
-0.2066,-0.13615,1.8325
-0.20687,-0.1554,1.8359
-0.20672,-0.18179,1.8349
-0.20685,-0.20105,1.838
-0.20708,-0.22708,1.8384
-0.20694,-0.24639,1.841
-0.20718,-0.27344,1.8401
-0.20765,-0.29253,1.8419
-0.2077,-0.31888,1.8446
-0.20798,-0.3384,1.8467
-0.20826,-0.36521,1.8452
-0.20826,-0.38541,1.8473
-0.20861,-0.4118,1.8494
-0.20878,-0.43146,1.8525
-0.20878,-0.45901,1.8538
-0.20936,-0.47806,1.858
-0.20958,-0.50514,1.8562
-0.20957,-0.52617,1.8581
-0.20956,-0.55183,1.8579
-0.2094,-0.57127,1.8604
-0.20963,-0.59825,1.8574
-0.20945,-0.61745,1.8574
-0.20852,-0.64141,1.8494
-0.18109,-0.57495,1.6102
-0.15892,-0.52454,1.4111
-0.15712,-0.53335,1.3964
-0.1557,-0.54857,1.3897
-0.19944,0.61704,1.605
-0.20473,0.60736,1.6444
-0.21227,0.61216,1.7074
-0.21597,0.59875,1.7394
-0.22241,0.59673,1.7895
-0.22592,0.5809,1.8187
-0.23061,0.57367,1.8541
-0.23258,0.55107,1.8689
-0.23325,0.53325,1.874
-0.23125,0.50236,1.8556
-0.23134,0.4838,1.856
-0.23216,0.45873,1.8623
-0.23189,0.43939,1.8641
-0.23233,0.41321,1.8654
-0.23233,0.39349,1.8625
-0.23208,0.36698,1.8626
-0.23188,0.34707,1.8623
-0.23204,0.32029,1.8577
-0.23157,0.30115,1.8578
-0.23135,0.27413,1.8566
-0.23087,0.25459,1.8532
-0.23132,0.22838,1.8565
-0.23219,0.20983,1.862
-0.23256,0.18349,1.8647
-0.19687,0.13858,1.5693
-0.16228,0.095009,1.3025
-0.15469,0.078065,1.24
-0.15483,0.060514,1.241
-0.16092,0.050176,1.3026
-0.20453,0.040164,1.6345
-0.22855,0.025883,1.8353
-0.22925,-0.00036398,1.8355
-0.22937,-0.019387,1.8354
-0.22933,-0.04565,1.8355
-0.22931,-0.064655,1.8355
-0.22907,-0.090898,1.8369
-0.22889,-0.10986,1.8362
-0.22886,-0.13627,1.8348
-0.22904,-0.15545,1.8363
-0.22905,-0.18191,1.8373
-0.22945,-0.20098,1.8387
-0.22916,-0.22729,1.8411
-0.22957,-0.2471,1.8411
-0.22973,-0.27323,1.8422
-0.23021,-0.29279,1.8404
-0.23007,-0.31943,1.8454
-0.23068,-0.33913,1.8453
-0.23045,-0.36563,1.8461
-0.23084,-0.38536,1.8488
-0.23081,-0.41155,1.8516
-0.23095,-0.4326,1.8559
-0.2315,-0.45902,1.8544
-0.23197,-0.47859,1.8596
-0.23182,-0.5051,1.8581
-0.23192,-0.52593,1.8588
-0.2323,-0.55253,1.8605
-0.23217,-0.57263,1.8614
-0.23195,-0.59851,1.8551
-0.23197,-0.61749,1.8563
-0.23094,-0.64138,1.8477
-0.19967,-0.57307,1.6068
-0.17589,-0.52463,1.4125
-0.17454,-0.53348,1.399
-0.17248,-0.54844,1.3843
-0.2178,0.61143,1.6027
-0.22408,0.60506,1.6422
-0.23258,0.6101,1.7051
-0.23616,0.59696,1.737
-0.24381,0.59535,1.7909
-0.2477,0.58001,1.814
-0.25284,0.57404,1.8527
-0.25481,0.55164,1.8659
-0.25554,0.5338,1.871
-0.25341,0.50291,1.8547
-0.25388,0.48379,1.8574
-0.25469,0.45871,1.8635
-0.25444,0.43953,1.8638
-0.25492,0.41297,1.866
-0.25479,0.39392,1.8663
-0.25491,0.36731,1.866
-0.25443,0.34675,1.8604
-0.25448,0.3206,1.8583
-0.25434,0.30096,1.858
-0.25404,0.2745,1.8587
-0.25358,0.25483,1.8559
-0.25395,0.22844,1.8557
-0.25432,0.20974,1.8616
-0.25473,0.18342,1.8643
-0.22017,0.14213,1.6048
-0.17774,0.094848,1.3018
-0.1697,0.078867,1.2486
-0.16985,0.061134,1.2496
-0.18385,0.051698,1.3479
-0.22401,0.040087,1.632
-0.2512,0.02585,1.8348
-0.25145,-0.0003782,1.8379
-0.25167,-0.019424,1.8375
-0.25163,-0.045719,1.837
-0.25117,-0.064748,1.8364
-0.25102,-0.090882,1.8347
-0.2509,-0.10996,1.8366
-0.25126,-0.13628,1.8352
-0.25159,-0.15554,1.837
-0.25166,-0.18185,1.8378
-0.25183,-0.201,1.8415
-0.25187,-0.22751,1.8416
-0.25212,-0.2469,1.8405
-0.25215,-0.27377,1.8404
-0.25258,-0.29318,1.8436
-0.25285,-0.31945,1.8449
-0.25296,-0.33862,1.8481
-0.25323,-0.36585,1.8487
-0.25337,-0.38516,1.8528
-0.25337,-0.41182,1.8521
-0.25377,-0.432,1.8545
-0.25361,-0.45866,1.854
-0.2542,-0.4788,1.8577
-0.25396,-0.5059,1.8571
-0.25528,-0.52564,1.8611
-0.25509,-0.55187,1.8611
-0.25503,-0.57261,1.8599
-0.25488,-0.59901,1.8593
-0.2542,-0.61697,1.8587
-0.25308,-0.64054,1.8457
-0.21862,-0.56937,1.5925
-0.19273,-0.5239,1.4107
-0.19136,-0.53378,1.3975
-0.18981,-0.54904,1.3892
-0.23633,0.60919,1.5896
-0.24294,0.60194,1.6355
-0.25145,0.60753,1.6969
-0.25669,0.59602,1.7283
-0.26455,0.5944,1.7882
-0.26922,0.57882,1.81
-0.27519,0.57339,1.8515
-0.2776,0.55215,1.869
-0.27839,0.53429,1.874
-0.27613,0.50334,1.8587
-0.27605,0.4837,1.8564
-0.2771,0.45914,1.8654
-0.27734,0.43972,1.8648
-0.27759,0.41346,1.8665
-0.2772,0.39348,1.8651
-0.27709,0.36738,1.8667
-0.27732,0.34809,1.8649
-0.27709,0.32044,1.8618
-0.27685,0.30134,1.858
-0.27635,0.27425,1.8589
-0.27643,0.25493,1.8537
-0.27607,0.22834,1.857
-0.27628,0.20938,1.8586
-0.27618,0.18309,1.8612
-0.24343,0.1443,1.6509
-0.20022,0.098525,1.3343
-0.19161,0.080839,1.2928
-0.19434,0.064047,1.3055
-0.22386,0.058521,1.5044
-0.26594,0.043607,1.785
-0.27369,0.0259,1.8349
-0.27408,-0.000393,1.8393
-0.27407,-0.019447,1.8397
-0.27406,-0.045752,1.8392
-0.27374,-0.064773,1.8374
-0.27359,-0.090991,1.8363
-0.27345,-0.11006,1.8361
-0.27358,-0.13648,1.8367
-0.27418,-0.15556,1.8376
-0.27416,-0.18201,1.8404
-0.27432,-0.20147,1.8424
-0.27431,-0.22772,1.8396
-0.27452,-0.24739,1.8417
-0.27458,-0.27392,1.8431
-0.27519,-0.29274,1.8454
-0.27506,-0.31948,1.848
-0.27581,-0.33953,1.8494
-0.27571,-0.36576,1.8508
-0.27589,-0.38569,1.8523
-0.276,-0.41205,1.8533
-0.27649,-0.43265,1.8564
-0.2766,-0.4588,1.8562
-0.27649,-0.47956,1.8601
-0.27747,-0.50528,1.8559
-0.27755,-0.52575,1.8636
-0.27724,-0.553,1.861
-0.27742,-0.57275,1.862
-0.27713,-0.59824,1.8615
-0.27678,-0.61703,1.8612
-0.27538,-0.64095,1.8518
-0.23648,-0.56465,1.5886
-0.21002,-0.52352,1.4087
-0.20818,-0.53312,1.3992
-0.2068,-0.55044,1.3857
-0.25306,0.60622,1.5822
-0.26166,0.60087,1.6265
-0.27144,0.60526,1.6914
-0.27711,0.59501,1.7253
-0.28608,0.59424,1.7817
-0.29062,0.57783,1.8071
-0.29791,0.57376,1.8507
-0.29966,0.55118,1.8658
-0.30051,0.53334,1.8709
-0.29937,0.50281,1.8571
-0.29885,0.48403,1.86
-0.29994,0.45939,1.8662
-0.29971,0.43969,1.8629
-0.29978,0.41361,1.8672
-0.29996,0.39428,1.8649
-0.29995,0.36716,1.8667
-0.29962,0.34745,1.8656
-0.30005,0.32124,1.8655
-0.29926,0.30101,1.8615
-0.29905,0.27414,1.8586
-0.29893,0.25492,1.8566
-0.29872,0.22799,1.8563
-0.29802,0.20896,1.8551
-0.2837,0.1746,1.7573
-0.26061,0.14154,1.6262
-0.21609,0.09833,1.3318
-0.21245,0.083637,1.3202
-0.21264,0.064826,1.3212
-0.27217,0.06563,1.6895
-0.29501,0.044828,1.8296
-0.29631,0.025906,1.839
-0.29636,-0.00040918,1.842
-0.29632,-0.01947,1.8417
-0.29593,-0.045786,1.8383
-0.29579,-0.064828,1.837
-0.29569,-0.091148,1.8357
-0.29634,-0.11015,1.8359
-0.29632,-0.13639,1.84
-0.29669,-0.15559,1.8411
-0.29657,-0.18193,1.8411
-0.29643,-0.20136,1.8395
-0.29677,-0.22818,1.8408
-0.29707,-0.2475,1.8433
-0.29745,-0.27355,1.8449
-0.29713,-0.29324,1.8451
-0.2976,-0.31975,1.8493
-0.29804,-0.33978,1.8523
-0.29832,-0.36635,1.8528
-0.29877,-0.38562,1.8514
-0.29902,-0.4132,1.8551
-0.29896,-0.43244,1.8571
-0.29911,-0.45968,1.8552
-0.29979,-0.47897,1.8578
-0.29969,-0.5053,1.8599
-0.29972,-0.52502,1.8612
-0.3003,-0.55263,1.8595
-0.30033,-0.5718,1.8634
-0.29971,-0.59848,1.8637
-0.29931,-0.61644,1.8613
-0.2975,-0.63993,1.8513
-0.25381,-0.56081,1.5788
-0.22693,-0.52343,1.4114
-0.22585,-0.53423,1.4013
-0.22368,-0.54923,1.3876
-0.27124,0.60081,1.5729
-0.28038,0.59979,1.6237
-0.29135,0.60353,1.6885
-0.29738,0.59378,1.7221
-0.30592,0.5933,1.7756
-0.31147,0.5774,1.8046
-0.31974,0.57332,1.8498
-0.32234,0.55067,1.8648
-0.32325,0.53284,1.8698
-0.32191,0.50427,1.861
-0.32095,0.48348,1.8581
-0.32238,0.459,1.8642
-0.32265,0.4402,1.867
-0.32295,0.41407,1.8686
-0.3223,0.39392,1.8661
-0.32295,0.36763,1.8664
-0.32248,0.34794,1.8666
-0.32201,0.32062,1.8652
-0.32175,0.30088,1.8618
-0.32089,0.27434,1.855
-0.32054,0.25427,1.8508
-0.31894,0.22743,1.8495
-0.3111,0.20235,1.794
-0.25559,0.14561,1.4848
-0.23424,0.119,1.3684
-0.22663,0.096082,1.3074
-0.22696,0.082877,1.3083
-0.22816,0.064683,1.3187
-0.30973,0.06937,1.7875
-0.31785,0.044842,1.8351
-0.31882,0.025899,1.8414
-0.31887,-0.00042629,1.8403
-0.31886,-0.019479,1.8394
-0.31886,-0.045868,1.8398
-0.3184,-0.064938,1.8371
-0.31839,-0.091157,1.8378
-0.31823,-0.11016,1.839
-0.3187,-0.13645,1.839
-0.31868,-0.15574,1.8441
-0.31859,-0.18234,1.8418
-0.31898,-0.20163,1.8434
-0.31908,-0.22825,1.8421
-0.31968,-0.24724,1.8449
-0.31919,-0.27402,1.8443
-0.32006,-0.29332,1.8488
-0.32024,-0.32024,1.8521
-0.32069,-0.33973,1.8508
-0.32083,-0.36641,1.8515
-0.32181,-0.38632,1.8546
-0.32153,-0.41294,1.854
-0.32126,-0.43262,1.8552
-0.32102,-0.45936,1.8572
-0.32225,-0.47882,1.8599
-0.32175,-0.50591,1.8614
-0.32239,-0.52584,1.8599
-0.32262,-0.55277,1.8618
-0.3225,-0.5716,1.8615
-0.32222,-0.59783,1.8607
-0.32176,-0.61634,1.8603
-0.3199,-0.63981,1.8524
-0.27217,-0.55875,1.5724
-0.24372,-0.52323,1.413
-0.24245,-0.53433,1.4003
-0.24086,-0.55079,1.3923
-0.28925,0.59825,1.5528
-0.29923,0.59572,1.6179
-0.31056,0.60056,1.6738
-0.31758,0.59261,1.7176
-0.32758,0.59199,1.7723
-0.33309,0.57626,1.8012
-0.34144,0.57218,1.8468
-0.34375,0.54885,1.8612
-0.34351,0.53108,1.8662
-0.34422,0.50324,1.86
-0.34341,0.48461,1.8594
-0.34566,0.46017,1.8681
-0.34499,0.44011,1.8695
-0.34563,0.41445,1.8696
-0.34537,0.39447,1.8677
-0.34514,0.36727,1.8688
-0.34549,0.3484,1.8661
-0.34453,0.3214,1.8673
-0.34352,0.30023,1.8546
-0.34098,0.27243,1.8385
-0.33444,0.2498,1.8105
-0.3241,0.21682,1.7457
-0.25309,0.15288,1.3623
-0.2425,0.12798,1.3132
-0.24125,0.11432,1.3017
-0.24154,0.09581,1.3025
-0.24214,0.082414,1.3034
-0.24251,0.064083,1.3066
-0.33066,0.069203,1.7837
-0.34075,0.04499,1.8382
-0.34145,0.025945,1.8429
-0.3415,-0.00044601,1.8426
-0.34126,-0.019518,1.8425
-0.34107,-0.045847,1.8411
-0.34099,-0.064901,1.8397
-0.3408,-0.091173,1.8386
-0.34071,-0.1102,1.8391
-0.34112,-0.13668,1.8419
-0.34131,-0.15604,1.841
-0.34106,-0.18231,1.8393
-0.34129,-0.20153,1.8432
-0.34173,-0.22812,1.8449
-0.34204,-0.24752,1.8488
-0.34198,-0.27403,1.8478
-0.34246,-0.29355,1.8494
-0.34298,-0.32028,1.8507
-0.34305,-0.34001,1.8529
-0.34325,-0.36666,1.8545
-0.34377,-0.38616,1.8525
-0.34368,-0.41312,1.8532
-0.34386,-0.43303,1.8544
-0.34414,-0.45907,1.8566
-0.3445,-0.47967,1.862
-0.34456,-0.5056,1.8597
-0.34512,-0.52652,1.86
-0.34535,-0.55271,1.8616
-0.34521,-0.57181,1.8625
-0.34464,-0.59765,1.8599
-0.3449,-0.61518,1.8572
-0.34342,-0.63859,1.8493
-0.28985,-0.55761,1.5603
-0.26088,-0.52403,1.4117
-0.2594,-0.53356,1.4014
-0.25679,-0.55107,1.3896
-0.30694,0.59621,1.5506
-0.31794,0.59512,1.6108
-0.3294,0.59933,1.6692
-0.33683,0.58943,1.7115
-0.3466,0.58918,1.7699
-0.35374,0.57456,1.7976
-0.3637,0.57097,1.843
-0.366,0.5484,1.8613
-0.36701,0.53063,1.8663
-0.36656,0.50315,1.8617
-0.36621,0.48467,1.8607
-0.36814,0.45998,1.8678
-0.36801,0.44075,1.869
-0.3679,0.41416,1.8715
-0.368,0.39473,1.8681
-0.36842,0.3683,1.8687
-0.36796,0.34795,1.8683
-0.36818,0.32148,1.8648
-0.36166,0.29748,1.8307
-0.29414,0.21844,1.496
-0.26997,0.18618,1.3755
-0.26868,0.16607,1.3682
-0.2638,0.15064,1.3159
-0.2542,0.12636,1.2863
-0.25446,0.11317,1.2874
-0.25476,0.094798,1.2889
-0.25383,0.081605,1.2881
-0.25404,0.063242,1.2891
-0.35014,0.068845,1.7765
-0.36234,0.044759,1.8341
-0.36292,0.025866,1.8388
-0.36298,-0.00046494,1.8392
-0.36297,-0.019532,1.8391
-0.36294,-0.045858,1.8393
-0.36276,-0.064855,1.8375
-0.36257,-0.091111,1.836
-0.3629,-0.11021,1.8396
-0.36321,-0.13678,1.839
-0.36369,-0.15597,1.8416
-0.36387,-0.18221,1.8419
-0.36384,-0.20178,1.8438
-0.36412,-0.22828,1.8471
-0.36441,-0.24761,1.8483
-0.36456,-0.27417,1.8481
-0.36539,-0.29358,1.8495
-0.36545,-0.32059,1.8521
-0.3658,-0.33992,1.8552
-0.36584,-0.36624,1.8522
-0.36632,-0.38632,1.8534
-0.36633,-0.4132,1.8545
-0.36599,-0.4324,1.8558
-0.36706,-0.45984,1.856
-0.36733,-0.47956,1.8622
-0.36752,-0.50641,1.8579
-0.36763,-0.52683,1.8605
-0.36761,-0.55204,1.8633
-0.36742,-0.57335,1.8613
-0.3672,-0.59858,1.86
-0.36744,-0.61685,1.8578
-0.36588,-0.63781,1.8487
-0.30703,-0.55579,1.5556
-0.27807,-0.52359,1.4114
-0.27618,-0.53354,1.3993
-0.27474,-0.54982,1.3921
-0.324,0.59448,1.5496
-0.33503,0.59219,1.6068
-0.3483,0.59802,1.6657
-0.35512,0.58719,1.7051
-0.36708,0.58714,1.7662
-0.37463,0.57328,1.7932
-0.3855,0.57056,1.8397
-0.3876,0.54911,1.8581
-0.38867,0.53132,1.8631
-0.38848,0.50292,1.8626
-0.38914,0.48394,1.8621
-0.39067,0.45985,1.8682
-0.39059,0.4403,1.8683
-0.39091,0.41434,1.8704
-0.39038,0.39437,1.8708
-0.39011,0.36782,1.8651
-0.39058,0.3481,1.8665
-0.38996,0.31992,1.8628
-0.31076,0.2385,1.4894
-0.28544,0.19945,1.3704
-0.27884,0.18197,1.321
-0.27936,0.16388,1.3233
-0.27931,0.15026,1.319
-0.26915,0.12605,1.3147
-0.26941,0.11289,1.2902
-0.26913,0.094213,1.2858
-0.2687,0.081332,1.2771
-0.26893,0.063027,1.278
-0.31503,0.057719,1.5021
-0.37091,0.043306,1.7731
-0.38368,0.025689,1.8301
-0.38378,-0.00048408,1.8305
-0.3843,-0.0195,1.8348
-0.38427,-0.045769,1.835
-0.38408,-0.06472,1.8321
-0.38425,-0.090949,1.8328
-0.38422,-0.10996,1.836
-0.38535,-0.13658,1.8384
-0.38573,-0.15572,1.841
-0.38657,-0.18241,1.8424
-0.38619,-0.20172,1.8437
-0.38631,-0.22828,1.8463
-0.38695,-0.24768,1.8479
-0.38716,-0.27417,1.8492
-0.3878,-0.29392,1.8516
-0.38799,-0.32054,1.8516
-0.38835,-0.33979,1.8527
-0.38831,-0.36715,1.8529
-0.3887,-0.38661,1.8567
-0.38837,-0.41307,1.8555
-0.38919,-0.43304,1.8537
-0.38969,-0.45983,1.8612
-0.39004,-0.47951,1.8602
-0.3892,-0.50606,1.8608
-0.39054,-0.52587,1.8616
-0.38999,-0.55427,1.8598
-0.38989,-0.57286,1.8633
-0.38996,-0.59889,1.8598
-0.38994,-0.61767,1.8612
-0.38767,-0.64091,1.8533
-0.32423,-0.55219,1.5488
-0.2953,-0.52451,1.4111
-0.29266,-0.53485,1.4017
-0.29113,-0.54846,1.3887
-0.34227,0.59484,1.5501
-0.35346,0.59085,1.5966
-0.36725,0.59665,1.662
-0.37428,0.583,1.6992
-0.38742,0.58503,1.759
-0.39539,0.57194,1.7863
-0.40716,0.56922,1.8347
-0.40955,0.54936,1.8579
-0.41068,0.53155,1.8628
-0.4111,0.50389,1.8663
-0.41087,0.48375,1.8603
-0.41279,0.4588,1.8663
-0.41301,0.43908,1.8673
-0.41158,0.41217,1.865
-0.4105,0.39245,1.8568
-0.41135,0.3658,1.8586
-0.41046,0.34475,1.8539
-0.32996,0.25393,1.4985
-0.30753,0.21972,1.3757
-0.29379,0.19256,1.313
-0.28813,0.17854,1.3089
-0.28866,0.16024,1.3142
-0.28743,0.14529,1.3103
-0.28571,0.12704,1.3182
-0.28597,0.11377,1.3333
-0.28459,0.093961,1.3208
-0.27798,0.078589,1.2564
-0.27821,0.060897,1.2573
-0.33239,0.057555,1.4962
-0.33445,0.037054,1.5073
-0.34657,0.021666,1.5695
-0.34662,-0.00042655,1.5697
-0.36657,-0.017509,1.6636
-0.38159,-0.043087,1.7261
-0.39545,-0.062793,1.7854
-0.39984,-0.089438,1.8075
-0.40482,-0.10951,1.8195
-0.40574,-0.13615,1.8338
-0.40649,-0.15535,1.8365
-0.40788,-0.18197,1.8396
-0.40767,-0.20184,1.8447
-0.40879,-0.22825,1.8457
-0.40927,-0.24774,1.847
-0.4098,-0.27445,1.8495
-0.41033,-0.29333,1.8512
-0.41062,-0.32048,1.8506
-0.41058,-0.34043,1.8545
-0.41095,-0.36655,1.8559
-0.41098,-0.38638,1.8564
-0.41157,-0.41312,1.8533
-0.41149,-0.43256,1.8606
-0.412,-0.45931,1.8602
-0.41211,-0.47971,1.8599
-0.41235,-0.50657,1.8617
-0.41299,-0.52723,1.8611
-0.41252,-0.5537,1.8642
-0.41242,-0.57308,1.863
-0.41276,-0.59902,1.8628
-0.41284,-0.6186,1.8649
-0.41035,-0.64133,1.8508
-0.34221,-0.55096,1.5454
-0.3179,-0.53182,1.4348
-0.31065,-0.53626,1.4034
-0.30725,-0.54803,1.3946
-0.35937,0.59137,1.5402
-0.36965,0.58565,1.5839
-0.38531,0.59184,1.6455
-0.39336,0.57949,1.6913
-0.40768,0.58359,1.7479
-0.41582,0.56961,1.7821
-0.42838,0.56681,1.8386
-0.43297,0.54828,1.8602
-0.43415,0.5305,1.8651
-0.43249,0.50262,1.8618
-0.43042,0.48263,1.8476
-0.4337,0.45766,1.8593
-0.4316,0.43599,1.8536
-0.42246,0.40072,1.8168
-0.40533,0.36321,1.7234
-0.38014,0.31562,1.6003
-0.34623,0.27361,1.4912
-0.32295,0.23276,1.37
-0.30398,0.20918,1.2948
-0.30043,0.18817,1.2974
-0.30073,0.1745,1.2992
-0.30071,0.15661,1.2899
-0.30007,0.1436,1.2913
-0.29828,0.12452,1.3088
-0.29857,0.11262,1.316
-0.29217,0.090957,1.2523
-0.28901,0.077463,1.2337
-0.29099,0.06025,1.2459
-0.33774,0.055466,1.4352
-0.34978,0.036529,1.4951
-0.35248,0.021172,1.514
-0.34985,-0.00043519,1.5038
-0.35245,-0.016037,1.4877
-0.35238,-0.037853,1.4874
-0.36324,-0.054812,1.5538
-0.37261,-0.078947,1.5978
-0.38186,-0.097917,1.6328
-0.40024,-0.12702,1.7198
-0.42056,-0.1518,1.7939
-0.42439,-0.18039,1.8226
-0.42841,-0.20117,1.8345
-0.42922,-0.22735,1.8403
-0.43056,-0.2473,1.8435
-0.43186,-0.27387,1.8479
-0.43286,-0.29385,1.85
-0.43282,-0.32091,1.853
-0.43433,-0.33998,1.8543
-0.43341,-0.36704,1.8532
-0.43417,-0.38599,1.8576
-0.43333,-0.41313,1.8591
-0.43474,-0.4324,1.8586
-0.4335,-0.45925,1.8584
-0.43495,-0.48029,1.8615
-0.4356,-0.50703,1.8613
-0.43504,-0.52602,1.8658
-0.43508,-0.55374,1.8635
-0.43598,-0.57411,1.8679
-0.43628,-0.5987,1.8663
-0.4365,-0.61856,1.8671
-0.43467,-0.6428,1.8532
-0.42747,-0.64923,1.8329
-0.35598,-0.56495,1.5252
-0.33339,-0.54368,1.4268
-0.32707,-0.55804,1.416
-0.37691,0.58631,1.5288
-0.38548,0.58006,1.5763
-0.40301,0.5854,1.6379
-0.41061,0.57704,1.6749
-0.42774,0.58103,1.7376
-0.43553,0.56815,1.7758
-0.44919,0.56535,1.8363
-0.45582,0.54934,1.8577
-0.45706,0.53152,1.8626
-0.45041,0.49924,1.8384
-0.43736,0.46505,1.7822
-0.42864,0.42339,1.7292
-0.36451,0.34351,1.4741
-0.35542,0.32127,1.4399
-0.35298,0.30225,1.435
-0.34352,0.27517,1.4009
-0.33369,0.25081,1.3632
-0.31799,0.22157,1.2883
-0.30766,0.20021,1.2574
-0.31169,0.18292,1.2657
-0.31484,0.17068,1.2842
-0.31436,0.15277,1.2696
-0.30026,0.1384,1.2162
-0.29901,0.12017,1.2178
-0.29962,0.10762,1.2201
-0.30291,0.089799,1.2214
-0.30263,0.076797,1.2222
-0.30378,0.059838,1.2317
-0.35655,0.056585,1.4682
-0.3719,0.036687,1.5171
-0.37834,0.021466,1.5403
-0.36976,-0.00044987,1.4988
-0.35008,-0.015345,1.4437
-0.34676,-0.035474,1.4
-0.34993,-0.050827,1.443
-0.37504,-0.074502,1.5124
-0.38851,-0.094346,1.574
-0.39347,-0.11813,1.5993
-0.39887,-0.13722,1.6206
-0.4038,-0.16198,1.6288
-0.42713,-0.18906,1.7394
-0.43498,-0.21801,1.7694
-0.44812,-0.24407,1.8305
-0.45245,-0.27303,1.841
-0.45404,-0.29307,1.8478
-0.45506,-0.32014,1.8516
-0.45576,-0.34026,1.8529
-0.45596,-0.36707,1.8574
-0.45631,-0.38738,1.858
-0.45616,-0.41331,1.8564
-0.45615,-0.43282,1.8569
-0.45735,-0.46081,1.8617
-0.4585,-0.48033,1.859
-0.45766,-0.50596,1.8652
-0.45813,-0.52738,1.8654
-0.45772,-0.55384,1.8683
-0.45952,-0.5734,1.8692
-0.45837,-0.59943,1.8665
-0.45963,-0.61873,1.8668
-0.45872,-0.64495,1.8591
-0.45842,-0.66228,1.8514
-0.44653,-0.67078,1.8204
-0.43382,-0.67377,1.7742
-0.42548,-0.68379,1.7243
-0.3954,0.5822,1.5384
-0.40344,0.5762,1.5617
-0.42105,0.58372,1.6338
-0.42933,0.57272,1.6666
-0.44488,0.57732,1.7322
-0.45519,0.56624,1.7705
-0.47007,0.56373,1.8319
-0.47823,0.54958,1.86
-0.47952,0.53173,1.8648
-0.45652,0.481,1.7732
-0.44227,0.44208,1.7191
-0.38054,0.35677,1.4669
-0.35577,0.32246,1.3933
-0.35508,0.30382,1.3906
-0.35582,0.28793,1.3661
-0.35558,0.26675,1.3599
-0.34709,0.24771,1.3587
-0.33035,0.21973,1.2847
-0.31997,0.19864,1.2301
-0.32065,0.18148,1.2326
-0.32109,0.16693,1.2331
-0.31377,0.14779,1.2195
-0.31237,0.13551,1.1996
-0.31244,0.11717,1.2013
-0.31313,0.10493,1.2155
-0.31403,0.087971,1.2168
-0.31426,0.076553,1.2188
-0.31781,0.059947,1.2198
-0.37302,0.0564,1.464
-0.39679,0.037681,1.5647
-0.41602,0.022409,1.6048
-0.40793,-0.00049493,1.581
-0.38683,-0.015835,1.4945
-0.36277,-0.035391,1.396
-0.35045,-0.047661,1.3384
-0.35027,-0.066923,1.3199
-0.35739,-0.083462,1.4159
-0.37456,-0.1071,1.4546
-0.3928,-0.12834,1.5522
-0.40339,-0.15432,1.5584
-0.40778,-0.17031,1.567
-0.40725,-0.19439,1.5741
-0.42473,-0.2199,1.6384
-0.44989,-0.25578,1.7384
-0.47269,-0.29017,1.8332
-0.47549,-0.31886,1.8452
-0.47735,-0.33946,1.8478
-0.47747,-0.36775,1.856
-0.47862,-0.38669,1.8564
-0.47854,-0.41382,1.8556
-0.47986,-0.43329,1.8574
-0.48011,-0.46016,1.8625
-0.48039,-0.47939,1.8622
-0.48023,-0.50749,1.8645
-0.48072,-0.52726,1.8664
-0.48267,-0.55404,1.8641
-0.48154,-0.57301,1.8688
-0.48241,-0.59952,1.8689
-0.48295,-0.61951,1.8699
-0.48174,-0.64596,1.8764
-0.48159,-0.66656,1.8722
-0.48602,-0.69781,1.8828
-0.48604,-0.72064,1.8905
-0.48698,-0.7509,1.8896
-0.40946,0.58163,1.5225
-0.4205,0.57309,1.5498
-0.43916,0.57952,1.6261
-0.44577,0.57011,1.6601
-0.46443,0.57492,1.7275
-0.47579,0.56453,1.7624
-0.49096,0.56242,1.8269
-0.49975,0.54857,1.8585
-0.50109,0.53075,1.8633
-0.4708,0.46526,1.7602
-0.42052,0.40782,1.5632
-0.37581,0.33601,1.3963
-0.36542,0.32074,1.3565
-0.36941,0.3022,1.3605
-0.37144,0.28867,1.3622
-0.37245,0.26836,1.3834
-0.3727,0.25273,1.3682
-0.36533,0.23078,1.3579
-0.33806,0.20361,1.2756
-0.33437,0.18182,1.2278
-0.33276,0.16642,1.2226
-0.32165,0.14698,1.2159
-0.32203,0.13331,1.1869
-0.32653,0.11655,1.1959
-0.32719,0.10354,1.2128
-0.32985,0.089663,1.219
-0.33008,0.077128,1.2227
-0.33182,0.059891,1.2449
-0.39526,0.056868,1.4596
-0.43856,0.039378,1.6232
-0.44361,0.022843,1.6346
-0.44189,-0.00053654,1.6341
-0.42577,-0.016782,1.5865
-0.40316,-0.036655,1.474
-0.36579,-0.047538,1.3239
-0.34939,-0.063149,1.3043
-0.34922,-0.076287,1.2818
-0.35698,-0.096182,1.3088
-0.3686,-0.11712,1.3785
-0.37753,-0.13675,1.3776
-0.37831,-0.15045,1.3859
-0.37792,-0.16988,1.414
-0.39003,-0.19094,1.4457
-0.39149,-0.21231,1.4635
-0.44234,-0.26104,1.6321
-0.4765,-0.30469,1.7668
-0.49617,-0.33714,1.8396
-0.50056,-0.36678,1.8511
-0.50093,-0.38712,1.8554
-0.50199,-0.41367,1.8616
-0.50224,-0.43293,1.8605
-0.50256,-0.46002,1.8627
-0.50282,-0.47998,1.8655
-0.50326,-0.50798,1.8659
-0.5034,-0.52696,1.8657
-0.5044,-0.5543,1.8621
-0.50561,-0.57351,1.8711
-0.50476,-0.60032,1.8703
-0.50515,-0.6212,1.8791
-0.50585,-0.64845,1.8753
-0.5097,-0.67191,1.886
-0.51179,-0.70139,1.8916
-0.5112,-0.72504,1.8933
-0.51201,-0.75238,1.8981
-0.42524,0.57876,1.5081
-0.43507,0.56968,1.5431
-0.45403,0.57787,1.6126
-0.46445,0.56769,1.6555
-0.48164,0.56818,1.7167
-0.49571,0.55999,1.7494
-0.51248,0.56192,1.8199
-0.52065,0.54695,1.8557
-0.54488,0.55199,1.9635
-0.49257,0.47694,1.7749
-0.43161,0.39487,1.5062
-0.39149,0.33499,1.3923
-0.37838,0.31652,1.3526
-0.3818,0.3023,1.354
-0.39786,0.29391,1.4118
-0.39366,0.27549,1.3915
-0.41659,0.27524,1.4859
-0.41893,0.25419,1.486
-0.39028,0.22017,1.3725
-0.35178,0.18147,1.2455
-0.33319,0.16271,1.2186
-0.33073,0.13847,1.1667
-0.31897,0.13129,1.1619
-0.33228,0.11522,1.1922
-0.35697,0.10763,1.2398
-0.34728,0.0898,1.2353
-0.3438,0.078258,1.2486
-0.34815,0.05966,1.2411
-0.41168,0.056667,1.4376
-0.45677,0.039464,1.6182
-0.46203,0.022746,1.6327
-0.46318,-0.00057348,1.6297
-0.4552,-0.017206,1.6146
-0.44061,-0.039582,1.5812
-0.39225,-0.049674,1.3987
-0.37242,-0.065764,1.3191
-0.35209,-0.073773,1.2494
-0.34976,-0.090784,1.2515
-0.36107,-0.10877,1.3038
-0.37929,-0.1331,1.3412
-0.37174,-0.1411,1.3001
-0.3644,-0.15605,1.2824
-0.3536,-0.16717,1.26
-0.35627,-0.18505,1.2636
-0.37008,-0.20812,1.3122
-0.38464,-0.23718,1.3734
-0.46153,-0.3019,1.6359
-0.52165,-0.36523,1.8397
-0.52413,-0.38732,1.8623
-0.52402,-0.41323,1.859
-0.52499,-0.43342,1.8579
-0.52501,-0.45958,1.8646
-0.52601,-0.48138,1.8668
-0.52569,-0.50737,1.8659
-0.52747,-0.52817,1.8635
-0.52665,-0.55541,1.8654
-0.5279,-0.57409,1.8734
-0.52781,-0.60176,1.8719
-0.52921,-0.62235,1.8778
-0.53062,-0.64928,1.8835
-0.53623,-0.67351,1.8915
-0.53437,-0.70633,1.8951
-0.53718,-0.72537,1.9008
-0.53924,-0.75489,1.902
