0.25552,0.31583,0.81706
0.25318,0.30277,0.82198
0.25845,0.29496,0.81929
0.25819,0.28348,0.81984
0.26028,0.27875,0.82946
0.2644,0.27139,0.84552
0.27768,0.27427,0.88387
0.28399,0.26646,0.9048
0.29861,0.27183,0.95499
0.29716,0.25949,0.95222
0.30181,0.25161,0.96858
0.30958,0.24354,0.99534
0.30343,0.22986,0.96211
0.3039,0.21585,0.96787
0.30858,0.20982,0.98836
0.31369,0.19935,1.0093
0.30186,0.17923,0.96579
0.30399,0.16829,0.97966
0.30607,0.15861,0.98245
0.308,0.14595,0.98546
0.29062,0.12772,0.9278
0.28822,0.11326,0.91865
0.28128,0.101,0.89938
0.27245,0.086408,0.87629
0.25957,0.073539,0.83339
0.25028,0.059055,0.80074
0.23582,0.047851,0.75645
0.23554,0.036955,0.75416
0.23497,0.029075,0.7526
0.2353,0.01828,0.7502
0.23565,0.010505,0.75331
0.23525,-0.00029229,0.75287
0.23472,-0.0080722,0.75093
0.23568,-0.018992,0.75499
0.23865,-0.027079,0.76313
0.24585,-0.039361,0.78707
0.26679,-0.051365,0.85193
0.27542,-0.065482,0.87619
0.27441,-0.074884,0.87871
0.2725,-0.086984,0.87185
0.27369,-0.096821,0.88033
0.27363,-0.10902,0.87879
0.28133,-0.12051,0.89984
0.27996,-0.13288,0.89249
0.27909,-0.14304,0.89306
0.28137,-0.15554,0.89715
0.28181,-0.16607,0.90627
0.27843,-0.17619,0.88703
0.27775,-0.18608,0.88735
0.28064,-0.20125,0.89523
0.27534,-0.20468,0.88136
0.27729,-0.22034,0.88393
0.27305,-0.22753,0.87172
0.27309,-0.2386,0.87197
0.27432,-0.24834,0.87127
0.27275,-0.25869,0.8671
0.26652,-0.26285,0.85321
0.26794,-0.27553,0.85466
0.26669,-0.28372,0.85306
0.26684,-0.29728,0.85438
0.27034,-0.30696,0.8659
0.27183,-0.32245,0.85481
0.27664,-0.33972,0.88235
0.27362,-0.3468,0.87617
0.24425,0.31371,0.80868
0.24532,0.30337,0.8176
0.24722,0.29507,0.82178
0.25017,0.28528,0.8305
0.25161,0.28084,0.83846
0.25804,0.27736,0.86337
0.27278,0.27918,0.90433
0.28298,0.27947,0.94863
0.28974,0.27474,0.96852
0.29636,0.26662,0.98684
0.29917,0.2608,1.0011
0.30356,0.24852,1.0082
0.30539,0.24047,1.0222
0.30627,0.22656,1.0252
0.30712,0.21663,1.0272
0.31016,0.20321,1.0306
0.30961,0.19258,1.0288
0.31032,0.17824,1.0312
0.30564,0.16548,1.0232
0.29985,0.14793,1.0032
0.29738,0.13636,0.99007
0.29278,0.1199,0.97127
0.28935,0.10867,0.96315
0.28214,0.092921,0.94425
0.26294,0.077644,0.88002
0.24025,0.058875,0.80023
0.22699,0.047889,0.75642
0.22647,0.036965,0.75454
0.22647,0.029145,0.75244
0.22623,0.018354,0.75256
0.22589,0.010517,0.75234
0.22626,-0.00027936,0.7525
0.22622,-0.0080937,0.75367
0.22629,-0.018892,0.75413
0.22747,-0.026916,0.75734
0.23176,-0.038217,0.77369
0.26579,-0.053091,0.87995
0.26798,-0.066623,0.89189
0.27772,-0.078781,0.92188
0.27893,-0.092554,0.9266
0.27928,-0.10238,0.92996
0.27959,-0.11572,0.93086
0.27979,-0.12527,0.93019
0.28093,-0.13854,0.92924
0.28075,-0.14804,0.93169
0.28018,-0.16105,0.92991
0.27893,-0.17123,0.92836
0.2781,-0.18322,0.92576
0.27672,-0.1919,0.91804
0.27599,-0.20455,0.91553
0.27642,-0.21512,0.9171
0.27561,-0.22768,0.91432
0.27501,-0.2367,0.91223
0.27344,-0.24761,0.90616
0.27216,-0.25428,0.89828
0.26746,-0.26573,0.89391
0.26802,-0.27484,0.89152
0.26703,-0.28787,0.88663
0.2663,-0.29654,0.88409
0.26465,-0.30811,0.879
0.26387,-0.3164,0.88118
0.26914,-0.33248,0.89254
0.26946,-0.34148,0.89179
0.26828,-0.35274,0.88776
0.23364,0.31048,0.80375
0.23466,0.30064,0.81384
0.23614,0.29456,0.81669
0.23942,0.28536,0.83354
0.24213,0.28168,0.84096
0.24832,0.27819,0.86585
0.25571,0.27543,0.88137
0.26841,0.27341,0.93008
0.27884,0.27557,0.97147
0.2859,0.26931,0.99024
0.28881,0.26176,1.0065
0.3007,0.25619,1.0444
0.3055,0.25073,1.0592
0.31158,0.2399,1.086
0.3122,0.22987,1.0838
0.31343,0.21488,1.0835
0.31399,0.20396,1.0854
0.30892,0.18574,1.0736
0.30297,0.17123,1.0542
0.30155,0.15518,1.0447
0.30048,0.14362,1.0442
0.2974,0.12755,1.0328
0.29378,0.11485,1.017
0.28867,0.098923,1.0016
0.27182,0.083489,0.94816
0.2283,0.058571,0.79384
0.21791,0.047848,0.75538
0.21759,0.037008,0.75578
0.21717,0.029161,0.75473
0.21727,0.018361,0.75455
0.21732,0.010543,0.75461
0.21751,-0.00026762,0.75475
0.21747,-0.0081057,0.75493
0.21772,-0.018937,0.75596
0.21815,-0.026821,0.75662
0.22256,-0.038328,0.77101
0.25816,-0.054007,0.89561
0.27426,-0.070714,0.95274
0.27652,-0.081361,0.95759
0.27673,-0.095142,0.95785
0.28094,-0.10722,0.97312
0.28053,-0.12107,0.97163
0.27867,-0.12901,0.96531
0.27716,-0.14253,0.96352
0.2778,-0.15337,0.96221
0.27621,-0.16685,0.96013
0.27802,-0.17706,0.96455
0.27555,-0.18839,0.95908
0.27618,-0.19948,0.95727
0.27545,-0.21263,0.95463
0.27576,-0.22444,0.95903
0.27496,-0.23754,0.95612
0.27539,-0.24695,0.95346
0.27283,-0.25878,0.94804
0.27106,-0.26465,0.93592
0.26977,-0.27678,0.93256
0.26741,-0.28508,0.92979
0.26642,-0.29726,0.92622
0.26568,-0.30599,0.92355
0.26632,-0.32016,0.92413
0.26669,-0.32965,0.92162
0.26685,-0.3442,0.91764
0.27037,-0.35822,0.93492
0.27326,-0.37234,0.94904
0.21814,0.30424,0.7936
0.21946,0.29423,0.79711
0.22413,0.29168,0.8108
0.22727,0.28274,0.81995
0.23012,0.27842,0.83839
0.23344,0.2715,0.84672
0.2397,0.2719,0.87077
0.24653,0.26448,0.88721
0.2572,0.26531,0.93113
0.26611,0.25922,0.95808
0.27629,0.26149,1.0073
0.28885,0.25696,1.0475
0.29836,0.25476,1.0818
0.3016,0.24253,1.0952
0.30404,0.23388,1.1074
0.30693,0.21973,1.1103
0.30599,0.2085,1.1123
0.30671,0.19298,1.1145
0.30554,0.18093,1.1117
0.29404,0.15723,1.0618
0.29206,0.14545,1.0571
0.29053,0.12992,1.0511
0.28867,0.11841,1.0464
0.28559,0.10178,1.037
0.27759,0.088873,1.0056
0.21934,0.058765,0.79635
0.20894,0.047938,0.75761
0.20883,0.037093,0.7567
0.20865,0.029225,0.75654
0.20874,0.01843,0.75614
0.20879,0.010589,0.75606
0.20882,-0.00025651,0.75663
0.20856,-0.0081162,0.75778
0.20858,-0.018985,0.75822
0.20884,-0.026876,0.75878
0.2124,-0.038386,0.77187
0.26371,-0.057315,0.95661
0.27464,-0.074345,0.99701
0.27445,-0.084647,0.99624
0.27414,-0.09899,0.99502
0.27599,-0.10957,1.0023
0.27628,-0.12463,1.0014
0.27832,-0.13522,1.007
0.27822,-0.15102,1.0131
0.27744,-0.16134,1.0116
0.27655,-0.17359,0.99745
0.27462,-0.18255,0.99186
0.27254,-0.19612,0.9894
0.27348,-0.20624,0.98822
0.27156,-0.2196,0.98548
0.27101,-0.22982,0.98353
0.26984,-0.24274,0.97861
0.26924,-0.25174,0.97458
0.2674,-0.26352,0.96763
0.26475,-0.27218,0.95468
0.26383,-0.2845,0.95124
0.26444,-0.29367,0.95155
0.26363,-0.30621,0.95211
0.26365,-0.31647,0.94974
0.26354,-0.33175,0.95065
0.26567,-0.34173,0.949
0.26927,-0.36159,0.96903
0.27037,-0.37567,0.97859
0.27431,-0.39274,0.9881
0.20744,0.30144,0.78535
0.21035,0.29502,0.79927
0.21265,0.29127,0.81163
0.21785,0.28351,0.82221
0.22108,0.28073,0.84102
0.22633,0.27352,0.85371
0.22701,0.26658,0.85801
0.22798,0.25583,0.86237
0.22948,0.24798,0.86984
0.23757,0.24233,0.89385
0.24713,0.24647,0.94081
0.26381,0.24809,1.0042
0.28305,0.25464,1.0769
0.28947,0.24341,1.0972
0.29504,0.23692,1.1242
0.29685,0.22282,1.1272
0.29694,0.21091,1.1284
0.29761,0.19461,1.1216
0.29664,0.183,1.1223
0.29589,0.16625,1.1206
0.2899,0.15209,1.1039
0.28747,0.13375,1.0899
0.28181,0.12005,1.0662
0.28126,0.10459,1.0646
0.27406,0.091427,1.041
0.21119,0.059189,0.80175
0.20033,0.048152,0.75991
0.19994,0.037223,0.75874
0.19971,0.029324,0.75884
0.1998,0.018497,0.75752
0.19987,0.010632,0.75761
0.19991,-0.00024538,0.75834
0.1999,-0.0081238,0.75917
0.19994,-0.019013,0.75952
0.20017,-0.026914,0.76009
0.20289,-0.038321,0.77225
0.2639,-0.060249,1.0028
0.27285,-0.077152,1.034
0.27458,-0.088665,1.0401
0.27427,-0.10353,1.0388
0.27366,-0.1136,1.035
0.27326,-0.12827,1.0334
0.27259,-0.13834,1.0312
0.27211,-0.15345,1.0335
0.27159,-0.16336,1.0277
0.27,-0.17771,1.0209
0.26918,-0.18746,1.0147
0.26854,-0.20161,1.0122
0.26809,-0.21213,1.0151
0.26737,-0.22611,1.0123
0.26514,-0.23396,1.0041
0.26436,-0.24761,1.001
0.26453,-0.25911,1.0043
0.26368,-0.27263,1.0009
0.26304,-0.28313,0.99993
0.26205,-0.29454,0.99174
0.26118,-0.30332,0.98707
0.2602,-0.31627,0.98323
0.25991,-0.32662,0.98094
0.25953,-0.34125,0.98142
0.26352,-0.35611,1.0006
0.26778,-0.37653,1.0141
0.2693,-0.38866,1.0162
0.26863,-0.4037,1.0173
0.20102,0.30634,0.79787
0.19966,0.29364,0.79402
0.20337,0.29202,0.81375
0.21618,0.29636,0.86109
0.21853,0.29186,0.87219
0.21849,0.2783,0.86819
0.21724,0.2679,0.86147
0.21805,0.25652,0.86471
0.21949,0.24865,0.8722
0.22723,0.24299,0.8963
0.23637,0.24715,0.9434
0.24361,0.23811,0.96786
0.25289,0.23887,1.0092
0.27768,0.24526,1.1085
0.28433,0.24051,1.1385
0.29971,0.23423,1.1855
0.2991,0.22237,1.1877
0.29906,0.20557,1.1881
0.29862,0.19354,1.1879
0.29217,0.17163,1.1664
0.28877,0.15805,1.1502
0.28631,0.14089,1.1326
0.28274,0.12688,1.1181
0.27877,0.10991,1.1102
0.2693,0.093944,1.0687
0.20256,0.059663,0.80736
0.19142,0.048322,0.76198
0.19136,0.037341,0.75998
0.19082,0.0294,0.75977
0.19084,0.018524,0.7597
0.19096,0.010648,0.75974
0.19123,-0.00023492,0.75981
0.19123,-0.0081349,0.76052
0.1912,-0.019041,0.76224
0.19126,-0.026936,0.76232
0.19389,-0.038313,0.77105
0.26123,-0.062515,1.038
0.26612,-0.079454,1.0614
0.26866,-0.090491,1.0682
0.26836,-0.10563,1.0668
0.26771,-0.11661,1.0658
0.26707,-0.13172,1.0616
0.26676,-0.14258,1.0602
0.26628,-0.15728,1.0575
0.26588,-0.168,1.0541
0.26533,-0.18227,1.0517
0.26454,-0.19287,1.05
0.26391,-0.20865,1.0516
0.26342,-0.21918,1.0496
0.26347,-0.23392,1.044
0.26293,-0.24401,1.0418
0.26263,-0.25868,1.0399
0.26245,-0.26903,1.0403
0.2616,-0.28406,1.0393
0.2612,-0.29472,1.0367
0.26077,-0.30857,1.0344
0.26026,-0.31801,1.0315
0.26,-0.33158,1.0275
0.26117,-0.34327,1.0323
0.26039,-0.35901,1.0307
0.2616,-0.37082,1.0304
0.26067,-0.38481,1.0333
0.26742,-0.40305,1.0546
0.26627,-0.41908,1.0499
0.18777,0.30061,0.78269
0.18987,0.29238,0.79184
0.19402,0.29275,0.81579
0.20701,0.29834,0.86433
0.21094,0.2974,0.88484
0.26597,0.35504,1.1016
0.27731,0.3566,1.1614
0.27835,0.34146,1.1658
0.26651,0.31794,1.1143
0.24681,0.28048,1.0298
0.2317,0.25177,0.96729
0.23573,0.24356,0.98668
0.2594,0.25728,1.0869
0.26496,0.24592,1.1115
0.28524,0.2517,1.1914
0.30229,0.24793,1.2576
0.30012,0.23534,1.2599
0.29629,0.215,1.2466
0.29181,0.19765,1.2171
0.2882,0.17732,1.197
0.27976,0.16172,1.178
0.27731,0.14373,1.157
0.27763,0.13164,1.1583
0.27786,0.11434,1.1599
0.26626,0.098715,1.1143
0.19533,0.060115,0.81713
0.1825,0.048465,0.76411
0.18207,0.037454,0.76309
0.18185,0.029489,0.7619
0.18188,0.018587,0.76183
0.1818,0.010682,0.76187
0.18231,-0.00022462,0.76194
0.1824,-0.0081434,0.76266
0.18242,-0.019075,0.76264
0.18248,-0.027,0.7644
0.18438,-0.038364,0.77208
0.25416,-0.064427,1.0653
0.26462,-0.082125,1.1018
0.26474,-0.093939,1.1051
0.26443,-0.10969,1.1037
0.26365,-0.1212,1.1
0.26326,-0.13686,1.0983
0.26295,-0.14816,1.0991
0.2621,-0.16364,1.097
0.26173,-0.17386,1.0954
0.26127,-0.19001,1.091
0.26127,-0.20104,1.089
0.26077,-0.21623,1.0863
0.2612,-0.22724,1.0842
0.2605,-0.24253,1.0871
0.25997,-0.25336,1.0803
0.25969,-0.26914,1.0831
0.2592,-0.27987,1.0774
0.2585,-0.29438,1.0767
0.25787,-0.30479,1.074
0.25701,-0.31911,1.0725
0.2591,-0.3309,1.0799
0.25887,-0.34603,1.0759
0.2592,-0.358,1.0854
0.26071,-0.3779,1.0867
0.26055,-0.3913,1.0882
0.26179,-0.40608,1.084
0.26375,-0.4185,1.0965
0.2632,-0.436,1.099
0.17443,0.29518,0.77048
0.17717,0.28929,0.78062
0.18111,0.28436,0.79561
0.18662,0.28351,0.82158
0.20071,0.29812,0.88699
0.26282,0.37121,1.1601
0.27115,0.36911,1.1887
0.29181,0.3789,1.2771
0.29258,0.36662,1.2805
0.29015,0.3446,1.267
0.25226,0.28807,1.1114
0.24962,0.27247,1.1055
0.25092,0.26165,1.111
0.28243,0.2769,1.2508
0.28783,0.26882,1.2673
0.28861,0.2519,1.2707
0.28906,0.23856,1.2727
0.28628,0.21841,1.2641
0.28378,0.20295,1.2519
0.27906,0.1819,1.2276
0.27594,0.1662,1.2082
0.27479,0.1485,1.2083
0.27511,0.13662,1.2097
0.27152,0.11837,1.198
0.26587,0.10336,1.1699
0.18787,0.060953,0.82632
0.17368,0.048569,0.76481
0.17357,0.037476,0.76384
0.17301,0.029531,0.76342
0.17298,0.018622,0.76297
0.17294,0.010713,0.76271
0.17304,-0.00021519,0.76278
0.17311,-0.0081446,0.76403
0.17316,-0.019109,0.76453
0.17351,-0.02706,0.76548
0.17538,-0.038446,0.77374
0.25205,-0.066524,1.1058
0.25887,-0.085132,1.1383
0.26159,-0.097318,1.1498
0.26129,-0.11364,1.1484
0.25953,-0.12555,1.1448
0.25892,-0.1414,1.1385
0.25831,-0.15278,1.1344
0.2577,-0.16863,1.1323
0.25733,-0.18016,1.1308
0.25679,-0.19599,1.1283
0.25637,-0.20716,1.1238
0.25575,-0.22279,1.1208
0.25544,-0.23505,1.1188
0.25476,-0.25054,1.1218
0.25492,-0.26224,1.1223
0.25448,-0.27753,1.1188
0.2545,-0.28857,1.1163
0.25308,-0.3036,1.1146
0.25305,-0.3144,1.1117
0.25287,-0.33004,1.1081
0.25348,-0.34366,1.117
0.25342,-0.36106,1.1141
0.25616,-0.37486,1.127
0.25821,-0.39317,1.1343
0.26015,-0.40719,1.1419
0.26128,-0.42491,1.1481
0.26284,-0.44385,1.1483
0.26178,-0.45891,1.1482
0.16355,0.29294,0.76391
0.1662,0.28603,0.77286
0.16766,0.28122,0.78288
0.17254,0.27486,0.8015
0.17712,0.27648,0.82596
0.19346,0.28932,0.90316
0.26827,0.3858,1.2413
0.27712,0.38077,1.2876
0.28128,0.37402,1.311
0.28695,0.3599,1.3305
0.28039,0.34024,1.3036
0.27359,0.31313,1.2687
0.27421,0.30067,1.2716
0.27688,0.28567,1.2867
0.27745,0.2729,1.2894
0.27612,0.2547,1.2834
0.27549,0.24019,1.2803
0.27492,0.22221,1.2789
0.27206,0.20635,1.2693
0.26982,0.1859,1.2582
0.26734,0.17133,1.2429
0.26562,0.15242,1.2346
0.26635,0.14002,1.2444
0.2645,0.12145,1.2279
0.25787,0.10648,1.2021
0.18029,0.062083,0.83763
0.16784,0.049418,0.78171
0.16474,0.037655,0.76725
0.16448,0.029653,0.76669
0.1644,0.018729,0.7657
0.16461,0.010779,0.76489
0.16463,-0.00020653,0.76496
0.1645,-0.008163,0.76677
0.16447,-0.01915,0.76658
0.16583,-0.027364,0.77314
0.16958,-0.039072,0.78591
0.24583,-0.068949,1.1423
0.25312,-0.087737,1.1729
0.25395,-0.10058,1.1827
0.25367,-0.11745,1.1812
0.25346,-0.12956,1.1787
0.25308,-0.14613,1.1763
0.25231,-0.15764,1.1716
0.25186,-0.17416,1.1694
0.25194,-0.18623,1.1676
0.25141,-0.20261,1.1616
0.24995,-0.21438,1.1596
0.24927,-0.23028,1.1585
0.24888,-0.2419,1.1576
0.24839,-0.25687,1.1529
0.24788,-0.26828,1.1495
0.24684,-0.28391,1.1459
0.24628,-0.29586,1.1474
0.24582,-0.31128,1.1435
0.24577,-0.32267,1.1405
0.2449,-0.33932,1.1384
0.24845,-0.35365,1.1508
0.25223,-0.37507,1.1645
0.25336,-0.39173,1.1637
0.25524,-0.41041,1.1761
0.25669,-0.42588,1.1844
0.25706,-0.44612,1.1927
0.2598,-0.45961,1.2001
0.26084,-0.4747,1.1961
0.15423,0.29154,0.75757
0.15533,0.28382,0.76902
0.15764,0.27865,0.77303
0.1601,0.27326,0.78999
0.1645,0.27216,0.81431
0.16858,0.26643,0.83281
0.1945,0.2984,0.9574
0.26152,0.38161,1.288
0.27039,0.37995,1.3305
0.27285,0.36574,1.3429
0.27352,0.34927,1.3392
0.27713,0.3371,1.3664
0.27613,0.32173,1.3666
0.27994,0.30704,1.3755
0.28093,0.29249,1.3865
0.28168,0.27345,1.3902
0.27303,0.25077,1.3461
0.27048,0.22999,1.329
0.26834,0.21459,1.3217
0.26063,0.19098,1.2884
0.25973,0.1761,1.2795
0.2602,0.15806,1.2818
0.26254,0.14716,1.298
0.26116,0.12721,1.2868
0.25037,0.10904,1.232
0.18385,0.067057,0.90439
0.17062,0.053535,0.84023
0.15885,0.038467,0.78421
0.15884,0.030336,0.78296
0.15892,0.019153,0.7833
0.15905,0.011024,0.78588
0.15907,-0.00020205,0.78595
0.15907,-0.0083627,0.7859
0.1592,-0.019667,0.7862
0.16045,-0.027873,0.78828
0.18601,-0.045508,0.91768
0.23958,-0.071048,1.1768
0.24497,-0.090171,1.2091
0.24564,-0.10271,1.2115
0.24571,-0.12016,1.2119
0.24548,-0.13262,1.2109
0.24464,-0.14917,1.209
0.24375,-0.16116,1.2032
0.2432,-0.17805,1.1989
0.24285,-0.19022,1.1971
0.24183,-0.2069,1.1927
0.24115,-0.21843,1.1887
0.24028,-0.23426,1.1836
0.24012,-0.24605,1.1806
0.23855,-0.26217,1.1755
0.23822,-0.27352,1.1714
0.23695,-0.28885,1.1657
0.23654,-0.30027,1.1629
0.23562,-0.31579,1.1606
0.23518,-0.32827,1.1579
0.23556,-0.34368,1.1545
0.23941,-0.36051,1.1717
0.24358,-0.38427,1.1938
0.24637,-0.40314,1.2103
0.24771,-0.42372,1.2159
0.25008,-0.43959,1.2269
0.2502,-0.45773,1.2293
0.25166,-0.47202,1.2256
0.25059,-0.48751,1.2302
0.14408,0.2901,0.75346
0.14486,0.28212,0.76256
0.14655,0.27656,0.76809
0.14914,0.27013,0.78384
0.15303,0.2685,0.80408
0.15573,0.26265,0.82272
0.16489,0.26853,0.86344
0.20336,0.31571,1.0752
0.25473,0.38125,1.3334
0.26145,0.37088,1.3702
0.26585,0.36412,1.3936
0.26824,0.34609,1.3999
0.26924,0.33242,1.4031
0.2703,0.31602,1.4217
0.27405,0.30566,1.4421
0.27479,0.28578,1.446
0.27096,0.26725,1.42
0.27083,0.24559,1.4213
0.27085,0.22977,1.4194
0.26135,0.20327,1.3726
0.25631,0.18405,1.3442
0.25596,0.1652,1.3324
0.25626,0.1516,1.3339
0.25207,0.13034,1.3208
0.24629,0.1142,1.2909
0.22749,0.088431,1.1936
0.17334,0.057818,0.90708
0.16784,0.043227,0.87889
0.16747,0.034096,0.87927
0.1678,0.021511,0.88003
0.16784,0.012417,0.88409
0.16955,-0.00021891,0.88622
0.17084,-0.0095423,0.89752
0.17169,-0.022611,0.90461
0.17534,-0.032457,0.92033
0.226,-0.058659,1.1786
0.231,-0.073008,1.213
0.23604,-0.092133,1.2359
0.23591,-0.105,1.2389
0.2356,-0.12255,1.2334
0.23454,-0.13525,1.2339
0.23408,-0.15236,1.2259
0.23337,-0.16427,1.2209
0.23154,-0.18114,1.2159
0.23105,-0.19293,1.2105
0.22995,-0.20886,1.2056
0.22835,-0.2205,1.1966
0.22682,-0.2367,1.1927
0.22632,-0.2469,1.1871
0.22561,-0.2628,1.1798
0.22461,-0.27439,1.1743
0.22324,-0.28945,1.1682
0.22284,-0.30089,1.1654
0.22198,-0.31644,1.1631
0.22156,-0.32894,1.1604
0.2222,-0.34608,1.157
0.22631,-0.36584,1.1878
0.23276,-0.39246,1.2165
0.23474,-0.40868,1.2237
0.23849,-0.43335,1.2488
0.24074,-0.44975,1.2599
0.24185,-0.46842,1.2703
0.24124,-0.48306,1.266
0.24093,-0.49891,1.2537
0.13448,0.28867,0.75171
0.1356,0.28033,0.75835
0.13633,0.27473,0.76654
0.13883,0.26799,0.77797
0.14216,0.26622,0.79574
0.14474,0.26018,0.81307
0.15023,0.26118,0.84574
0.16462,0.27222,0.92257
0.24314,0.38878,1.356
0.25196,0.38324,1.412
0.26355,0.38617,1.4761
0.26441,0.36622,1.4809
0.26393,0.34769,1.4756
0.26472,0.32763,1.48
0.26838,0.31811,1.5014
0.26911,0.29742,1.5055
0.26768,0.27962,1.4933
0.26686,0.25772,1.494
0.26539,0.24036,1.4812
0.25465,0.21039,1.4263
0.24801,0.19056,1.3869
0.24414,0.16927,1.3689
0.24337,0.15337,1.3639
0.24143,0.13304,1.3447
0.23661,0.1177,1.3262
0.23134,0.095972,1.2951
0.21359,0.076238,1.197
0.20685,0.057045,1.1636
0.20525,0.044713,1.148
0.20403,0.027999,1.141
0.20408,0.01613,1.1412
0.20644,-0.00027282,1.1604
0.20855,-0.01239,1.1652
0.20967,-0.02928,1.1718
0.21215,-0.041828,1.1818
0.21875,-0.061402,1.2307
0.22411,-0.075477,1.2583
0.22432,-0.093605,1.2582
0.22371,-0.10659,1.2524
0.22251,-0.12337,1.2457
0.22142,-0.13598,1.24
0.21997,-0.15304,1.2345
0.21935,-0.16526,1.2276
0.21824,-0.18185,1.2211
0.21721,-0.19368,1.2166
0.21616,-0.21011,1.2103
0.21467,-0.22121,1.2056
0.21384,-0.23757,1.196
0.2124,-0.24821,1.1927
0.21164,-0.26374,1.1845
0.21071,-0.27493,1.1768
0.2089,-0.28982,1.1692
0.20799,-0.30046,1.1606
0.20635,-0.31479,1.1534
0.2058,-0.32503,1.1491
0.20699,-0.34372,1.1586
0.21217,-0.36464,1.1831
0.21991,-0.39547,1.2267
0.22465,-0.41793,1.2566
0.22653,-0.43944,1.2664
0.22979,-0.45645,1.282
0.22925,-0.47817,1.2842
0.23143,-0.49283,1.2816
0.23123,-0.50898,1.294
0.12456,0.28686,0.74903
0.12588,0.27952,0.75467
0.12701,0.27334,0.76223
0.1285,0.26633,0.77221
0.13099,0.26262,0.78504
0.13328,0.25658,0.80073
0.13903,0.25889,0.83156
0.1463,0.26003,0.8792
0.2001,0.342,1.1981
0.24547,0.40123,1.4752
0.25512,0.39868,1.5298
0.25596,0.38036,1.5441
0.25656,0.36523,1.5465
0.25736,0.34429,1.5522
0.2579,0.32892,1.5544
0.25792,0.30605,1.5498
0.25634,0.28804,1.535
0.2556,0.26551,1.5377
0.25406,0.24816,1.5336
0.24833,0.22006,1.4873
0.2361,0.19579,1.4312
0.232,0.17139,1.3921
0.22877,0.15553,1.3756
0.22758,0.13479,1.3686
0.22549,0.11956,1.3574
0.22119,0.098905,1.3304
0.21691,0.082952,1.3059
0.21521,0.063464,1.2907
0.21139,0.049602,1.2733
0.21039,0.031016,1.2662
0.21044,0.017846,1.2663
0.21047,-0.00028661,1.2664
0.21063,-0.013432,1.2663
0.21011,-0.031581,1.2634
0.21054,-0.044741,1.2629
0.21055,-0.062867,1.2621
0.21077,-0.076118,1.2681
0.21,-0.094033,1.2649
0.20942,-0.10689,1.2598
0.20864,-0.12445,1.2534
0.20755,-0.13642,1.2454
0.20627,-0.15376,1.2405
0.20513,-0.16563,1.2307
0.20407,-0.18227,1.227
0.20283,-0.19401,1.2189
0.20184,-0.21047,1.2125
0.20049,-0.22162,1.204
0.19967,-0.2379,1.1976
0.19816,-0.24814,1.1902
0.19717,-0.26416,1.1825
0.19579,-0.27441,1.1752
0.19479,-0.29012,1.1692
0.19331,-0.30031,1.1596
0.19264,-0.31507,1.1547
0.19146,-0.32503,1.1476
0.19078,-0.34028,1.1433
0.19621,-0.36165,1.1755
0.20554,-0.39762,1.2336
0.21166,-0.42375,1.2648
0.2152,-0.44532,1.2884
0.21635,-0.46269,1.296
0.22099,-0.4939,1.3221
0.22141,-0.50792,1.3237
0.2218,-0.52522,1.3174
0.11493,0.28683,0.7449
0.11587,0.27763,0.7522
0.1172,0.27304,0.75955
0.11857,0.26586,0.76832
0.121,0.26183,0.78398
0.12243,0.25437,0.79631
0.12782,0.25648,0.82673
0.13111,0.25222,0.85398
0.14955,0.27717,0.97024
0.23304,0.41026,1.5083
0.23697,0.40198,1.5421
0.2483,0.39935,1.6129
0.2489,0.38135,1.6154
0.24965,0.35849,1.6169
0.24868,0.34157,1.6171
0.24607,0.31679,1.5992
0.24525,0.29858,1.5912
0.24532,0.2763,1.5951
0.24383,0.25587,1.5796
0.23643,0.22718,1.5397
0.22288,0.1987,1.4444
0.217,0.17382,1.41
0.21479,0.15722,1.392
0.21276,0.13592,1.3802
0.21144,0.12117,1.3719
0.20933,0.10058,1.3583
0.20781,0.085768,1.3479
0.20669,0.065906,1.3404
0.20559,0.051725,1.3321
0.20359,0.032435,1.3212
0.20251,0.018594,1.3183
0.20168,-0.00028492,1.3099
0.2007,-0.013809,1.3026
0.19919,-0.032249,1.2938
0.1984,-0.04547,1.2869
0.1969,-0.063421,1.276
0.19631,-0.076506,1.2737
0.19564,-0.094502,1.2711
0.1946,-0.10701,1.2621
0.19376,-0.12489,1.2566
0.19272,-0.13676,1.2478
0.19156,-0.15405,1.2433
0.1905,-0.16595,1.2358
0.18965,-0.18271,1.2299
0.18859,-0.19421,1.2215
0.18768,-0.21087,1.2149
0.18653,-0.22198,1.2075
0.18569,-0.23842,1.2024
0.18402,-0.24863,1.1915
0.18317,-0.26468,1.187
0.18212,-0.27536,1.1787
0.18088,-0.2908,1.1724
0.17973,-0.30098,1.1641
0.17889,-0.31569,1.1568
0.1778,-0.32558,1.1509
0.17717,-0.34085,1.1466
0.18023,-0.35978,1.1644
0.19086,-0.39827,1.2357
0.19655,-0.42444,1.271
0.20145,-0.45016,1.2989
0.2061,-0.47769,1.3304
0.20682,-0.49651,1.3331
0.2085,-0.51856,1.3537
0.20728,-0.53555,1.329
0.10568,0.28584,0.74423
0.10653,0.27766,0.7495
0.10805,0.27346,0.75928
0.10868,0.26409,0.76588
0.11147,0.26212,0.78321
0.11262,0.25328,0.7909
0.11699,0.25585,0.82364
0.12018,0.25112,0.84655
0.12875,0.25855,0.90907
0.2056,0.39391,1.4496
0.22837,0.42177,1.6105
0.23729,0.41281,1.6709
0.23961,0.39816,1.6777
0.24033,0.37568,1.6905
0.24026,0.35847,1.6941
0.24091,0.33468,1.7013
0.2414,0.31771,1.7045
0.24199,0.29412,1.7012
0.2413,0.2769,1.6946
0.22547,0.23421,1.5857
0.20566,0.19904,1.4473
0.20067,0.17481,1.4132
0.1984,0.15803,1.4
0.19791,0.13739,1.3947
0.19636,0.12183,1.3831
0.19496,0.10155,1.3742
0.1933,0.086681,1.3616
0.19192,0.066569,1.3513
0.19082,0.052131,1.3434
0.18981,0.032715,1.3351
0.18791,0.018739,1.3238
0.1869,-0.00027604,1.3207
0.1861,-0.013895,1.3121
0.18517,-0.032526,1.3046
0.18376,-0.045731,1.2946
0.18298,-0.063993,1.2883
0.18145,-0.076763,1.2775
0.18063,-0.0947,1.2733
0.17957,-0.10732,1.2638
0.17907,-0.12502,1.2606
0.17776,-0.13698,1.25
0.17691,-0.1543,1.2464
0.17588,-0.16622,1.2379
0.17503,-0.18317,1.2327
0.17402,-0.19452,1.2236
0.17329,-0.21117,1.217
0.17212,-0.22256,1.2098
0.17144,-0.23872,1.2051
0.16988,-0.24914,1.1946
0.16914,-0.26526,1.1896
0.16809,-0.27592,1.1809
0.1672,-0.29126,1.1743
0.16588,-0.30145,1.1661
0.16508,-0.3163,1.1591
0.1641,-0.32654,1.1539
0.16351,-0.34185,1.1496
0.16517,-0.35752,1.1593
0.17612,-0.3985,1.2307
0.1814,-0.42353,1.2731
0.18589,-0.45084,1.301
0.19115,-0.47926,1.3387
0.19318,-0.50834,1.3605
0.19692,-0.52231,1.3615
0.19603,-0.53941,1.355
0.096663,0.28467,0.74255
0.097233,0.27688,0.74875
0.098657,0.27365,0.76014
0.099476,0.26442,0.76663
0.10167,0.26234,0.78372
0.10305,0.2538,0.79221
0.10707,0.25523,0.82442
0.10991,0.25044,0.84735
0.11458,0.25287,0.88477
0.17039,0.35597,1.3113
0.21662,0.43592,1.6679
0.225,0.42754,1.7294
0.22733,0.41165,1.7472
0.22833,0.39072,1.7579
0.22881,0.37329,1.7646
0.22933,0.34905,1.7695
0.22949,0.33136,1.7695
0.22965,0.30634,1.772
0.22925,0.28734,1.7715
0.22147,0.25342,1.7009
0.18836,0.19918,1.4492
0.18399,0.17508,1.4181
0.18232,0.15828,1.4025
0.18126,0.13762,1.3987
0.17985,0.12216,1.3866
0.17857,0.10172,1.3772
0.17713,0.086832,1.3656
0.17644,0.066717,1.3579
0.17512,0.052392,1.3501
0.17415,0.032871,1.3406
0.17256,0.018815,1.3311
0.17211,-0.00026703,1.323
0.17083,-0.013908,1.3144
0.16993,-0.032627,1.3078
0.16844,-0.045792,1.2971
0.16789,-0.06418,1.2933
0.16633,-0.076883,1.2798
0.16589,-0.094838,1.2768
0.16446,-0.10733,1.2683
0.16401,-0.12521,1.2635
0.16281,-0.13726,1.2522
0.16203,-0.15454,1.2484
0.16112,-0.16661,1.2405
0.16038,-0.18344,1.2347
0.15942,-0.19504,1.2255
0.15872,-0.21141,1.2216
0.15772,-0.22293,1.213
0.15702,-0.23907,1.2071
0.15576,-0.24985,1.1965
0.15492,-0.26564,1.1919
0.15395,-0.27632,1.1846
0.15308,-0.29137,1.1768
0.15197,-0.30186,1.1694
0.1514,-0.31675,1.1622
0.15041,-0.32696,1.1557
0.14987,-0.34229,1.1513
0.15082,-0.35592,1.1592
0.161,-0.39719,1.2289
0.16607,-0.42412,1.2729
0.16972,-0.45146,1.2995
0.17486,-0.47976,1.3406
0.17548,-0.50078,1.3423
0.18037,-0.52302,1.3635
0.17855,-0.53684,1.3455
0.087591,0.28472,0.74339
0.088151,0.27658,0.74701
0.089563,0.27346,0.76114
0.090236,0.26462,0.7663
0.092128,0.26219,0.78452
0.093643,0.25435,0.79604
0.096304,0.25319,0.81962
0.099922,0.25077,0.84897
0.10402,0.25321,0.88598
0.15468,0.35644,1.3131
0.20358,0.45141,1.726
0.20879,0.43737,1.7727
0.21028,0.42246,1.7905
0.21145,0.39836,1.796
0.21189,0.38075,1.7997
0.21194,0.35601,1.8036
0.21229,0.33777,1.8069
0.21248,0.31226,1.8079
0.21249,0.29236,1.8053
0.20855,0.26294,1.7778
0.17128,0.19947,1.4517
0.16715,0.17525,1.4224
0.16554,0.15867,1.4046
0.16454,0.13792,1.3992
0.16337,0.12272,1.3888
0.16228,0.10187,1.3792
0.16088,0.086974,1.3686
0.16044,0.066938,1.3611
0.15912,0.05249,1.3532
0.15808,0.032932,1.3432
0.1568,0.018856,1.3334
0.15624,-0.00025828,1.3282
0.15509,-0.013935,1.3177
0.15428,-0.032664,1.3119
0.15291,-0.045828,1.299
0.15242,-0.064262,1.2952
0.15109,-0.076983,1.2824
0.15059,-0.094945,1.2771
0.1493,-0.10751,1.2684
0.1488,-0.12523,1.2645
0.1478,-0.13744,1.254
0.14715,-0.15474,1.2489
0.14623,-0.16669,1.2415
0.14579,-0.18378,1.2365
0.14467,-0.1953,1.228
0.14402,-0.2117,1.2233
0.1431,-0.22323,1.2147
0.14245,-0.23939,1.2089
0.1415,-0.25036,1.1994
0.14063,-0.26631,1.1946
0.13984,-0.27651,1.1863
0.13902,-0.29175,1.1785
0.13806,-0.30225,1.1713
0.1375,-0.31746,1.1644
0.13654,-0.32738,1.1577
0.13605,-0.34273,1.1534
0.13692,-0.35636,1.1576
0.14616,-0.3977,1.2306
0.15083,-0.42531,1.2747
0.15408,-0.45274,1.3012
0.15828,-0.47963,1.3394
0.15806,-0.4976,1.3363
0.1588,-0.51267,1.3381
0.15534,-0.51797,1.2652
0.078891,0.28672,0.7477
0.079159,0.27736,0.7512
0.080438,0.27355,0.76241
0.081108,0.26492,0.76722
0.08289,0.2625,0.78546
0.084194,0.25551,0.79752
0.086488,0.25349,0.82062
0.089605,0.25107,0.84955
0.095809,0.25954,0.90875
0.15057,0.38567,1.4272
0.18689,0.46172,1.7689
0.18841,0.44048,1.7872
0.18945,0.42452,1.7958
0.19092,0.40173,1.8107
0.19131,0.38322,1.8111
0.19145,0.35813,1.8145
0.19118,0.3393,1.8153
0.19146,0.31342,1.8165
0.19112,0.29439,1.8133
0.19101,0.2675,1.8115
0.15399,0.20095,1.4605
0.1501,0.17548,1.4243
0.14902,0.15923,1.4114
0.14774,0.13811,1.401
0.14678,0.12288,1.3905
0.14573,0.1022,1.3811
0.14465,0.087093,1.3696
0.14407,0.067163,1.3637
0.14297,0.052664,1.3555
0.14205,0.032998,1.3473
0.14099,0.018892,1.3359
0.14044,-0.00025042,1.3299
0.13931,-0.013943,1.3196
0.13854,-0.032698,1.3134
0.13727,-0.045878,1.3008
0.13686,-0.064315,1.296
0.13568,-0.077072,1.2841
0.13498,-0.095043,1.2788
0.13408,-0.10754,1.2712
0.1336,-0.12534,1.2658
0.13276,-0.13761,1.2576
0.13214,-0.15493,1.2505
0.13139,-0.16698,1.2433
0.13094,-0.18406,1.2387
0.12993,-0.19554,1.2289
0.12933,-0.21244,1.2244
0.12851,-0.22367,1.2161
0.12792,-0.23975,1.2112
0.12707,-0.25066,1.2024
0.12653,-0.26672,1.1962
0.12545,-0.27684,1.1878
0.1249,-0.2926,1.1815
0.12393,-0.30277,1.1728
0.12349,-0.31815,1.1658
0.12263,-0.32754,1.1596
0.1222,-0.34289,1.1552
0.12299,-0.35679,1.159
0.13211,-0.40091,1.2455
0.13675,-0.42784,1.2869
0.14063,-0.46177,1.3272
0.14223,-0.48017,1.341
0.14308,-0.50093,1.3442
0.14263,-0.51324,1.3397
0.14195,-0.52915,1.3324
0.06983,0.28705,0.74715
0.070214,0.27764,0.75202
0.071451,0.27405,0.76378
0.071935,0.26542,0.76968
0.073621,0.26278,0.78713
0.074678,0.25627,0.79964
0.076649,0.25517,0.82201
0.079322,0.25048,0.84641
0.087155,0.26747,0.9367
0.1366,0.39707,1.4649
0.16589,0.46322,1.7769
0.16748,0.44257,1.7937
0.16866,0.42675,1.8047
0.16925,0.40225,1.8128
0.16957,0.38423,1.8141
0.17001,0.35872,1.8191
0.16995,0.34036,1.82
0.16987,0.31423,1.8215
0.16991,0.29529,1.8202
0.16924,0.26805,1.8149
0.13683,0.20144,1.4646
0.13302,0.17568,1.4287
0.13209,0.15964,1.4131
0.13104,0.13844,1.4031
0.13008,0.12294,1.3937
0.12911,0.10232,1.3832
0.12818,0.087199,1.3734
0.12762,0.067247,1.3654
0.12667,0.052731,1.3571
0.12578,0.03305,1.3489
0.12499,0.018922,1.3368
0.1243,-0.00024335,1.3321
0.12343,-0.013952,1.3218
0.12268,-0.032717,1.315
0.12162,-0.045926,1.3029
0.12115,-0.06438,1.2976
0.12027,-0.077143,1.2856
0.1196,-0.095143,1.2804
0.11879,-0.10765,1.2716
0.11837,-0.12551,1.2673
0.11768,-0.1377,1.2591
0.11721,-0.15519,1.252
0.11641,-0.16711,1.2446
0.116,-0.18425,1.2389
0.11506,-0.19584,1.231
0.11471,-0.21272,1.2259
0.11386,-0.22389,1.2175
0.11334,-0.24002,1.2126
0.11248,-0.25091,1.2038
0.11211,-0.267,1.1971
0.11128,-0.27741,1.1889
0.1107,-0.29304,1.1828
0.10995,-0.30336,1.1741
0.10944,-0.31855,1.1674
0.10874,-0.32788,1.1609
0.10836,-0.34324,1.1565
0.10921,-0.35784,1.1666
0.1209,-0.41593,1.2912
0.12388,-0.44017,1.3231
0.12636,-0.46619,1.345
0.12767,-0.48476,1.3537
0.12936,-0.51253,1.3754
0.13576,-0.55223,1.448
0.13695,-0.57666,1.466
0.060903,0.2871,0.74921
0.061364,0.2781,0.75342
0.06225,0.27473,0.76437
0.062914,0.26656,0.77058
0.064499,0.26528,0.79288
0.065486,0.25673,0.80607
0.067917,0.25866,0.83374
0.06928,0.25196,0.85273
0.078616,0.27593,0.96443
0.13015,0.43416,1.5985
0.1445,0.46489,1.7817
0.14628,0.44329,1.7956
0.14713,0.42715,1.809
0.14757,0.40288,1.8151
0.14775,0.38468,1.8179
0.14807,0.35923,1.8209
0.14817,0.34051,1.8218
0.14812,0.3148,1.8237
0.14811,0.29574,1.8221
0.1474,0.26866,1.8199
0.11935,0.20209,1.4661
0.11597,0.17571,1.4271
0.11509,0.15984,1.4146
0.1142,0.13883,1.4052
0.11329,0.12295,1.3942
0.11251,0.10233,1.3846
0.11179,0.087354,1.3749
0.11115,0.067364,1.3673
0.11024,0.052737,1.3579
0.10963,0.033121,1.3494
0.10886,0.018966,1.3401
0.10841,-0.00023695,1.3335
0.10751,-0.013959,1.3241
0.10684,-0.032761,1.3163
0.10598,-0.046027,1.3043
0.10551,-0.064517,1.301
0.10472,-0.077296,1.2869
0.10403,-0.095346,1.2812
0.10348,-0.10775,1.2722
0.10318,-0.12568,1.2686
0.10249,-0.13783,1.2604
0.10208,-0.15533,1.2538
0.10139,-0.16731,1.2459
0.10099,-0.18432,1.24
0.10027,-0.19613,1.2337
0.099909,-0.21293,1.2271
0.099177,-0.22427,1.219
0.098719,-0.2406,1.2143
0.097968,-0.25115,1.2045
0.09765,-0.26724,1.1976
0.096937,-0.27767,1.1911
0.09645,-0.29331,1.1842
0.095857,-0.30336,1.1752
0.095318,-0.31891,1.1693
0.094681,-0.32853,1.162
0.094349,-0.34393,1.1576
0.095142,-0.35941,1.1677
0.10581,-0.4163,1.2935
0.11029,-0.4484,1.3511
0.11143,-0.47256,1.3594
0.11318,-0.49538,1.3831
0.11866,-0.53946,1.4543
0.12125,-0.56085,1.4744
0.12249,-0.59517,1.4962
0.052044,0.28795,0.75064
0.052414,0.27907,0.75589
0.053025,0.27514,0.76521
0.053775,0.26746,0.77773
0.055165,0.2662,0.79763
0.056029,0.25921,0.8091
0.057863,0.25927,0.83721
0.059845,0.25666,0.8665
0.070896,0.2921,1.0232
0.1179,0.46263,1.7102
0.12392,0.46649,1.7849
0.12466,0.44432,1.803
0.12535,0.42818,1.811
0.12573,0.40358,1.8195
0.12591,0.38553,1.8195
0.12615,0.35973,1.8232
0.12617,0.34115,1.8245
0.12612,0.31506,1.8256
0.1261,0.29631,1.8235
0.12559,0.26903,1.8189
0.10182,0.20268,1.4696
0.098777,0.17587,1.4315
0.097942,0.16001,1.4173
0.097379,0.13899,1.4067
0.096482,0.12318,1.3976
0.095786,0.10242,1.3857
0.09517,0.087498,1.3761
0.094665,0.06739,1.3696
0.093853,0.052787,1.3592
0.093329,0.033155,1.3506
0.092683,0.018985,1.3415
0.092291,-0.0002316,1.336
0.091582,-0.013977,1.3254
0.090978,-0.032792,1.3175
0.090291,-0.046085,1.3053
0.089855,-0.064566,1.3024
0.089157,-0.077356,1.288
0.088802,-0.095421,1.284
0.088097,-0.10787,1.2734
0.087847,-0.12578,1.2696
0.087262,-0.13794,1.2615
0.086852,-0.15546,1.2568
0.086339,-0.16765,1.247
0.085984,-0.18446,1.2411
0.085429,-0.1962,1.2348
0.085062,-0.2131,1.23
0.084446,-0.22428,1.2201
0.084044,-0.24078,1.2155
0.08345,-0.25129,1.2056
0.083084,-0.26745,1.1986
0.082546,-0.27784,1.1909
0.082166,-0.29355,1.1852
0.081633,-0.30388,1.1765
0.081236,-0.31916,1.1703
0.080665,-0.32891,1.1628
0.080385,-0.34432,1.1583
0.08118,-0.35968,1.1683
0.09012,-0.41707,1.2955
0.094361,-0.45189,1.3606
0.094917,-0.47308,1.3626
0.09642,-0.49575,1.3883
0.10118,-0.54128,1.4568
0.10588,-0.58006,1.5159
0.10542,-0.59902,1.5085
0.043093,0.28867,0.75286
0.043552,0.2804,0.76059
0.044063,0.27695,0.77153
0.044581,0.26928,0.77971
0.04589,0.26826,0.80344
0.046727,0.26195,0.81803
0.049,0.26471,0.85574
0.05037,0.26223,0.88553
0.06968,0.34917,1.2249
0.099433,0.47326,1.7408
0.10234,0.46809,1.7979
0.10319,0.44555,1.8065
0.10349,0.42853,1.8153
0.10379,0.40402,1.8212
0.10391,0.38586,1.8238
0.10403,0.3601,1.8245
0.10412,0.34156,1.826
0.10411,0.31562,1.8281
0.10405,0.2966,1.8273
0.10372,0.26976,1.8221
0.084298,0.20295,1.4751
0.081505,0.17653,1.4325
0.080753,0.16014,1.4184
0.080341,0.13909,1.4089
0.079601,0.1234,1.3982
0.07926,0.10257,1.3868
0.078467,0.087564,1.3756
0.078106,0.067551,1.3741
0.077532,0.052889,1.3613
0.077081,0.033216,1.3548
0.076592,0.019017,1.3457
0.076188,-0.00022712,1.3379
0.075663,-0.01399,1.3264
0.075081,-0.032818,1.3188
0.074502,-0.046113,1.3063
0.074244,-0.064607,1.3033
0.073555,-0.077523,1.293
0.073263,-0.095483,1.285
0.072725,-0.10798,1.2745
0.072542,-0.12586,1.27
0.071918,-0.13802,1.2625
0.071659,-0.15571,1.2577
0.071208,-0.16776,1.2479
0.070966,-0.18468,1.2446
0.070502,-0.19638,1.2357
0.070185,-0.21325,1.2305
0.06968,-0.22439,1.221
0.069384,-0.2409,1.2164
0.068897,-0.2517,1.2055
0.068561,-0.26732,1.1995
0.068201,-0.27802,1.1916
0.067817,-0.29379,1.1861
0.067374,-0.30412,1.1785
0.067,-0.31939,1.1711
0.066582,-0.32917,1.164
0.066355,-0.34459,1.1596
0.067014,-0.35975,1.1684
0.074398,-0.41736,1.2965
0.077903,-0.45218,1.3616
0.07865,-0.4747,1.371
0.080012,-0.49778,1.3927
0.083705,-0.54161,1.4597
0.087588,-0.58104,1.5271
0.087209,-0.60003,1.5197
0.034201,0.29,0.75793
0.034531,0.28273,0.76488
0.034922,0.2783,0.77597
0.035424,0.27157,0.78825
0.036498,0.27118,0.81032
0.03735,0.26518,0.82893
0.039233,0.27085,0.87187
0.041156,0.27138,0.92011
0.071482,0.45431,1.5972
0.079576,0.47906,1.7755
0.080896,0.46952,1.7999
0.08141,0.44649,1.8136
0.081584,0.42917,1.8186
0.081792,0.40456,1.8239
0.081902,0.38609,1.8258
0.082042,0.36044,1.8274
0.08204,0.3418,1.8287
0.082068,0.31593,1.8302
0.081958,0.29676,1.8284
0.081883,0.27043,1.8232
0.066551,0.20379,1.487
0.064249,0.17678,1.4336
0.063598,0.16035,1.4193
0.063272,0.13923,1.4097
0.062687,0.12349,1.3995
0.062445,0.10283,1.3913
0.061774,0.087617,1.3764
0.061507,0.06763,1.3749
0.061098,0.05296,1.3627
0.06079,0.033258,1.3556
0.060358,0.019029,1.3448
0.060014,-0.000224,1.3391
0.059582,-0.014017,1.3274
0.059237,-0.032842,1.3215
0.058658,-0.046134,1.3082
0.058466,-0.064712,1.3045
0.057989,-0.077563,1.2938
0.057695,-0.0956,1.2866
0.057326,-0.10809,1.2764
0.05704,-0.12593,1.2707
0.056667,-0.13809,1.2627
0.056438,-0.15587,1.2574
0.0561,-0.16765,1.2493
0.055895,-0.18497,1.2455
0.055534,-0.19643,1.2364
0.055285,-0.21343,1.2312
0.054885,-0.22437,1.2222
0.054659,-0.24103,1.2167
0.054313,-0.2517,1.2076
0.054017,-0.26776,1.2018
0.05363,-0.27816,1.1923
0.053443,-0.29394,1.1868
0.053093,-0.3044,1.1792
0.052841,-0.31952,1.172
0.052529,-0.32946,1.1647
0.052353,-0.3449,1.1602
0.052558,-0.35858,1.1662
0.058695,-0.41962,1.3005
0.060909,-0.44939,1.3515
0.062012,-0.47494,1.3717
0.063095,-0.49898,1.395
0.066041,-0.5431,1.4605
0.069464,-0.58566,1.5361
0.069172,-0.60479,1.5286
0.025183,0.29259,0.76162
0.025437,0.28642,0.77446
0.025756,0.27995,0.77941
0.026244,0.27558,0.79839
0.027093,0.27475,0.82317
0.027904,0.2706,0.84655
0.029881,0.28312,0.90959
0.032021,0.28954,0.97759
0.05719,0.49741,1.745
0.058565,0.48456,1.7835
0.059298,0.47056,1.8059
0.059667,0.44754,1.8183
0.059716,0.42977,1.8219
0.059795,0.40502,1.8275
0.059834,0.38667,1.8275
0.059913,0.36072,1.8283
0.059914,0.34196,1.8297
0.059994,0.31618,1.8329
0.059991,0.29699,1.8329
0.059791,0.27063,1.8265
0.04873,0.20515,1.4882
0.046944,0.17699,1.4354
0.04647,0.16045,1.4211
0.046257,0.13953,1.4107
0.045851,0.12374,1.4006
0.045652,0.10295,1.3953
0.045093,0.087731,1.3827
0.044962,0.067672,1.3756
0.044596,0.05299,1.3634
0.044363,0.033287,1.3563
0.044043,0.01907,1.3469
0.043845,-0.00022116,1.34
0.04341,-0.014005,1.329
0.043233,-0.032888,1.3233
0.042823,-0.046202,1.3101
0.042664,-0.064712,1.3051
0.042318,-0.077587,1.2936
0.04209,-0.095686,1.2872
0.041836,-0.10814,1.2769
0.04165,-0.12607,1.2722
0.041359,-0.13822,1.2633
0.04119,-0.15598,1.258
0.040938,-0.16764,1.2499
0.040811,-0.18504,1.2461
0.040542,-0.19656,1.2372
0.040364,-0.21364,1.2318
0.040088,-0.22455,1.2232
0.039925,-0.24088,1.2172
0.039667,-0.25193,1.208
0.039552,-0.26786,1.2023
0.039214,-0.2783,1.1932
0.039056,-0.29405,1.1871
0.0388,-0.30458,1.1794
0.038617,-0.31968,1.174
0.038397,-0.32977,1.1652
0.038275,-0.34521,1.1608
0.03842,-0.35872,1.1667
0.043323,-0.42126,1.31
0.044423,-0.44727,1.3438
0.045201,-0.47459,1.3665
0.046183,-0.49916,1.398
0.048314,-0.5433,1.4607
0.050952,-0.58875,1.5402
0.050748,-0.60799,1.5328
0.016038,0.29615,0.77105
0.016284,0.28885,0.78271
0.016538,0.28541,0.79214
0.01699,0.28213,0.817
0.017432,0.28076,0.83794
0.018163,0.27965,0.87009
0.019921,0.29767,0.95769
0.028167,0.40017,1.3583
0.036852,0.50691,1.7753
0.037374,0.48925,1.8018
0.03755,0.47273,1.8144
0.037684,0.44974,1.8206
0.037704,0.4306,1.8245
0.037763,0.40581,1.8294
0.037739,0.38708,1.8296
0.037798,0.36144,1.8327
0.037813,0.34241,1.8323
0.037814,0.31628,1.8343
0.037807,0.29741,1.8341
0.037686,0.2707,1.8314
0.030882,0.20563,1.495
0.02958,0.17706,1.4369
0.029314,0.16065,1.4223
0.029117,0.13956,1.4119
0.028891,0.1238,1.4019
0.028731,0.103,1.397
0.028414,0.087782,1.3832
0.028293,0.067693,1.3749
0.028065,0.053091,1.3644
0.027926,0.033297,1.3591
0.027721,0.019074,1.3473
0.027596,-0.00021919,1.3408
0.027314,-0.014025,1.3294
0.027205,-0.032916,1.3241
0.02697,-0.046231,1.3126
0.026871,-0.064751,1.3072
0.02663,-0.077605,1.2941
0.026489,-0.09566,1.2879
0.026324,-0.10822,1.2771
0.026211,-0.12616,1.2736
0.02604,-0.13835,1.2652
0.025933,-0.15603,1.2592
0.025785,-0.16775,1.2506
0.025702,-0.18495,1.2465
0.025536,-0.19688,1.2376
0.025452,-0.2137,1.2327
0.025277,-0.22455,1.2236
0.025197,-0.24132,1.2194
0.025017,-0.25202,1.2085
0.024937,-0.26811,1.2041
0.024707,-0.27837,1.1943
0.024637,-0.29433,1.1874
0.02448,-0.30465,1.179
0.024372,-0.31963,1.1735
0.024239,-0.3302,1.1649
0.02417,-0.34567,1.1604
0.024301,-0.35929,1.1682
0.027375,-0.42136,1.3104
0.028078,-0.44738,1.3442
0.028581,-0.4747,1.3669
0.029252,-0.49975,1.3993
0.030607,-0.54346,1.4603
0.032402,-0.592,1.5476
0.032287,-0.61134,1.5401
0.0068711,0.30255,0.78281
0.0069467,0.29304,0.79257
0.0070919,0.29252,0.81349
0.0072723,0.28839,0.83522
0.0074972,0.28886,0.86072
0.0078947,0.29287,0.91387
0.010492,0.37651,1.2138
0.014994,0.51364,1.7364
0.015461,0.51197,1.7927
0.015572,0.49169,1.8108
0.015596,0.47424,1.8196
0.015633,0.4502,1.8261
0.015635,0.43198,1.8256
0.015632,0.40646,1.8304
0.015634,0.3877,1.833
0.015617,0.36197,1.8348
0.015619,0.34281,1.8356
0.015599,0.31689,1.8362
0.015595,0.29784,1.8347
0.015557,0.27123,1.8326
0.012716,0.20644,1.4955
0.012184,0.17739,1.4391
0.012068,0.16075,1.4226
0.011966,0.13972,1.4132
0.011856,0.12387,1.4024
0.011801,0.1032,1.3973
0.011686,0.087899,1.3825
0.011615,0.067787,1.3767
0.011519,0.053013,1.3656
0.011468,0.033368,1.3593
0.011377,0.019097,1.3484
0.011324,-0.00021812,1.3411
0.011244,-0.014026,1.3301
0.01118,-0.032919,1.326
0.011069,-0.046248,1.3128
0.011049,-0.064777,1.3074
0.010935,-0.077679,1.2956
0.010894,-0.09572,1.2888
0.010807,-0.10835,1.2774
0.010775,-0.12618,1.2754
0.010719,-0.13836,1.2654
0.010674,-0.15607,1.2607
0.010608,-0.16784,1.2508
0.010591,-0.18497,1.2462
0.010519,-0.1969,1.2379
0.010494,-0.21361,1.233
0.010433,-0.22463,1.2239
0.010409,-0.24135,1.2196
0.010339,-0.25204,1.2087
0.010314,-0.26813,1.2043
0.010236,-0.27851,1.1938
0.010209,-0.29444,1.1876
0.010152,-0.30465,1.1804
0.010125,-0.31967,1.1737
0.010075,-0.33024,1.1652
0.010059,-0.3457,1.1607
0.010147,-0.35945,1.1689
0.011333,-0.41982,1.3006
0.01185,-0.45069,1.3532
0.012002,-0.47927,1.3782
0.012259,-0.49999,1.3998
0.012842,-0.54418,1.4605
0.013668,-0.59255,1.5559
0.013643,-0.61191,1.5483
-0.002683,0.30777,0.80024
-0.0027398,0.30046,0.81354
-0.0028295,0.29897,0.83153
-0.0029314,0.29684,0.85805
-0.0031061,0.30462,0.91005
-0.0038042,0.35182,1.0984
-0.005956,0.53402,1.7219
-0.0062418,0.53029,1.7922
-0.0063086,0.51567,1.8093
-0.006374,0.49275,1.8162
-0.0064134,0.47517,1.8206
-0.0064746,0.45099,1.8273
-0.006502,0.4325,1.8306
-0.0065482,0.40675,1.8329
-0.0065669,0.38808,1.8339
-0.0066068,0.36268,1.8376
-0.0066199,0.34348,1.8366
-0.0066491,0.31737,1.8388
-0.0066641,0.29834,1.8389
-0.0066711,0.27161,1.8342
-0.0055009,0.20696,1.5033
-0.0052578,0.17742,1.4422
-0.0052171,0.16081,1.4237
-0.0051827,0.13983,1.4172
-0.0051548,0.12391,1.4034
-0.0051405,0.10334,1.3979
-0.0050914,0.087896,1.3825
-0.0050715,0.067791,1.3774
-0.0050299,0.053097,1.3656
-0.0050164,0.033411,1.3593
-0.0049811,0.019097,1.3503
-0.0049516,-0.000218,1.3423
-0.0049162,-0.014032,1.3316
-0.0048892,-0.032962,1.3274
-0.0048453,-0.046348,1.3136
-0.0048205,-0.064863,1.3073
-0.0047704,-0.077748,1.2958
-0.004745,-0.095748,1.2897
-0.0046962,-0.10839,1.2802
-0.0046796,-0.12617,1.2755
-0.0046383,-0.13842,1.2656
-0.0046072,-0.15606,1.2607
-0.0045695,-0.1679,1.2517
-0.0045402,-0.18502,1.2477
-0.0044943,-0.19678,1.2379
-0.0044674,-0.2136,1.2328
-0.0044222,-0.22482,1.224
-0.00439,-0.24146,1.2196
-0.0043448,-0.25213,1.2105
-0.0043098,-0.26843,1.2044
-0.0042629,-0.27868,1.1939
-0.0042209,-0.29443,1.1888
-0.0041834,-0.30465,1.1811
-0.0041365,-0.31966,1.1738
-0.0040955,-0.33023,1.1665
-0.0040576,-0.3457,1.162
-0.0040681,-0.35946,1.1694
-0.0044926,-0.41981,1.3006
-0.0047126,-0.45589,1.3709
-0.0047848,-0.48688,1.3929
-0.0047766,-0.50065,1.4025
-0.0049417,-0.54417,1.4609
-0.0052561,-0.59572,1.5597
-0.0051921,-0.61518,1.5521
-0.012678,0.31337,0.81804
-0.01294,0.30908,0.8375
-0.013487,0.3136,0.87132
-0.014145,0.31385,0.91108
-0.017075,0.36588,1.0937
-0.026569,0.54609,1.7032
-0.027876,0.55643,1.7932
-0.028107,0.53342,1.8046
-0.028305,0.51782,1.8126
-0.028466,0.49462,1.8195
-0.028536,0.47697,1.8239
-0.028641,0.45153,1.8297
-0.028689,0.43294,1.8314
-0.028769,0.40728,1.8343
-0.028811,0.38836,1.8355
-0.028906,0.36286,1.8386
-0.028937,0.34378,1.8406
-0.028928,0.3175,1.8388
-0.028973,0.29835,1.8417
-0.028996,0.27167,1.8389
-0.023886,0.20811,1.5106
-0.022746,0.1776,1.443
-0.022532,0.16124,1.4254
-0.022346,0.13982,1.4189
-0.022205,0.12407,1.4057
-0.022095,0.10334,1.3995
-0.021873,0.087984,1.3854
-0.021799,0.067875,1.3792
-0.021621,0.053138,1.3655
-0.021521,0.033423,1.3594
-0.021388,0.019121,1.3504
-0.021275,-0.00021897,1.3443
-0.021068,-0.014043,1.3345
-0.020996,-0.033037,1.3286
-0.020792,-0.046355,1.3134
-0.020686,-0.064883,1.3071
-0.020516,-0.077866,1.2968
-0.020397,-0.095794,1.2913
-0.020238,-0.10843,1.2801
-0.02016,-0.12637,1.2766
-0.020001,-0.13861,1.266
-0.019894,-0.15603,1.2621
-0.019765,-0.1681,1.2527
-0.019676,-0.18528,1.2479
-0.019501,-0.19673,1.2391
-0.019431,-0.21393,1.2326
-0.019267,-0.22496,1.2238
-0.019177,-0.2415,1.2202
-0.019025,-0.25207,1.2106
-0.018924,-0.26835,1.2054
-0.018768,-0.27876,1.1936
-0.01867,-0.29456,1.1893
-0.018531,-0.30469,1.1811
-0.018409,-0.31983,1.1762
-0.018274,-0.32995,1.1678
-0.018182,-0.34541,1.1634
-0.018277,-0.35977,1.1722
-0.020337,-0.41975,1.3051
-0.021479,-0.45928,1.3792
-0.021914,-0.4869,1.4022
-0.021897,-0.50168,1.4034
-0.022757,-0.54409,1.4669
-0.024279,-0.59881,1.563
-0.024115,-0.61838,1.5554
-0.023448,0.32797,0.85389
-0.024277,0.32498,0.88008
-0.026592,0.34419,0.96372
-0.032116,0.40024,1.1668
-0.047,0.56785,1.6957
-0.049604,0.5744,1.7941
-0.049998,0.5604,1.8093
-0.050303,0.53739,1.8176
-0.050403,0.52002,1.8215
-0.050693,0.49583,1.829
-0.050722,0.47696,1.8292
-0.050875,0.45225,1.8344
-0.05091,0.43315,1.8335
-0.050999,0.4074,1.8364
-0.051096,0.38876,1.8361
-0.051212,0.36294,1.8389
-0.051222,0.34432,1.8416
-0.051308,0.31817,1.8428
-0.051281,0.29884,1.8413
-0.051287,0.27206,1.84
-0.042478,0.20997,1.5247
-0.040244,0.17767,1.4444
-0.039808,0.16128,1.4261
-0.03949,0.13978,1.4189
-0.039271,0.12425,1.4054
-0.039111,0.10331,1.4009
-0.038701,0.087986,1.3857
-0.038537,0.067939,1.3805
-0.0382,0.053123,1.3701
-0.038031,0.033411,1.3632
-0.037783,0.019161,1.3514
-0.03759,-0.00022146,1.3471
-0.037209,-0.014056,1.335
-0.037094,-0.033032,1.3283
-0.03677,-0.046385,1.3144
-0.036582,-0.06492,1.3098
-0.03627,-0.077889,1.2981
-0.036057,-0.09601,1.2929
-0.035788,-0.1084,1.2797
-0.035657,-0.12648,1.2768
-0.035351,-0.13857,1.2663
-0.035268,-0.15605,1.2626
-0.03495,-0.16808,1.2525
-0.034836,-0.18545,1.2478
-0.034575,-0.19669,1.2382
-0.0344,-0.21389,1.2326
-0.034166,-0.22489,1.2251
-0.033954,-0.24156,1.2199
-0.033709,-0.25202,1.211
-0.033529,-0.26844,1.2053
-0.033263,-0.27869,1.1943
-0.033104,-0.29448,1.189
-0.032869,-0.30474,1.1815
-0.032675,-0.32027,1.175
-0.032456,-0.33003,1.1677
-0.032311,-0.34549,1.1632
-0.032511,-0.36005,1.1729
-0.036236,-0.41996,1.3055
-0.038312,-0.46102,1.383
-0.039056,-0.48847,1.4066
-0.039015,-0.50369,1.4074
-0.04057,-0.54497,1.4671
-0.043588,-0.6001,1.5715
-0.043339,-0.6197,1.5639
-0.037399,0.36471,0.94559
-0.042177,0.39583,1.0689
-0.060637,0.54821,1.5284
-0.069881,0.60603,1.7568
-0.071043,0.59825,1.7902
-0.071881,0.57953,1.812
-0.072265,0.56293,1.8178
-0.072686,0.5394,1.8266
-0.072759,0.52173,1.8291
-0.072946,0.49625,1.8325
-0.073082,0.47793,1.833
-0.073199,0.45274,1.8347
-0.073223,0.43372,1.838
-0.073338,0.4077,1.8389
-0.073368,0.38882,1.8394
-0.073566,0.36324,1.8427
-0.073591,0.34437,1.8417
-0.073685,0.31847,1.8458
-0.07369,0.29912,1.8458
-0.073613,0.27239,1.8408
-0.06135,0.21037,1.5299
-0.057813,0.1778,1.4453
-0.057116,0.16125,1.4277
-0.056655,0.13978,1.4192
-0.056298,0.12413,1.4062
-0.056074,0.10338,1.4009
-0.055584,0.088041,1.3868
-0.055241,0.067905,1.3813
-0.054812,0.053183,1.3695
-0.054602,0.03346,1.3648
-0.054147,0.019155,1.3521
-0.053958,-0.00022394,1.347
-0.053584,-0.014082,1.3356
-0.053223,-0.033083,1.3277
-0.05273,-0.046383,1.316
-0.052531,-0.064893,1.3107
-0.05206,-0.077923,1.3007
-0.051752,-0.096024,1.2927
-0.051304,-0.10856,1.283
-0.05112,-0.12653,1.2773
-0.050757,-0.13877,1.2685
-0.050574,-0.15608,1.2636
-0.050126,-0.16817,1.2549
-0.050006,-0.18558,1.2481
-0.049607,-0.19689,1.2383
-0.04939,-0.21383,1.2336
-0.049054,-0.22479,1.2254
-0.048779,-0.24168,1.2207
-0.048424,-0.25218,1.211
-0.048131,-0.26832,1.2049
-0.04779,-0.27907,1.1959
-0.047522,-0.29435,1.189
-0.047198,-0.3048,1.1817
-0.046921,-0.32028,1.1746
-0.046675,-0.3302,1.1674
-0.046477,-0.34567,1.1629
-0.046757,-0.36059,1.1727
-0.052095,-0.41979,1.305
-0.055405,-0.46271,1.3933
-0.056151,-0.4897,1.4107
-0.056116,-0.50362,1.4082
-0.058578,-0.54636,1.4714
-0.062894,-0.60309,1.5762
-0.062552,-0.6228,1.5686
-0.081206,0.60422,1.5687
-0.089849,0.6389,1.7326
-0.092976,0.64475,1.7912
-0.093438,0.6219,1.7992
-0.094008,0.60674,1.8133
-0.094196,0.58331,1.8202
-0.094506,0.5663,1.8255
-0.094922,0.54055,1.8289
-0.095112,0.52246,1.8309
-0.095312,0.49743,1.8349
-0.095436,0.47827,1.8336
-0.095692,0.45304,1.838
-0.095505,0.43419,1.8381
-0.095774,0.4089,1.843
-0.095766,0.38936,1.8418
-0.095955,0.36338,1.8452
-0.096026,0.34439,1.8453
-0.096142,0.31862,1.8473
-0.096116,0.29955,1.8479
-0.095938,0.27249,1.8481
-0.080564,0.21254,1.5467
-0.075366,0.17822,1.4453
-0.074367,0.16126,1.4311
-0.073953,0.13993,1.421
-0.073297,0.12413,1.4084
-0.073012,0.10343,1.4002
-0.072416,0.088154,1.387
-0.072054,0.06799,1.3833
-0.071418,0.053147,1.3687
-0.071234,0.033523,1.3655
-0.070622,0.019139,1.3516
-0.070341,-0.00022764,1.3476
-0.069756,-0.014097,1.336
-0.069399,-0.033082,1.3289
-0.068713,-0.046412,1.3155
-0.068388,-0.065064,1.3116
-0.067775,-0.077987,1.3002
-0.06741,-0.096069,1.2936
-0.066892,-0.10872,1.2826
-0.066647,-0.1265,1.2784
-0.066188,-0.13872,1.2682
-0.06587,-0.15627,1.2638
-0.065416,-0.16859,1.2543
-0.065126,-0.18549,1.2475
-0.064692,-0.19699,1.2395
-0.064418,-0.21375,1.2331
-0.063928,-0.22492,1.226
-0.063654,-0.24157,1.2207
-0.063072,-0.25228,1.2111
-0.062806,-0.2682,1.2057
-0.062264,-0.27891,1.1959
-0.061958,-0.29463,1.1904
-0.061515,-0.30473,1.1808
-0.06118,-0.32027,1.1756
-0.060831,-0.33026,1.1688
-0.06058,-0.34573,1.1643
-0.061012,-0.36059,1.1744
-0.06804,-0.42082,1.3052
-0.072829,-0.46723,1.4057
-0.073268,-0.48944,1.4106
-0.073359,-0.50377,1.4095
-0.076654,-0.5466,1.474
-0.082416,-0.60802,1.582
-0.081982,-0.62789,1.5743
-0.11536,0.68934,1.7964
-0.11543,0.66633,1.801
-0.11585,0.64985,1.8069
-0.11602,0.6251,1.8103
-0.11642,0.60828,1.816
-0.11683,0.58433,1.8236
-0.11712,0.56784,1.8303
-0.11709,0.54226,1.8317
-0.11738,0.52335,1.834
-0.11768,0.49783,1.837
-0.11777,0.47904,1.8384
-0.11816,0.45331,1.8407
-0.11804,0.43474,1.8411
-0.11821,0.40947,1.8451
-0.1182,0.38999,1.8457
-0.11834,0.36371,1.8457
-0.11846,0.34482,1.8475
-0.11859,0.31859,1.85
-0.1186,0.29989,1.8475
-0.11855,0.27298,1.8495
-0.10014,0.21381,1.5559
-0.093101,0.17813,1.4476
-0.09203,0.16148,1.4306
-0.091272,0.14017,1.4204
-0.090632,0.12422,1.4075
-0.089974,0.10346,1.402
-0.089312,0.088187,1.3874
-0.08883,0.06796,1.383
-0.088198,0.053102,1.3703
-0.087748,0.033493,1.3647
-0.086974,0.019135,1.3543
-0.086629,-0.00023189,1.3486
-0.085979,-0.014088,1.3383
-0.085507,-0.033101,1.331
-0.084662,-0.046485,1.3165
-0.084246,-0.065039,1.313
-0.083485,-0.077946,1.2998
-0.083334,-0.096107,1.2927
-0.082509,-0.10864,1.2823
-0.082122,-0.12654,1.278
-0.081561,-0.13865,1.2704
-0.081278,-0.15643,1.2646
-0.080611,-0.16854,1.2542
-0.080362,-0.1855,1.2469
-0.079744,-0.19696,1.2409
-0.079387,-0.21388,1.2353
-0.078743,-0.22521,1.2255
-0.078449,-0.24147,1.2207
-0.077743,-0.25256,1.2109
-0.077444,-0.26827,1.2061
-0.076833,-0.27891,1.196
-0.076442,-0.29476,1.1898
-0.075853,-0.30502,1.1827
-0.075386,-0.32024,1.1753
-0.075035,-0.33029,1.1685
-0.074732,-0.34577,1.164
-0.075229,-0.36066,1.1737
-0.084045,-0.42154,1.3075
-0.089997,-0.46886,1.4084
-0.090587,-0.48912,1.4103
-0.090668,-0.50465,1.4158
-0.09462,-0.54936,1.4776
-0.10202,-0.6082,1.5894
-0.1015,-0.62808,1.5817
-0.13812,0.69696,1.8136
-0.13822,0.67236,1.8174
-0.13871,0.6554,1.8234
-0.13871,0.62749,1.8187
-0.13896,0.6106,1.8244
-0.13903,0.58545,1.8271
-0.13939,0.56823,1.8345
-0.13979,0.5438,1.8369
-0.13984,0.5243,1.8354
-0.13997,0.49857,1.8393
-0.14019,0.47966,1.8399
-0.14042,0.45389,1.8434
-0.14056,0.43493,1.8436
-0.14083,0.40969,1.8489
-0.14085,0.39086,1.8481
-0.14089,0.36484,1.8493
-0.14088,0.34524,1.8485
-0.14112,0.31895,1.8524
-0.1411,0.30028,1.8515
-0.14095,0.2738,1.8496
-0.1199,0.21595,1.5678
-0.11074,0.17864,1.4509
-0.10942,0.16149,1.4319
-0.10871,0.14008,1.4203
-0.10763,0.12439,1.4089
-0.10729,0.10369,1.4043
-0.10616,0.088244,1.3896
-0.10571,0.068042,1.3846
-0.10473,0.053157,1.372
-0.10422,0.033468,1.3653
-0.10361,0.01917,1.3561
-0.10308,-0.00023705,1.3496
-0.10222,-0.014107,1.3386
-0.10184,-0.033162,1.3312
-0.1007,-0.046496,1.32
-0.10028,-0.065034,1.3143
-0.099379,-0.077918,1.2988
-0.098956,-0.096048,1.2968
-0.097978,-0.10866,1.2847
-0.097643,-0.12649,1.2791
-0.097009,-0.13901,1.2702
-0.096633,-0.15642,1.2654
-0.095894,-0.16839,1.2549
-0.095482,-0.18535,1.2494
-0.094769,-0.19715,1.2407
-0.094358,-0.21385,1.2348
-0.09374,-0.22516,1.2258
-0.093177,-0.24147,1.2195
-0.09252,-0.25235,1.2104
-0.092003,-0.26845,1.2055
-0.091438,-0.27912,1.1974
-0.09087,-0.29451,1.1911
-0.090245,-0.30502,1.1822
-0.08968,-0.32047,1.1749
-0.089227,-0.33069,1.17
-0.08887,-0.34619,1.1656
-0.08946,-0.36064,1.1728
-0.1001,-0.42168,1.3119
-0.10723,-0.46881,1.4116
-0.1081,-0.48939,1.4126
-0.10792,-0.5057,1.4169
-0.11256,-0.55046,1.4773
-0.12202,-0.60913,1.6017
-0.1214,-0.62904,1.594
-0.16068,0.70069,1.822
-0.16079,0.67373,1.8273
-0.16082,0.65683,1.8333
-0.16142,0.63158,1.8316
-0.16118,0.61272,1.8307
-0.16154,0.58803,1.8333
-0.1618,0.56846,1.8378
-0.16217,0.54348,1.8404
-0.16229,0.52557,1.8395
-0.16245,0.49879,1.844
-0.16251,0.47998,1.8423
-0.16292,0.45463,1.8463
-0.16298,0.436,1.846
-0.16347,0.41033,1.8482
-0.1634,0.39117,1.8515
-0.16362,0.3653,1.8522
-0.16361,0.34584,1.8511
-0.16356,0.31952,1.8523
-0.16366,0.30036,1.8538
-0.16371,0.27411,1.8537
-0.13993,0.2175,1.5816
-0.12825,0.17887,1.4504
-0.12683,0.16164,1.4325
-0.12598,0.1404,1.4229
-0.12467,0.12427,1.4097
-0.12422,0.10378,1.4034
-0.12297,0.088235,1.3889
-0.12239,0.068014,1.3855
-0.12124,0.053305,1.3723
-0.12098,0.033489,1.3678
-0.11997,0.019146,1.3566
-0.11943,-0.00024374,1.3484
-0.11836,-0.014125,1.3389
-0.11787,-0.033151,1.3322
-0.11685,-0.046546,1.3205
-0.11629,-0.065169,1.3131
-0.11539,-0.078088,1.3025
-0.11463,-0.096176,1.296
-0.1136,-0.10873,1.2852
-0.11317,-0.12656,1.2798
-0.11253,-0.13897,1.2696
-0.11196,-0.15665,1.2662
-0.11112,-0.16833,1.2552
-0.11062,-0.18542,1.2494
-0.10974,-0.19696,1.2412
-0.10935,-0.21387,1.2349
-0.10867,-0.22528,1.2263
-0.10788,-0.24163,1.2192
-0.1073,-0.25257,1.2121
-0.10663,-0.26869,1.2044
-0.10587,-0.27917,1.1973
-0.10532,-0.2948,1.1921
-0.10462,-0.30479,1.1828
-0.10395,-0.32034,1.1767
-0.10336,-0.33058,1.1691
-0.10295,-0.34608,1.1647
-0.10359,-0.36031,1.1735
-0.11672,-0.42574,1.3222
-0.12418,-0.4693,1.4108
-0.12521,-0.48947,1.4147
-0.12512,-0.50542,1.4164
-0.13043,-0.55,1.483
-0.14135,-0.60985,1.6008
-0.14064,-0.62979,1.5931
-0.18295,0.703,1.8288
-0.18362,0.6771,1.8297
-0.18364,0.6571,1.8324
-0.18358,0.63306,1.8396
-0.18349,0.61278,1.8312
-0.18393,0.58841,1.8363
-0.18422,0.57022,1.8417
-0.1845,0.54359,1.8404
-0.18476,0.52519,1.8432
-0.18505,0.50014,1.8436
-0.18495,0.48036,1.8423
-0.18536,0.45509,1.8483
-0.18553,0.43622,1.8486
-0.18612,0.41063,1.8518
-0.18609,0.3921,1.8519
-0.1862,0.36575,1.8551
-0.18623,0.34654,1.8553
-0.18637,0.3201,1.8555
-0.18649,0.30111,1.8551
-0.1863,0.27414,1.8538
-0.16099,0.21943,1.5951
-0.14602,0.1788,1.4547
-0.14408,0.16185,1.4336
-0.14308,0.14027,1.4217
-0.14217,0.12461,1.4088
-0.14124,0.10385,1.4032
-0.14007,0.088312,1.3925
-0.13919,0.068044,1.3857
-0.13779,0.053275,1.3732
-0.13738,0.033463,1.3665
-0.13629,0.019192,1.3572
-0.13578,-0.00025088,1.3503
-0.13449,-0.014119,1.3374
-0.13408,-0.033121,1.3316
-0.13277,-0.046566,1.3197
-0.13226,-0.065136,1.3153
-0.13106,-0.078048,1.3018
-0.13049,-0.096176,1.2947
-0.12944,-0.10881,1.2844
-0.12877,-0.12676,1.2796
-0.12783,-0.13905,1.2722
-0.1273,-0.1566,1.2654
-0.12627,-0.16845,1.2544
-0.1258,-0.18568,1.2504
-0.12481,-0.19676,1.2408
-0.12421,-0.214,1.2342
-0.12346,-0.22533,1.2278
-0.12291,-0.24138,1.2214
-0.12187,-0.25251,1.2125
-0.12118,-0.26839,1.2057
-0.12047,-0.27925,1.198
-0.11966,-0.29482,1.1911
-0.119,-0.30508,1.1834
-0.11825,-0.32023,1.1757
-0.11767,-0.33046,1.1702
-0.11721,-0.34595,1.1657
-0.11801,-0.36097,1.1751
-0.1333,-0.42767,1.3286
-0.1417,-0.46959,1.4123
-0.14227,-0.48969,1.4132
-0.14264,-0.50508,1.416
-0.14866,-0.55167,1.4823
-0.16167,-0.61258,1.6038
-0.16086,-0.63262,1.596
-0.20604,0.7027,1.834
-0.20582,0.67739,1.8345
-0.20577,0.6584,1.835
-0.20636,0.63305,1.8384
-0.20558,0.6135,1.8336
-0.20611,0.58861,1.8367
-0.2065,0.5704,1.8421
-0.20683,0.54525,1.8425
-0.2071,0.52538,1.8441
-0.20752,0.49992,1.848
-0.20721,0.48108,1.8461
-0.20774,0.45531,1.8486
-0.20797,0.43643,1.8495
-0.20846,0.41097,1.8533
-0.20878,0.39198,1.8559
-0.20897,0.36632,1.8584
-0.20874,0.34636,1.8563
-0.20904,0.32052,1.8583
-0.20925,0.301,1.859
-0.20916,0.27449,1.8568
-0.18221,0.22282,1.6165
-0.16383,0.17881,1.4533
-0.16139,0.16169,1.4327
-0.16027,0.14051,1.4239
-0.15924,0.1246,1.414
-0.15851,0.10374,1.405
-0.15687,0.088468,1.3926
-0.15592,0.068185,1.3841
-0.15488,0.053229,1.3725
-0.15378,0.033459,1.3668
-0.15288,0.019198,1.3567
-0.15211,-0.00025871,1.3487
-0.15083,-0.014124,1.3364
-0.15041,-0.033193,1.3306
-0.14869,-0.046573,1.3194
-0.14822,-0.065174,1.3146
-0.14689,-0.078185,1.3051
-0.14636,-0.096277,1.2952
-0.14502,-0.1089,1.2857
-0.14439,-0.12673,1.2805
-0.14331,-0.13888,1.2706
-0.14262,-0.15647,1.266
-0.14144,-0.16852,1.2537
-0.14081,-0.18565,1.2495
-0.1397,-0.1971,1.2415
-0.13925,-0.21374,1.2336
-0.13824,-0.2251,1.2264
-0.13761,-0.24169,1.2203
-0.13638,-0.25265,1.2121
-0.13584,-0.26856,1.2046
-0.13488,-0.27919,1.1977
-0.13418,-0.29492,1.1909
-0.13331,-0.30472,1.1845
-0.13258,-0.32022,1.1773
-0.13195,-0.33046,1.1701
-0.13144,-0.34595,1.1657
-0.13219,-0.36098,1.1769
-0.14981,-0.42797,1.3281
-0.1587,-0.4701,1.4107
-0.15926,-0.49135,1.4121
-0.15987,-0.50664,1.4175
-0.16741,-0.55193,1.4816
-0.18099,-0.61703,1.6085
-0.18009,-0.63722,1.6008
-0.22741,0.70354,1.8345
-0.22808,0.67738,1.8402
-0.22865,0.65852,1.8382
-0.22858,0.63325,1.8408
-0.22819,0.61278,1.8344
-0.22834,0.58899,1.8389
-0.22913,0.57165,1.8442
-0.22962,0.54506,1.8441
-0.22944,0.5263,1.8425
-0.22998,0.50054,1.848
-0.22978,0.48116,1.848
-0.23048,0.45584,1.8527
-0.23057,0.43716,1.8493
-0.23095,0.41144,1.8544
-0.23128,0.39215,1.8556
-0.23175,0.36658,1.8598
-0.23144,0.34688,1.8609
-0.23151,0.32078,1.8588
-0.23175,0.30142,1.8604
-0.23194,0.27451,1.8577
-0.20516,0.22606,1.6403
-0.18129,0.17877,1.4513
-0.17867,0.1618,1.4351
-0.17769,0.14053,1.4242
-0.1761,0.12443,1.4129
-0.17539,0.10368,1.4045
-0.17369,0.088385,1.3922
-0.17288,0.068144,1.3852
-0.17133,0.05328,1.3736
-0.17071,0.033475,1.3673
-0.16931,0.019161,1.3548
-0.16845,-0.00026781,1.3485
-0.16696,-0.014153,1.3371
-0.16646,-0.033166,1.3332
-0.16458,-0.046566,1.3207
-0.16408,-0.065119,1.3128
-0.16287,-0.078161,1.3033
-0.16185,-0.096291,1.296
-0.16074,-0.10898,1.2854
-0.15995,-0.12668,1.2807
-0.1586,-0.13914,1.2692
-0.15785,-0.15643,1.2656
-0.15677,-0.16841,1.2556
-0.15593,-0.18544,1.2484
-0.15515,-0.19697,1.2422
-0.15401,-0.21381,1.2362
-0.15319,-0.22517,1.2267
-0.15232,-0.24168,1.2212
-0.15128,-0.25254,1.2106
-0.15025,-0.26843,1.206
-0.14951,-0.27939,1.1975
-0.14869,-0.29477,1.1911
-0.14778,-0.30518,1.1842
-0.14672,-0.31992,1.1763
-0.14596,-0.33046,1.1689
-0.14559,-0.34595,1.1645
-0.1468,-0.36123,1.1761
-0.16601,-0.42873,1.3286
-0.17637,-0.47238,1.4089
-0.17713,-0.49221,1.4201
-0.17757,-0.50643,1.4207
-0.18648,-0.55394,1.4937
-0.20053,-0.6177,1.6149
-0.19954,-0.63792,1.6072
-0.25145,0.70525,1.8382
-0.2504,0.67889,1.8391
-0.2507,0.6601,1.8391
-0.25044,0.63294,1.8437
-0.25074,0.61382,1.8338
-0.25136,0.58835,1.8382
-0.25187,0.57102,1.8432
-0.25211,0.54547,1.847
-0.25204,0.52643,1.8465
-0.25258,0.50111,1.8492
-0.25262,0.48193,1.85
-0.25302,0.45589,1.8515
-0.25315,0.43683,1.8536
-0.25378,0.41146,1.8582
-0.25362,0.39306,1.8561
-0.2541,0.36615,1.8585
-0.25439,0.34747,1.8618
-0.25435,0.32098,1.8629
-0.25462,0.30201,1.8642
-0.25442,0.27545,1.8616
-0.22761,0.22868,1.6688
-0.19927,0.17926,1.4544
-0.19623,0.16188,1.4336
-0.19532,0.14034,1.4251
-0.19328,0.12447,1.4151
-0.19235,0.10383,1.4034
-0.19075,0.088402,1.3952
-0.18971,0.068081,1.3842
-0.18805,0.053234,1.3764
-0.18726,0.033472,1.3652
-0.18562,0.01912,1.3566
-0.18509,-0.00027796,1.3518
-0.18321,-0.014157,1.3386
-0.18252,-0.033151,1.3322
-0.18074,-0.046582,1.319
-0.17974,-0.065169,1.3125
-0.17849,-0.078118,1.3036
-0.17736,-0.096361,1.2984
-0.17618,-0.10882,1.2858
-0.17525,-0.12667,1.2797
-0.17429,-0.13917,1.2719
-0.17318,-0.1566,1.2636
-0.17207,-0.1683,1.2555
-0.17133,-0.18537,1.2499
-0.17015,-0.1972,1.2417
-0.16935,-0.21388,1.2354
-0.16788,-0.22507,1.2278
-0.1669,-0.24144,1.2202
-0.16578,-0.25266,1.2096
-0.16482,-0.26875,1.2049
-0.16412,-0.27904,1.1977
-0.16315,-0.29459,1.1905
-0.16201,-0.30509,1.183
-0.1613,-0.32029,1.1767
-0.16022,-0.33043,1.1706
-0.15961,-0.34593,1.1662
-0.16118,-0.36187,1.1757
-0.18262,-0.42869,1.3276
-0.19424,-0.47279,1.4215
-0.19506,-0.49251,1.4219
-0.1952,-0.50848,1.4221
-0.20452,-0.5566,1.4989
-0.22144,-0.61885,1.614
-0.22035,-0.63942,1.6063
-0.27328,0.70481,1.8363
-0.27339,0.68009,1.8386
-0.27283,0.65946,1.84
-0.27363,0.63305,1.8422
-0.27287,0.61475,1.8385
-0.27371,0.58913,1.8386
-0.27403,0.57128,1.842
-0.27486,0.54654,1.8469
-0.27485,0.52697,1.8467
-0.27495,0.50172,1.8524
-0.27524,0.4824,1.8524
-0.27574,0.45678,1.8532
-0.27628,0.43786,1.8567
-0.27676,0.41177,1.8588
-0.27659,0.39284,1.8607
-0.27711,0.3673,1.8658
-0.27695,0.34795,1.8642
-0.27736,0.32125,1.8641
-0.27782,0.30247,1.8657
-0.27749,0.27567,1.865
-0.25013,0.23133,1.6777
-0.21699,0.17924,1.4565
-0.2137,0.1621,1.437
-0.21228,0.14053,1.4264
-0.21131,0.12475,1.4172
-0.20943,0.10388,1.4046
-0.20755,0.088293,1.393
-0.2066,0.068045,1.3856
-0.20471,0.05318,1.3746
-0.20347,0.033405,1.3629
-0.20222,0.019107,1.357
-0.20122,-0.00028854,1.3502
-0.19929,-0.014175,1.3377
-0.19854,-0.033157,1.331
-0.19642,-0.046556,1.318
-0.19565,-0.065241,1.3128
-0.19449,-0.078256,1.3037
-0.19349,-0.09644,1.2975
-0.19164,-0.10899,1.2847
-0.19042,-0.12677,1.2807
-0.18973,-0.13907,1.2709
-0.18841,-0.15663,1.2669
-0.18741,-0.16841,1.2569
-0.18627,-0.18546,1.2496
-0.18506,-0.19707,1.2404
-0.18435,-0.21408,1.2344
-0.18266,-0.22519,1.2273
-0.18177,-0.24138,1.2211
-0.18076,-0.25238,1.2125
-0.17957,-0.26848,1.203
-0.17865,-0.27916,1.1961
-0.17735,-0.29426,1.1911
-0.17628,-0.30473,1.1827
-0.17531,-0.32012,1.1763
-0.17428,-0.33058,1.1703
-0.17361,-0.34609,1.1659
-0.17532,-0.36236,1.1803
-0.19863,-0.4288,1.33
-0.21251,-0.47241,1.4213
-0.21247,-0.49338,1.4219
-0.21292,-0.50884,1.4273
-0.22398,-0.55702,1.5017
-0.24108,-0.61821,1.6202
-0.23991,-0.63816,1.6125
-0.29418,0.70694,1.8399
-0.29558,0.67946,1.8397
-0.29511,0.66085,1.8395
-0.29541,0.63459,1.8393
-0.29542,0.6137,1.8356
-0.29585,0.58939,1.8427
-0.29672,0.57202,1.844
-0.29695,0.54613,1.846
-0.29714,0.52689,1.8488
-0.29781,0.5016,1.8552
-0.29767,0.48342,1.854
-0.29843,0.45799,1.8591
-0.29891,0.43782,1.86
-0.29973,0.41257,1.8598
-0.29942,0.39347,1.8605
-0.29989,0.36765,1.8648
-0.29997,0.3483,1.868
-0.30045,0.32192,1.8664
-0.30055,0.30258,1.8657
-0.30054,0.27586,1.8663
-0.27494,0.2335,1.6972
-0.23494,0.17959,1.4573
-0.23147,0.16183,1.4369
-0.23004,0.14034,1.4293
-0.22816,0.12469,1.415
-0.22606,0.10391,1.4093
-0.2247,0.088448,1.3934
-0.22348,0.068051,1.3847
-0.22133,0.053231,1.3756
-0.21966,0.033362,1.3621
-0.21826,0.019109,1.3546
-0.21743,-0.00029981,1.348
-0.21578,-0.01417,1.3397
-0.21461,-0.033128,1.3308
-0.21217,-0.046519,1.3187
-0.21145,-0.065132,1.3122
-0.21027,-0.078145,1.3027
-0.20906,-0.096454,1.2964
-0.2076,-0.10911,1.2831
-0.20635,-0.12688,1.2796
-0.20491,-0.13909,1.2695
-0.20382,-0.15662,1.2655
-0.20262,-0.1685,1.256
-0.2014,-0.18569,1.2514
-0.20017,-0.19713,1.2384
-0.19908,-0.21379,1.2343
-0.19803,-0.22515,1.2268
-0.19642,-0.24132,1.2197
-0.19516,-0.25263,1.212
-0.19429,-0.2685,1.205
-0.19289,-0.27905,1.1971
-0.19156,-0.29466,1.19
-0.1908,-0.30513,1.183
-0.18955,-0.31987,1.1753
-0.18844,-0.33088,1.1693
-0.18772,-0.34641,1.1649
-0.19003,-0.36348,1.18
-0.21524,-0.42933,1.3351
-0.22977,-0.47277,1.4204
-0.2297,-0.49425,1.4258
-0.23029,-0.5088,1.43
-0.24391,-0.56074,1.512
-0.26228,-0.62159,1.6225
-0.26105,-0.64197,1.6166
-0.3187,0.70612,1.8374
-0.31729,0.67879,1.8395
-0.31778,0.66092,1.838
-0.31813,0.63502,1.8398
-0.31787,0.6138,1.8368
-0.31844,0.58932,1.8407
-0.31874,0.57195,1.8455
-0.31974,0.5469,1.8526
-0.31959,0.52806,1.8497
-0.32054,0.50243,1.8528
-0.32063,0.48316,1.8552
-0.32124,0.45796,1.8577
-0.32133,0.43938,1.861
-0.32193,0.41232,1.8632
-0.32239,0.39367,1.866
-0.32266,0.36806,1.8676
-0.32283,0.34889,1.8683
-0.32365,0.32243,1.8708
-0.3237,0.30274,1.8687
-0.32322,0.27592,1.866
-0.29856,0.23658,1.7295
-0.25299,0.18015,1.4657
-0.24925,0.16177,1.4368
-0.24768,0.14076,1.4288
-0.24507,0.12472,1.415
-0.24352,0.10396,1.4078
-0.24184,0.088581,1.3918
-0.2398,0.068013,1.3827
-0.23813,0.053127,1.3731
-0.23624,0.033353,1.364
-0.23481,0.019078,1.3542
-0.2335,-0.00031253,1.3463
-0.23182,-0.014154,1.337
-0.23051,-0.033169,1.3288
-0.22831,-0.046548,1.3179
-0.22732,-0.065055,1.3104
-0.22562,-0.078071,1.3007
-0.22457,-0.096344,1.2945
-0.22298,-0.10893,1.286
-0.222,-0.12668,1.2789
-0.22005,-0.13906,1.2714
-0.21932,-0.1567,1.2646
-0.21768,-0.16865,1.2578
-0.21696,-0.18537,1.2493
-0.21525,-0.19716,1.2418
-0.21411,-0.21376,1.2327
-0.21263,-0.2254,1.2263
-0.21148,-0.24129,1.221
-0.20987,-0.25234,1.2099
-0.20875,-0.2684,1.2047
-0.20714,-0.27873,1.1961
-0.20616,-0.29435,1.1902
-0.20477,-0.30497,1.1833
-0.20365,-0.32027,1.1756
-0.20267,-0.33062,1.1698
-0.20191,-0.34633,1.1654
-0.20458,-0.36335,1.1802
-0.23157,-0.42926,1.3331
-0.24661,-0.47307,1.4235
-0.24797,-0.49389,1.427
-0.24858,-0.51131,1.4347
-0.26523,-0.56712,1.5297
-0.28157,-0.62378,1.6215
-0.28018,-0.64423,1.612
-0.34041,0.70392,1.84
-0.34,0.67928,1.8386
-0.33938,0.65998,1.8355
-0.33982,0.63454,1.8419
-0.33955,0.61434,1.8382
-0.34073,0.58958,1.8408
-0.34144,0.57219,1.8439
-0.34217,0.54724,1.8503
-0.34229,0.52827,1.8522
-0.34352,0.50324,1.8574
-0.34381,0.4838,1.8573
-0.3444,0.45827,1.8598
-0.3448,0.43966,1.8586
-0.34554,0.41401,1.8632
-0.34508,0.39501,1.8633
-0.34606,0.36805,1.8683
-0.3457,0.34913,1.8683
-0.34617,0.3229,1.8718
-0.34614,0.30304,1.871
-0.34679,0.27602,1.8688
-0.324,0.23851,1.75
-0.27188,0.18067,1.4668
-0.2667,0.16193,1.4409
-0.26492,0.14075,1.4268
-0.26246,0.12475,1.4191
-0.26097,0.10385,1.4065
-0.25891,0.088486,1.394
-0.25665,0.067931,1.3834
-0.2544,0.053204,1.3715
-0.25268,0.033369,1.3642
-0.25087,0.019044,1.3552
-0.24953,-0.00032567,1.3449
-0.2477,-0.014166,1.3348
-0.24609,-0.033133,1.3275
-0.24418,-0.04649,1.3152
-0.24291,-0.064993,1.3082
-0.24102,-0.077987,1.3017
-0.24024,-0.096419,1.2965
-0.23863,-0.10903,1.2875
-0.23734,-0.12667,1.2806
-0.23545,-0.1392,1.2701
-0.23447,-0.1567,1.2644
-0.23309,-0.16858,1.2565
-0.23173,-0.18589,1.2502
-0.23006,-0.1971,1.2405
-0.22928,-0.21382,1.2362
-0.2274,-0.22495,1.2244
-0.22606,-0.24142,1.2202
-0.22456,-0.25223,1.2086
-0.22306,-0.26841,1.2039
-0.22179,-0.27868,1.1971
-0.2202,-0.29424,1.1887
-0.21905,-0.30485,1.1816
-0.21789,-0.31987,1.1741
-0.21679,-0.33016,1.1696
-0.21598,-0.34566,1.1653
-0.22003,-0.36485,1.1875
-0.24723,-0.42843,1.3325
-0.26442,-0.47263,1.4224
-0.26505,-0.49369,1.429
-0.26617,-0.51419,1.4345
-0.28519,-0.57437,1.5394
-0.30354,-0.62372,1.6288
-0.30209,-0.64419,1.6212
-0.36242,0.70357,1.8367
-0.36258,0.67846,1.8374
-0.36272,0.66089,1.8384
-0.36172,0.63348,1.8398
-0.36237,0.61316,1.8379
-0.36314,0.58931,1.8418
-0.36349,0.5717,1.8451
-0.36469,0.54803,1.85
-0.36515,0.52839,1.8529
-0.36589,0.50285,1.857
-0.36619,0.48374,1.8572
-0.36721,0.45803,1.8622
-0.36741,0.43912,1.8601
-0.36773,0.41368,1.865
-0.36818,0.39504,1.8641
-0.36916,0.36897,1.8695
-0.36917,0.34919,1.873
-0.36924,0.32267,1.8741
-0.36903,0.30358,1.8718
-0.36874,0.27626,1.8708
-0.3492,0.2429,1.7708
-0.29057,0.18135,1.467
-0.28361,0.16209,1.4385
-0.28231,0.14061,1.4278
-0.27954,0.12468,1.4182
-0.2786,0.10367,1.4066
-0.2757,0.088363,1.3958
-0.27307,0.068023,1.3824
-0.27048,0.053164,1.3707
-0.26934,0.033306,1.3613
-0.26757,0.019002,1.3525
-0.2655,-0.00033975,1.345
-0.26348,-0.014197,1.3364
-0.26193,-0.033088,1.3281
-0.25961,-0.046502,1.3171
-0.25847,-0.064872,1.308
-0.25684,-0.078034,1.3007
-0.25539,-0.096284,1.2943
-0.25412,-0.10898,1.2865
-0.2525,-0.12662,1.2809
-0.25104,-0.1391,1.2729
-0.24957,-0.15639,1.2639
-0.24793,-0.1687,1.2568
-0.24701,-0.18574,1.2487
-0.24537,-0.19736,1.2414
-0.24375,-0.21388,1.2344
-0.24192,-0.2252,1.2259
-0.24086,-0.24127,1.2183
-0.23892,-0.25197,1.2121
-0.23744,-0.26785,1.2018
-0.23643,-0.27882,1.195
-0.23501,-0.29428,1.1883
-0.23353,-0.30457,1.1819
-0.23207,-0.31975,1.1734
-0.23059,-0.33015,1.168
-0.23024,-0.34565,1.1637
-0.23476,-0.36583,1.189
-0.26322,-0.42848,1.332
-0.2803,-0.46967,1.4154
-0.28181,-0.4927,1.4261
-0.28477,-0.51419,1.4427
-0.30729,-0.57848,1.5542
-0.32291,-0.62283,1.6296
-0.32138,-0.64328,1.6219
-0.38402,0.70251,1.834
-0.38401,0.67713,1.8336
-0.38429,0.66018,1.839
-0.38579,0.63413,1.842
-0.38431,0.61362,1.8381
-0.38593,0.58972,1.8431
-0.38611,0.57231,1.8484
-0.38696,0.54759,1.8516
-0.38728,0.52908,1.853
-0.38861,0.50282,1.8618
-0.38911,0.48439,1.86
-0.39019,0.45873,1.863
-0.38977,0.43945,1.8634
-0.39044,0.41355,1.8683
-0.3911,0.395,1.8682
-0.39137,0.36905,1.8722
-0.39189,0.34976,1.8722
-0.39236,0.32316,1.8764
-0.39224,0.30362,1.875
-0.39202,0.2767,1.8691
-0.37684,0.24612,1.7997
-0.30922,0.18237,1.4805
-0.3019,0.16215,1.4404
-0.29979,0.14109,1.4294
-0.29755,0.12482,1.4151
-0.29515,0.1036,1.4076
-0.29259,0.088487,1.3934
-0.29033,0.067847,1.3841
-0.28727,0.053213,1.3727
-0.28526,0.033245,1.3624
-0.28359,0.019003,1.3533
-0.28191,-0.00035533,1.3468
-0.28004,-0.014195,1.3345
-0.27771,-0.033105,1.3272
-0.27559,-0.046515,1.317
-0.27441,-0.064965,1.309
-0.27241,-0.078051,1.3028
-0.27137,-0.096125,1.2963
-0.2693,-0.10877,1.2877
-0.26834,-0.12676,1.2817
-0.26646,-0.13891,1.2699
-0.26526,-0.15623,1.2653
-0.26325,-0.16838,1.2561
-0.26184,-0.18581,1.2514
-0.25995,-0.1974,1.243
-0.2588,-0.21354,1.2357
-0.25708,-0.22508,1.2256
-0.2553,-0.24113,1.2187
-0.25417,-0.25216,1.2109
-0.25213,-0.26765,1.2027
-0.25072,-0.27873,1.1959
-0.24922,-0.29396,1.1866
-0.24765,-0.30468,1.1824
-0.24642,-0.31937,1.1741
-0.24487,-0.3298,1.1667
-0.24396,-0.34529,1.1635
-0.2503,-0.36694,1.1929
-0.28041,-0.43069,1.336
-0.29552,-0.46759,1.4094
-0.2971,-0.49023,1.4184
-0.30314,-0.51695,1.4414
-0.3297,-0.58477,1.5674
-0.34235,-0.62603,1.6352
-0.34073,-0.64659,1.6334
-0.3963,0.68647,1.7967
-0.40532,0.67547,1.8296
-0.40585,0.65905,1.8354
-0.40741,0.63521,1.8429
-0.40664,0.61556,1.8399
-0.40764,0.58898,1.8414
-0.40858,0.57133,1.8466
-0.41001,0.54708,1.8576
-0.4095,0.52904,1.8552
-0.41108,0.50317,1.8591
-0.41151,0.48371,1.862
-0.4129,0.45869,1.8675
-0.41317,0.44039,1.866
-0.41423,0.41414,1.8713
-0.414,0.39513,1.8712
-0.41468,0.36914,1.8751
-0.41439,0.34968,1.8738
-0.4152,0.32323,1.8755
-0.4149,0.30384,1.8733
-0.41478,0.27671,1.8721
-0.40456,0.25048,1.8212
-0.33132,0.18336,1.4953
-0.32141,0.16325,1.4463
-0.31775,0.1411,1.4358
-0.31509,0.12526,1.4184
-0.31173,0.104,1.4119
-0.30962,0.088518,1.3983
-0.30797,0.068064,1.3901
-0.30428,0.053281,1.3733
-0.30247,0.033363,1.3655
-0.3005,0.019044,1.3584
-0.29829,-0.00037205,1.3469
-0.2957,-0.014199,1.3366
-0.29479,-0.033166,1.3268
-0.29231,-0.046466,1.3176
-0.29029,-0.065008,1.3129
-0.28895,-0.078113,1.3032
-0.28709,-0.096182,1.296
-0.28476,-0.10886,1.2871
-0.2837,-0.12667,1.2792
-0.28197,-0.13903,1.2731
-0.2806,-0.15641,1.2645
-0.2788,-0.16834,1.2571
-0.27665,-0.18552,1.25
-0.27495,-0.19708,1.241
-0.27325,-0.21393,1.2354
-0.27193,-0.22468,1.2236
-0.27003,-0.24137,1.2175
-0.2686,-0.25227,1.2082
-0.26741,-0.26811,1.204
-0.26548,-0.27868,1.1961
-0.26354,-0.29419,1.1888
-0.26213,-0.30458,1.181
-0.26035,-0.31932,1.1739
-0.25888,-0.32961,1.167
-0.25793,-0.3451,1.1627
-0.26567,-0.36905,1.1981
-0.29685,-0.42971,1.3399
-0.30748,-0.46018,1.3837
-0.31198,-0.48581,1.4034
-0.32127,-0.5187,1.4519
-0.3527,-0.59129,1.5986
-0.36334,-0.62745,1.6375
-0.36164,-0.64808,1.624
-0.3386,0.55938,1.4461
-0.41895,0.66235,1.8007
-0.4269,0.65884,1.831
-0.42879,0.63404,1.8406
-0.42786,0.61413,1.8377
-0.42962,0.59029,1.8432
-0.43036,0.57232,1.8468
-0.43265,0.54776,1.8537
-0.43254,0.52881,1.8581
-0.43441,0.50335,1.8594
-0.43381,0.48489,1.8627
-0.43527,0.45889,1.8687
-0.43577,0.44048,1.8671
-0.43705,0.41438,1.8706
-0.43711,0.39547,1.8731
-0.43779,0.36892,1.8735
-0.43754,0.34952,1.8743
-0.43852,0.32336,1.8768
-0.43914,0.30392,1.8791
-0.4381,0.27719,1.8739
-0.43435,0.25623,1.8601
-0.39058,0.20494,1.665
-0.34892,0.16767,1.4931
-0.33858,0.14235,1.4446
-0.33455,0.12602,1.4334
-0.33181,0.10473,1.4163
-0.32813,0.089194,1.4091
-0.32594,0.068391,1.3946
-0.32269,0.053479,1.3817
-0.32017,0.033469,1.3682
-0.31821,0.019078,1.3595
-0.31491,-0.00039036,1.3477
-0.31285,-0.014262,1.3401
-0.31064,-0.033195,1.3307
-0.30842,-0.046629,1.3215
-0.30649,-0.065052,1.3128
-0.30482,-0.078321,1.3
-0.30289,-0.096288,1.295
-0.30067,-0.10894,1.2881
-0.29892,-0.12666,1.2795
-0.29737,-0.13894,1.2711
-0.2956,-0.15646,1.2676
-0.29392,-0.16863,1.2553
-0.2919,-0.18538,1.249
-0.29001,-0.19726,1.2424
-0.28855,-0.21368,1.2341
-0.28681,-0.22487,1.2255
-0.28524,-0.24099,1.2162
-0.28298,-0.25192,1.2071
-0.28137,-0.26774,1.2017
-0.2797,-0.27898,1.1937
-0.2776,-0.2942,1.1878
-0.27589,-0.30441,1.1799
-0.27417,-0.31931,1.1729
-0.27288,-0.32999,1.1671
-0.27189,-0.3455,1.1628
-0.28213,-0.37063,1.2107
-0.31337,-0.42877,1.3367
-0.3235,-0.45908,1.3804
-0.32917,-0.48855,1.4079
-0.34254,-0.52159,1.4639
-0.37862,-0.59936,1.6211
-0.38582,-0.63393,1.6524
-0.38301,-0.65162,1.6422
-0.31025,0.47958,1.2367
-0.35702,0.53966,1.4658
-0.44792,0.65414,1.8217
-0.45003,0.63372,1.8383
-0.44971,0.61522,1.8416
-0.45157,0.59007,1.8438
-0.45228,0.57145,1.8456
-0.45571,0.54738,1.8512
-0.45527,0.52788,1.8543
-0.45678,0.5032,1.8598
-0.45715,0.48507,1.8616
-0.45841,0.45959,1.8674
-0.45767,0.44064,1.8699
-0.45899,0.41498,1.8742
-0.45959,0.3954,1.8728
-0.46056,0.36927,1.8741
-0.46067,0.35034,1.8748
-0.4618,0.32365,1.8763
-0.46147,0.3047,1.8768
-0.46246,0.27847,1.881
-0.46253,0.25927,1.882
-0.45642,0.22931,1.8583
-0.41017,0.18737,1.6624
-0.38579,0.15497,1.5749
-0.36846,0.13137,1.4926
-0.36006,0.10762,1.4637
-0.35212,0.090624,1.4291
-0.34761,0.069378,1.4133
-0.34234,0.053929,1.3914
-0.33862,0.033606,1.3785
-0.33589,0.019178,1.3647
-0.33404,-0.00041057,1.3559
-0.33029,-0.014364,1.344
-0.32807,-0.033344,1.3361
-0.32573,-0.046852,1.3266
-0.32332,-0.065323,1.3172
-0.32123,-0.078397,1.3053
-0.31914,-0.096502,1.2951
-0.31661,-0.10938,1.2875
-0.31479,-0.12665,1.2783
-0.31297,-0.13913,1.2706
-0.31097,-0.15634,1.2644
-0.30938,-0.16874,1.2585
-0.30752,-0.18561,1.2488
-0.30553,-0.19705,1.2414
-0.30311,-0.2137,1.2342
-0.30091,-0.22516,1.2252
-0.29978,-0.24095,1.2173
-0.29818,-0.25226,1.2098
-0.29543,-0.26755,1.2004
-0.29371,-0.27845,1.1928
-0.29215,-0.29363,1.1848
-0.29021,-0.30413,1.1792
-0.28831,-0.31919,1.1728
-0.28689,-0.32971,1.1673
-0.28585,-0.34522,1.163
-0.29764,-0.37234,1.2108
-0.32927,-0.42935,1.3364
-0.34102,-0.45981,1.3781
-0.34653,-0.48816,1.4114
-0.37397,-0.54293,1.5215
-0.41514,-0.62558,1.6889
-0.41041,-0.63872,1.6716
-0.40295,-0.65321,1.6408
-0.33832,0.50004,1.2882
-0.35828,0.51793,1.4014
-0.4437,0.61077,1.7151
-0.47174,0.63086,1.8315
-0.47318,0.61377,1.8369
-0.47526,0.59102,1.844
-0.47505,0.57229,1.8456
-0.47789,0.54815,1.855
-0.47817,0.52826,1.8573
-0.4795,0.50356,1.8575
-0.47991,0.48533,1.862
-0.4813,0.4602,1.8682
-0.48106,0.44054,1.8675
-0.48173,0.41472,1.8728
-0.48239,0.39533,1.8728
-0.48371,0.3691,1.8758
-0.48419,0.35006,1.8785
-0.48476,0.32341,1.8767
-0.48461,0.30443,1.8769
-0.48564,0.27816,1.8819
-0.48611,0.25896,1.8829
-0.48699,0.2324,1.8892
-0.48617,0.21212,1.8848
-0.48689,0.18546,1.8901
-0.48708,0.16586,1.8892
-0.48211,0.13821,1.8711
-0.45581,0.11167,1.7674
-0.43033,0.081944,1.6575
-0.39603,0.059456,1.5368
-0.37974,0.035866,1.4728
-0.3654,0.019853,1.4159
-0.35909,-0.00044063,1.3906
-0.35302,-0.014563,1.3661
-0.34896,-0.033776,1.3519
-0.34463,-0.04717,1.3368
-0.34213,-0.065974,1.3231
-0.33861,-0.078958,1.3144
-0.33578,-0.097034,1.3004
-0.33395,-0.10978,1.2904
-0.33084,-0.12736,1.2823
-0.32883,-0.13964,1.2729
-0.32687,-0.15668,1.2644
-0.32448,-0.1686,1.2587
-0.32268,-0.18569,1.2511
-0.32116,-0.19725,1.2423
-0.318,-0.21338,1.2333
-0.31699,-0.22476,1.2267
-0.31393,-0.24143,1.2183
-0.31202,-0.25198,1.2112
-0.3103,-0.26803,1.2026
-0.30833,-0.27897,1.1946
-0.30588,-0.29354,1.1851
-0.30484,-0.3044,1.1789
-0.30257,-0.3185,1.1721
-0.30085,-0.32914,1.1652
-0.30033,-0.34463,1.1611
-0.31449,-0.37431,1.2167
-0.34461,-0.43,1.3336
-0.35912,-0.46189,1.3833
-0.37326,-0.49964,1.4467
-0.44495,-0.6197,1.726
-0.43852,-0.63386,1.7021
-0.43306,-0.63977,1.6799
-0.42542,-0.65327,1.6449
-0.33309,0.4743,1.253
-0.35489,0.48825,1.3051
-0.39834,0.53063,1.4628
-0.49255,0.62912,1.8249
-0.49406,0.61207,1.8329
-0.4971,0.58988,1.8436
-0.49598,0.57088,1.8441
-0.4992,0.54807,1.8513
-0.50015,0.52973,1.8544
-0.50194,0.50487,1.8618
-0.50235,0.48586,1.8663
-0.50321,0.45937,1.8726
-0.50401,0.4408,1.87
-0.50506,0.41522,1.8746
-0.50499,0.39533,1.8713
-0.50623,0.36945,1.8761
-0.50704,0.35007,1.8791
-0.50712,0.32329,1.8834
-0.50733,0.30417,1.8816
-0.50762,0.27795,1.8821
-0.50834,0.25881,1.884
-0.50895,0.23226,1.8868
-0.5092,0.21288,1.8887
-0.50972,0.18611,1.8908
-0.50998,0.16649,1.8921
-0.51044,0.13952,1.8935
-0.51043,0.11976,1.8922
-0.5107,0.09265,1.8922
-0.5109,0.073098,1.893
-0.51115,0.046231,1.8938
-0.50957,0.026556,1.8908
-0.50047,-0.00061248,1.8584
-0.46212,-0.018264,1.7026
-0.4333,-0.04032,1.6031
-0.40503,-0.053023,1.5064
-0.39494,-0.072633,1.4661
-0.37369,-0.08313,1.3827
-0.36095,-0.099831,1.3399
-0.35256,-0.1108,1.3062
-0.3484,-0.12829,1.2945
-0.34631,-0.14017,1.2781
-0.34271,-0.15739,1.2672
-0.34085,-0.16936,1.2591
-0.33807,-0.18573,1.2527
-0.33634,-0.19805,1.2456
-0.33452,-0.21397,1.236
-0.33139,-0.22502,1.2276
-0.32939,-0.24104,1.2194
-0.32708,-0.25265,1.212
-0.32479,-0.26783,1.2022
-0.3228,-0.27916,1.1955
-0.32075,-0.2938,1.1875
-0.31858,-0.30432,1.1799
-0.31718,-0.31901,1.1721
-0.31517,-0.32892,1.1659
-0.31469,-0.34549,1.1649
-0.32971,-0.37723,1.2222
-0.36119,-0.43168,1.3389
-0.38802,-0.47484,1.435
-0.47635,-0.61167,1.7719
-0.47489,-0.6288,1.7669
-0.47248,-0.65061,1.7588
-0.45321,-0.63937,1.678
-0.44683,-0.65688,1.661
-0.35258,0.48043,1.2535
-0.3669,0.48687,1.3015
-0.35056,0.44125,1.2265
-0.49667,0.60651,1.7564
-0.51834,0.61269,1.8454
-0.51496,0.58549,1.835
-0.51978,0.57348,1.8458
-0.52008,0.54638,1.852
-0.52153,0.52924,1.8491
-0.52291,0.50347,1.8565
-0.52451,0.48531,1.8616
-0.52527,0.4593,1.8695
-0.52765,0.44067,1.8727
-0.52753,0.41443,1.8726
-0.52821,0.39577,1.8728
-0.52746,0.36902,1.8734
-0.53034,0.35091,1.8767
-0.52977,0.32381,1.8803
-0.52981,0.30551,1.8807
-0.53084,0.27785,1.8813
-0.53122,0.25865,1.8864
-0.53202,0.23162,1.8826
-0.5316,0.21267,1.8856
-0.53175,0.18569,1.886
-0.53309,0.16645,1.8964
-0.53355,0.13933,1.8917
-0.53584,0.12,1.8925
-0.53405,0.092818,1.8931
-0.5348,0.073122,1.8987
-0.53595,0.046331,1.8968
-0.53705,0.026625,1.9054
-0.53881,-0.00066432,1.911
-0.54015,-0.020537,1.9162
-0.54206,-0.048158,1.9159
-0.54541,-0.068545,1.93
-0.54503,-0.096176,1.9352
-0.54649,-0.11597,1.9332
-0.53116,-0.14023,1.8881
-0.45034,-0.13543,1.601
-0.41176,-0.14457,1.4543
-0.38557,-0.14979,1.363
-0.37438,-0.1647,1.3284
-0.36436,-0.1737,1.2959
-0.36059,-0.18941,1.274
-0.35573,-0.19987,1.2578
-0.35177,-0.21572,1.2468
-0.34887,-0.22634,1.2359
-0.34602,-0.24239,1.2242
-0.3417,-0.25333,1.2122
-0.34115,-0.26852,1.2051
-0.33854,-0.27948,1.1961
-0.33513,-0.29464,1.188
-0.33337,-0.30456,1.1813
-0.3317,-0.31998,1.1733
-0.32965,-0.32942,1.1658
-0.32785,-0.3445,1.1623
-0.3485,-0.38041,1.2376
-0.38396,-0.43642,1.3592
-0.50421,-0.59179,1.7798
-0.51669,-0.63584,1.8332
-0.50693,-0.63937,1.7945
-0.49229,-0.65322,1.7634
-0.47496,-0.64205,1.6769
-0.46744,-0.65845,1.6658
