0.31681,0.38953,1.0136
0.32502,0.38656,1.0361
0.32802,0.3774,1.0426
0.31962,0.35295,1.0239
0.32808,0.35409,1.057
0.32193,0.33226,1.0294
0.32075,0.31991,1.0228
0.32134,0.30393,1.0248
0.31935,0.28786,1.0153
0.3052,0.2656,0.983
0.30512,0.25215,0.97931
0.29974,0.23601,0.95687
0.29118,0.22113,0.93909
0.29252,0.20678,0.93439
0.28516,0.19445,0.92367
0.30008,0.18906,0.96193
0.30763,0.18173,0.97052
0.2017,0.11234,0.64869
0.19184,0.099401,0.6124
0.19085,0.089911,0.61068
0.1904,0.083952,0.60957
0.19173,0.075576,0.61412
0.19507,0.070328,0.62344
0.19378,0.061051,0.62066
0.20246,0.056612,0.64563
0.21079,0.049917,0.6742
0.19752,0.039859,0.6314
0.19247,0.030269,0.62143
0.19051,0.023635,0.60705
0.1872,0.014634,0.60139
0.18499,0.0082472,0.59307
0.18665,-0.00023088,0.59172
0.18353,-0.0064092,0.59013
0.18404,-0.014817,0.59284
0.18502,-0.020987,0.59119
0.18411,-0.029533,0.58697
0.18496,-0.035444,0.58998
0.18455,-0.04416,0.59394
0.18602,-0.050434,0.59224
0.18828,-0.059734,0.6043
0.19091,-0.067197,0.61292
0.19415,-0.077105,0.62154
0.20786,-0.089464,0.66363
0.21383,-0.10174,0.68508
0.21505,-0.11001,0.68774
0.20402,-0.11388,0.6532
0.19569,-0.11521,0.62717
0.19475,-0.12355,0.62248
0.19496,-0.13001,0.62316
0.1973,-0.14051,0.62914
0.19785,-0.14718,0.63277
0.19706,-0.15707,0.63294
0.19875,-0.1639,0.63498
0.20574,-0.17864,0.66042
0.2805,-0.255,0.89536
0.28368,-0.26991,0.90587
0.29062,-0.28684,0.92625
0.29981,-0.30871,0.95548
0.29386,-0.31182,0.92892
0.29767,-0.33186,0.95246
0.29228,-0.33378,0.93972
0.29555,-0.35207,0.95115
0.29478,-0.3598,0.94314
0.28936,-0.36625,0.91402
0.32119,0.41492,1.077
0.32794,0.40125,1.0855
0.32895,0.39001,1.0888
0.32791,0.37469,1.0827
0.32474,0.3622,1.0859
0.32601,0.34698,1.0902
0.3201,0.33176,1.0685
0.32112,0.31593,1.0711
0.31058,0.29498,1.0307
0.30804,0.27662,1.0263
0.29621,0.26071,0.99312
0.29669,0.24204,0.99005
0.29108,0.23115,0.97386
0.29192,0.21778,0.97665
0.2925,0.20802,0.97858
0.28933,0.18968,0.96509
0.19402,0.12179,0.64935
0.18507,0.10693,0.62028
0.1846,0.099736,0.61649
0.18402,0.090469,0.61272
0.18354,0.084176,0.61238
0.1839,0.075593,0.61341
0.18523,0.06956,0.61686
0.18618,0.060932,0.62072
0.18566,0.054479,0.62201
0.18579,0.045651,0.62266
0.1817,0.03817,0.60729
0.17801,0.029091,0.59293
0.17692,0.022808,0.58938
0.17629,0.014282,0.58606
0.17574,0.0082255,0.58552
0.17576,-0.00021718,0.58359
0.17427,-0.0062764,0.58319
0.17424,-0.014531,0.57984
0.17411,-0.020597,0.57967
0.17402,-0.028899,0.57907
0.17394,-0.034918,0.58095
0.17462,-0.043252,0.58306
0.1745,-0.049473,0.5832
0.17642,-0.05822,0.58464
0.17645,-0.064463,0.58733
0.1777,-0.073229,0.59288
0.18074,-0.081368,0.60356
0.18456,-0.090792,0.61004
0.19189,-0.10203,0.63857
0.19149,-0.111,0.64151
0.18868,-0.11558,0.62924
0.18832,-0.1243,0.6277
0.18998,-0.13124,0.63156
0.19047,-0.14135,0.63438
0.19075,-0.14826,0.63539
0.19204,-0.15814,0.6385
0.19898,-0.1703,0.66253
0.25747,-0.23519,0.86412
0.27851,-0.2623,0.92649
0.2809,-0.27766,0.93167
0.2901,-0.29695,0.96215
0.28903,-0.30964,0.95848
0.28823,-0.32034,0.9593
0.28696,-0.33285,0.9554
0.29165,-0.34684,0.97582
0.29043,-0.35967,0.97164
0.29304,-0.37289,0.96898
0.29644,-0.38902,0.98107
0.32645,0.43465,1.1364
0.32788,0.42034,1.1414
0.32976,0.40633,1.1319
0.32421,0.39017,1.1254
0.31956,0.37338,1.1114
0.32052,0.35787,1.1129
0.31957,0.34455,1.1132
0.31024,0.32085,1.0793
0.30998,0.30976,1.0788
0.30172,0.28564,1.0564
0.30231,0.27536,1.044
0.29585,0.25648,1.0391
0.2965,0.24624,1.0414
0.30757,0.23639,1.0677
0.30819,0.22581,1.0698
0.26364,0.18232,0.91751
0.17972,0.11724,0.62292
0.17804,0.10687,0.6212
0.17745,0.099913,0.61847
0.17668,0.090954,0.6174
0.17667,0.084504,0.61436
0.17697,0.075833,0.61532
0.1775,0.069499,0.61492
0.1785,0.060759,0.61577
0.17616,0.054149,0.61549
0.17328,0.044348,0.60125
0.16844,0.037062,0.58387
0.16837,0.028533,0.5843
0.16681,0.022438,0.58368
0.16689,0.014091,0.57676
0.16693,0.0080763,0.57536
0.16745,-0.00020424,0.57541
0.16618,-0.0061791,0.57475
0.1659,-0.014383,0.57482
0.16556,-0.020334,0.5741
0.16548,-0.028569,0.57377
0.16599,-0.03451,0.57347
0.16585,-0.042839,0.57411
0.16573,-0.048774,0.57759
0.16648,-0.057004,0.57732
0.16776,-0.0638,0.58038
0.16786,-0.072428,0.58404
0.16937,-0.078998,0.58814
0.17199,-0.088552,0.59659
0.17469,-0.096403,0.60842
0.17914,-0.10808,0.62226
0.18151,-0.11553,0.62888
0.18319,-0.12531,0.63477
0.18294,-0.13235,0.63495
0.18356,-0.14188,0.63736
0.18536,-0.14961,0.64166
0.18588,-0.16007,0.64526
0.23994,-0.21586,0.83674
0.2691,-0.25473,0.93296
0.28265,-0.27974,0.98485
0.28704,-0.29705,0.99906
0.2868,-0.30786,0.99719
0.28814,-0.3212,1.0045
0.29455,-0.33747,1.0193
0.29442,-0.35508,1.0172
0.29356,-0.36463,1.0141
0.29492,-0.38256,1.0249
0.29401,-0.39202,1.0216
0.29061,-0.39942,1.0028
0.32465,0.44955,1.1693
0.32563,0.43476,1.1745
0.32342,0.4219,1.1709
0.32299,0.4051,1.1642
0.31932,0.38983,1.1611
0.31766,0.368,1.1535
0.31768,0.35624,1.1473
0.31127,0.33291,1.1256
0.31104,0.32003,1.1242
0.30255,0.29941,1.096
0.29863,0.28264,1.0866
0.29958,0.26801,1.0901
0.30298,0.26089,1.1047
0.33011,0.2667,1.2154
0.33078,0.25476,1.2179
0.25327,0.18288,0.92031
0.17356,0.11761,0.62899
0.17248,0.10794,0.62493
0.1706,0.10051,0.62038
0.17029,0.091284,0.61946
0.16997,0.084999,0.61644
0.17,0.07598,0.61597
0.16879,0.069356,0.6165
0.16738,0.0594,0.60684
0.16376,0.052209,0.59189
0.16052,0.043064,0.58207
0.15965,0.036743,0.57998
0.1597,0.028272,0.5777
0.15978,0.022305,0.57289
0.15807,0.013964,0.57303
0.15732,0.0080199,0.5702
0.15727,-0.00019319,0.57025
0.15698,-0.0061017,0.57022
0.15657,-0.014247,0.56947
0.15643,-0.020124,0.56923
0.15645,-0.028252,0.5689
0.15776,-0.034326,0.57
0.15798,-0.042508,0.57079
0.15752,-0.048428,0.57174
0.15769,-0.05675,0.57298
0.15754,-0.062722,0.57272
0.15876,-0.071385,0.57823
0.16014,-0.077788,0.58007
0.16046,-0.086762,0.5831
0.16319,-0.094091,0.5933
0.16587,-0.10395,0.60127
0.17034,-0.11334,0.61709
0.17415,-0.12497,0.63406
0.17641,-0.13341,0.63859
0.17842,-0.14366,0.64497
0.17873,-0.15168,0.64919
0.19611,-0.17622,0.70995
0.25933,-0.24279,0.93759
0.27782,-0.27471,1.0067
0.29013,-0.29734,1.0474
0.28912,-0.31202,1.0436
0.29099,-0.32471,1.0512
0.29447,-0.34492,1.0695
0.29537,-0.35553,1.0674
0.29838,-0.37692,1.0849
0.30267,-0.39168,1.0966
0.2984,-0.4013,1.0779
0.29777,-0.41122,1.0794
0.29646,-0.42427,1.0745
0.31908,0.46357,1.2032
0.32049,0.44833,1.2085
0.31491,0.43107,1.204
0.3144,0.41425,1.2019
0.31283,0.39809,1.1926
0.31407,0.38068,1.1813
0.30815,0.36558,1.1777
0.3066,0.34338,1.1678
0.3013,0.32975,1.1454
0.29929,0.30629,1.1321
0.29557,0.29251,1.1251
0.29385,0.27499,1.118
0.3081,0.27581,1.1699
0.32072,0.27033,1.2201
0.32137,0.25823,1.2226
0.27756,0.20962,1.0598
0.20995,0.1492,0.79375
0.16678,0.10918,0.63232
0.16565,0.10193,0.62845
0.1639,0.092192,0.62345
0.16296,0.085259,0.61829
0.16164,0.075715,0.61595
0.15796,0.067941,0.602
0.15582,0.058264,0.59061
0.15352,0.051124,0.58073
0.15225,0.042612,0.57683
0.1521,0.036419,0.57434
0.15119,0.02816,0.57381
0.15078,0.022177,0.5726
0.15032,0.013939,0.57017
0.15004,0.0079514,0.57004
0.14996,-0.00018285,0.56804
0.14946,-0.0060352,0.56716
0.14894,-0.014116,0.56556
0.1489,-0.019996,0.56539
0.14905,-0.02821,0.56506
0.14899,-0.034099,0.56484
0.14926,-0.042162,0.56652
0.14959,-0.048005,0.56707
0.14999,-0.056318,0.57093
0.15053,-0.062414,0.57125
0.15056,-0.070905,0.57078
0.15116,-0.077269,0.57465
0.15253,-0.085826,0.57528
0.15348,-0.092593,0.58298
0.15498,-0.10256,0.59049
0.15853,-0.11014,0.59639
0.16292,-0.12224,0.61738
0.16912,-0.13378,0.64047
0.17474,-0.14879,0.66721
0.18855,-0.16697,0.71421
0.25395,-0.23823,0.96268
0.26719,-0.26181,1.013
0.2788,-0.28791,1.0531
0.2813,-0.30129,1.0624
0.28102,-0.31668,1.0645
0.28446,-0.33174,1.0767
0.28712,-0.35016,1.0852
0.29467,-0.36926,1.1093
0.29585,-0.38916,1.1185
0.29724,-0.40026,1.1248
0.29566,-0.41457,1.1169
0.29506,-0.42692,1.1163
0.29546,-0.44186,1.1202
0.32124,0.49038,1.2676
0.31845,0.46796,1.2572
0.31802,0.4521,1.2598
0.31196,0.43158,1.2385
0.31201,0.41405,1.2387
0.31098,0.39554,1.2357
0.3036,0.37556,1.2103
0.3031,0.35489,1.2026
0.29402,0.33568,1.1748
0.29015,0.31519,1.1592
0.28725,0.29758,1.1523
0.28954,0.28634,1.1599
0.29568,0.27839,1.1764
0.30678,0.27109,1.2099
0.3074,0.25896,1.2123
0.28552,0.2251,1.1242
0.24387,0.18217,0.98149
0.16934,0.11617,0.67338
0.15979,0.10282,0.63513
0.15682,0.093054,0.62758
0.15446,0.084806,0.61666
0.15093,0.074091,0.6004
0.147,0.065931,0.58384
0.14663,0.057129,0.58142
0.14538,0.050939,0.57789
0.14441,0.042225,0.57551
0.14438,0.036249,0.5717
0.14335,0.027938,0.56885
0.14281,0.021927,0.56819
0.14235,0.013759,0.5676
0.14198,0.0079043,0.56416
0.14174,-0.00017367,0.56318
0.14128,-0.0060113,0.56315
0.14171,-0.01409,0.56418
0.14174,-0.019946,0.56401
0.14167,-0.027987,0.56382
0.1416,-0.033715,0.56351
0.1418,-0.041721,0.56331
0.14199,-0.047811,0.56434
0.14206,-0.055914,0.56364
0.14236,-0.062058,0.56403
0.1428,-0.070375,0.57004
0.14315,-0.076614,0.57067
0.14422,-0.08512,0.57034
0.14487,-0.091607,0.57608
0.14586,-0.10082,0.58309
0.14798,-0.10834,0.58846
0.15151,-0.11877,0.5966
0.1564,-0.12972,0.62025
0.17241,-0.1526,0.68455
0.19448,-0.18037,0.77542
0.25517,-0.25133,1.0122
0.26794,-0.27436,1.0634
0.27082,-0.29242,1.0742
0.27232,-0.30846,1.0818
0.27777,-0.32943,1.1018
0.28109,-0.3444,1.1141
0.28609,-0.36582,1.1356
0.28641,-0.37742,1.1433
0.29114,-0.39871,1.1508
0.29028,-0.41066,1.1482
0.28879,-0.42533,1.1431
0.28788,-0.43583,1.1394
0.28679,-0.45603,1.1475
0.30909,0.49581,1.2917
0.31047,0.48231,1.2999
0.3114,0.47032,1.304
0.30992,0.44878,1.2928
0.30838,0.43108,1.2951
0.30678,0.40982,1.2742
0.29841,0.38737,1.2443
0.29658,0.36701,1.2352
0.28994,0.34601,1.2125
0.28169,0.32083,1.1845
0.27751,0.3047,1.1651
0.28056,0.29071,1.1737
0.28832,0.2826,1.1969
0.2939,0.27218,1.2195
0.2945,0.26248,1.2337
0.28797,0.23766,1.2002
0.25858,0.20226,1.0902
0.19208,0.13887,0.80005
0.15432,0.10569,0.64807
0.14779,0.091326,0.6222
0.14425,0.083042,0.60101
0.13965,0.07211,0.58479
0.13886,0.065526,0.58179
0.13852,0.056868,0.57803
0.13694,0.050429,0.57422
0.13645,0.042173,0.56987
0.13601,0.036023,0.56921
0.13516,0.027793,0.56765
0.135,0.021883,0.56602
0.13501,0.013744,0.56375
0.1348,0.0078764,0.56323
0.13467,-0.00016553,0.56328
0.13466,-0.0059939,0.56324
0.13453,-0.014041,0.56048
0.13397,-0.019863,0.55942
0.13391,-0.02784,0.55999
0.13392,-0.033756,0.56064
0.13394,-0.041796,0.56179
0.13507,-0.047596,0.56279
0.13505,-0.055649,0.56318
0.135,-0.061857,0.56338
0.13507,-0.070008,0.56406
0.13557,-0.076056,0.5679
0.13603,-0.084373,0.56839
0.13742,-0.090987,0.57107
0.13766,-0.099787,0.57639
0.13896,-0.10697,0.57926
0.1409,-0.11682,0.58948
0.14455,-0.12509,0.60174
0.15001,-0.13896,0.62181
0.18906,-0.18457,0.79475
0.24347,-0.25198,1.0149
0.26609,-0.28761,1.1155
0.271,-0.30874,1.1284
0.2721,-0.32229,1.1396
0.27668,-0.34304,1.1523
0.27595,-0.35408,1.1556
0.27604,-0.37131,1.1547
0.27895,-0.38819,1.1692
0.27953,-0.40441,1.1669
0.27869,-0.41555,1.1632
0.2783,-0.43085,1.1581
0.28311,-0.45155,1.1765
0.28309,-0.46876,1.171
0.3049,0.51407,1.3348
0.30626,0.49934,1.3534
0.30679,0.48693,1.3577
0.30368,0.46431,1.3398
0.29924,0.44362,1.3275
0.29693,0.421,1.314
0.29325,0.39897,1.2858
0.29081,0.37791,1.2734
0.28458,0.36179,1.2677
0.2773,0.33067,1.2274
0.27291,0.31292,1.2037
0.27379,0.29674,1.2076
0.27887,0.2896,1.219
0.28447,0.27908,1.2537
0.29136,0.27016,1.2949
0.28185,0.24602,1.2446
0.24607,0.20279,1.093
0.17204,0.13123,0.75914
0.14179,0.10165,0.62335
0.13727,0.090036,0.606
0.13324,0.080618,0.58602
0.13269,0.07183,0.58267
0.13137,0.065216,0.57874
0.1302,0.056467,0.57406
0.12955,0.050156,0.57077
0.12909,0.042,0.56836
0.12849,0.035968,0.56627
0.12821,0.027688,0.56314
0.12749,0.021834,0.56164
0.12737,0.013674,0.56143
0.12733,0.0078665,0.56047
0.12733,-0.00015782,0.56034
0.12712,-0.0059682,0.56029
0.12718,-0.013948,0.55862
0.12698,-0.019741,0.55845
0.12709,-0.027728,0.55822
0.12695,-0.033603,0.55876
0.12714,-0.041593,0.55965
0.12719,-0.047532,0.55953
0.12728,-0.055516,0.56133
0.12793,-0.06155,0.56216
0.12802,-0.069978,0.56287
0.12831,-0.075842,0.56484
0.12855,-0.084265,0.5674
0.12927,-0.090364,0.56825
0.1304,-0.099434,0.57148
0.13079,-0.10585,0.57758
0.13258,-0.11536,0.58181
0.13473,-0.12368,0.58987
0.13824,-0.13415,0.60282
0.14578,-0.14965,0.64296
0.21055,-0.22907,0.92398
0.25872,-0.29415,1.1351
0.27191,-0.32797,1.192
0.2733,-0.34047,1.206
0.27233,-0.35646,1.2015
0.26835,-0.36387,1.1809
0.26733,-0.37939,1.1762
0.26949,-0.39449,1.1911
0.26921,-0.41107,1.1865
0.27332,-0.42694,1.2
0.27421,-0.44914,1.2024
0.27439,-0.46062,1.2012
0.27391,-0.47796,1.1998
0.297,0.53112,1.374
0.29833,0.51531,1.3878
0.29903,0.50251,1.394
0.29961,0.48323,1.4
0.29835,0.46374,1.395
0.2901,0.43544,1.3585
0.28692,0.41426,1.3373
0.2864,0.39349,1.3347
0.28157,0.37415,1.3072
0.27797,0.34906,1.2926
0.27332,0.33289,1.2716
0.27421,0.31568,1.2757
0.28185,0.31002,1.318
0.28629,0.29655,1.332
0.29174,0.28996,1.3744
0.27908,0.25437,1.3035
0.20457,0.17751,0.95277
0.1394,0.1121,0.64812
0.13136,0.099182,0.61157
0.12723,0.087594,0.58753
0.12531,0.080237,0.58479
0.12475,0.071361,0.58172
0.12359,0.064746,0.57469
0.1228,0.05615,0.57376
0.12229,0.050076,0.56792
0.12183,0.041898,0.56733
0.12157,0.035698,0.56362
0.12074,0.027657,0.56199
0.1203,0.021715,0.56006
0.12005,0.013673,0.55962
0.12025,0.0078819,0.55973
0.12009,-0.00015044,0.55913
0.12011,-0.0059351,0.55889
0.11995,-0.013922,0.55787
0.11994,-0.01965,0.55712
0.11988,-0.027765,0.5568
0.11982,-0.033475,0.55846
0.12023,-0.041499,0.55908
0.12027,-0.047395,0.55923
0.12041,-0.055434,0.55993
0.12042,-0.061399,0.55986
0.12075,-0.069363,0.56079
0.12095,-0.075695,0.5634
0.12151,-0.083909,0.56425
0.1218,-0.090174,0.56798
0.12248,-0.098816,0.5684
0.12335,-0.10505,0.57219
0.12451,-0.11457,0.5777
0.12567,-0.122,0.58211
0.12795,-0.13224,0.59355
0.13143,-0.14266,0.61635
0.14156,-0.16271,0.6608
0.25462,-0.30563,1.1976
0.26358,-0.33442,1.2219
0.27282,-0.35754,1.263
0.27185,-0.3745,1.2583
0.27004,-0.38655,1.2543
0.26772,-0.40334,1.2456
0.26696,-0.41381,1.2419
0.26802,-0.4299,1.2366
0.26807,-0.44143,1.2382
0.26727,-0.46266,1.2361
0.27309,-0.485,1.2707
0.27401,-0.50432,1.2719
0.28853,0.54779,1.4285
0.28995,0.52984,1.435
0.29087,0.51506,1.4386
0.29052,0.49611,1.4403
0.28953,0.47904,1.4381
0.28702,0.45366,1.4212
0.28285,0.43627,1.3989
0.28166,0.40909,1.3774
0.2767,0.39103,1.379
0.27675,0.36774,1.3731
0.27449,0.3525,1.3544
0.27539,0.33428,1.3589
0.27872,0.32608,1.3871
0.28624,0.31074,1.3994
0.28284,0.29579,1.4022
0.27663,0.27172,1.3814
0.13845,0.12826,0.68264
0.12733,0.10818,0.62614
0.12103,0.096349,0.59397
0.11938,0.087219,0.58734
0.11821,0.080141,0.58367
0.11726,0.071128,0.57556
0.11596,0.064529,0.57431
0.11554,0.056051,0.57117
0.11475,0.050092,0.56867
0.11467,0.041607,0.5646
0.11425,0.035607,0.56292
0.11332,0.02746,0.56047
0.11324,0.021649,0.55874
0.11297,0.013657,0.55718
0.11299,0.0078324,0.55728
0.11301,-0.0001433,0.55733
0.11292,-0.0059105,0.55723
0.11284,-0.013873,0.55709
0,0,-1
0,0,-1
0,0,-1
0,0,-1
0.11314,-0.047132,0.55831
0.11324,-0.055302,0.55836
0.11359,-0.061296,0.55958
0.11362,-0.06928,0.55935
0.11406,-0.075147,0.56142
0.11417,-0.08376,0.56366
0.11474,-0.089925,0.56475
0.11502,-0.098387,0.56737
0.11576,-0.10496,0.57223
0.11636,-0.1139,0.57393
0.1178,-0.12083,0.58157
0.11921,-0.13034,0.58504
0.12219,-0.14005,0.60187
0.125,-0.15345,0.6198
0.20726,-0.26419,1.0225
0.25861,-0.34602,1.2691
0.26575,-0.36895,1.307
0.26612,-0.38886,1.3114
0.26675,-0.40401,1.3183
0.26848,-0.42557,1.3179
0.26772,-0.43804,1.314
0.26663,-0.45507,1.3089
0.26662,-0.46987,1.315
0.26817,-0.49245,1.329
0.27192,-0.50989,1.3353
0.27077,-0.52741,1.329
0.28023,0.56395,1.4711
0.28303,0.55051,1.4843
0.28393,0.53685,1.4891
0.28342,0.5148,1.4895
0.28222,0.49486,1.4849
0.28189,0.47402,1.4773
0.27647,0.45042,1.4561
0.27441,0.42882,1.4366
0.27276,0.40843,1.4396
0.2729,0.38415,1.4313
0.27077,0.36898,1.4223
0.27165,0.35127,1.427
0.27729,0.34357,1.4584
0.27826,0.32196,1.459
0.27383,0.30656,1.4471
0.23877,0.24411,1.2492
0.12209,0.11939,0.64302
0.11666,0.10536,0.61119
0.1128,0.0961,0.59329
0.11149,0.086435,0.58719
0.11028,0.079571,0.5772
0.10937,0.070545,0.5751
0.10896,0.064303,0.57224
0.10828,0.05606,0.57039
0.10807,0.049754,0.56603
0.10764,0.041658,0.56446
0.10675,0.035519,0.56019
0.1062,0.027496,0.5591
0.10613,0.021602,0.55634
0.10618,0.013629,0.55659
0.10621,0.0078368,0.55586
0.10622,-0.00013685,0.55618
0.1062,-0.0058932,0.55588
0,0,-1
0,0,-1
0,0,-1
0,0,-1
0,0,-1
0,0,-1
0,0,-1
0,0,-1
0.1066,-0.069209,0.55996
0.10674,-0.075156,0.55948
0.10726,-0.083198,0.56283
0.10764,-0.089675,0.56493
0.10819,-0.098039,0.56647
0.1086,-0.10429,0.56765
0.1092,-0.11312,0.57259
0.11015,-0.1204,0.57718
0.11199,-0.12981,0.58419
0.11286,-0.13873,0.58997
0.11619,-0.14921,0.60862
0.13107,-0.17873,0.68779
0.24791,-0.35477,1.2969
0.2516,-0.37218,1.3191
0.25642,-0.40062,1.3449
0.25719,-0.41508,1.3436
0.25643,-0.43276,1.3406
0.2557,-0.44662,1.3366
0.25672,-0.46712,1.3514
0.25912,-0.48684,1.359
0.26209,-0.51037,1.369
0.26231,-0.52685,1.3715
0.26166,-0.54413,1.3705
0.26874,0.57952,1.5081
0.27286,0.56384,1.5269
0.27372,0.54986,1.5318
0.27281,0.52778,1.5261
0.27049,0.51198,1.5236
0.26898,0.48419,1.5094
0.26757,0.46462,1.4982
0.26439,0.43756,1.4873
0.26391,0.42081,1.4825
0.26153,0.39977,1.4727
0.26218,0.38548,1.4764
0.26523,0.36723,1.4848
0.26527,0.35262,1.4912
0.26185,0.32655,1.4793
0.2616,0.30737,1.4595
0.15037,0.16699,0.84555
0.11286,0.11865,0.63347
0.10726,0.10437,0.60399
0.10494,0.095873,0.58867
0.1037,0.086368,0.583
0.10247,0.078816,0.57792
0.10244,0.07055,0.57365
0.10204,0.064415,0.5731
0.10129,0.05604,0.56705
0.10089,0.049788,0.56545
0.10011,0.041404,0.56101
0.10003,0.035471,0.55998
0.099429,0.02743,0.5573
0.099444,0.021594,0.55589
0.099367,0.013624,0.55571
0.09937,0.0078332,0.55559
0.099385,-0.00013102,0.55499
0,0,-1
0,0,-1
0,0,-1
0,0,-1
0,0,-1
0,0,-1
0,0,-1
0,0,-1
0,0,-1
0,0,-1
0,0,-1
0.09971,-0.082938,0.5595
0.10073,-0.089541,0.56458
0.10113,-0.09794,0.56626
0.10156,-0.10426,0.5674
0.10207,-0.11288,0.56926
0.10269,-0.12029,0.57569
0.10366,-0.12868,0.57719
0.10586,-0.13716,0.5911
0.10685,-0.1475,0.59862
0.11211,-0.16087,0.62393
0.18233,-0.2784,1.0226
0.24142,-0.3834,1.3527
0.24561,-0.4109,1.3759
0.2478,-0.42543,1.3728
0.24947,-0.44943,1.4021
0.24934,-0.46582,1.4004
0.25015,-0.48541,1.3994
0.25054,-0.49897,1.3987
0.25077,-0.51878,1.3944
0.2501,-0.53749,1.3945
0.25411,-0.5622,1.4156
0.25615,0.59539,1.5419
0.25753,0.5748,1.5495
0.25835,0.55581,1.5546
0.25778,0.5356,1.5446
0.2556,0.52011,1.5387
0.25398,0.49463,1.5339
0.2543,0.47284,1.5284
0.25341,0.45282,1.518
0.25242,0.43653,1.5165
0.25187,0.40928,1.5174
0.25242,0.39465,1.518
0.25324,0.37689,1.5215
0.24998,0.35709,1.5049
0.24843,0.33423,1.5011
0.2315,0.29503,1.3947
0.1182,0.14054,0.7127
0.10173,0.11449,0.61509
0.099695,0.10331,0.59623
0.097982,0.095202,0.58912
0.09678,0.085703,0.58082
0.095638,0.078842,0.57614
0.095476,0.070419,0.57486
0.094717,0.064217,0.57031
0.0942,0.056011,0.56702
0.093636,0.049599,0.5617
0.093452,0.041453,0.56168
0.092985,0.035536,0.56101
0.092767,0.027414,0.55816
0.092516,0.021614,0.5566
0.09249,0.01359,0.55632
0.09206,0.0078307,0.55594
0,0,-1
0,0,-1
0,0,-1
0,0,-1
0,0,-1
0,0,-1
0,0,-1
0,0,-1
0,0,-1
0,0,-1
0,0,-1
0,0,-1
0,0,-1
0,0,-1
0.09424,-0.097896,0.56502
0.094592,-0.10407,0.5675
0.094963,-0.11236,0.56878
0.09527,-0.11914,0.5738
0.096077,-0.12889,0.57587
0.097784,-0.13662,0.58327
0.099047,-0.14737,0.59309
0.10352,-0.16026,0.61611
0.12086,-0.19803,0.72494
0.23014,-0.39319,1.3845
0.23567,-0.41985,1.4161
0.23883,-0.441,1.4302
0.23905,-0.46467,1.4437
0.23952,-0.47979,1.4394
0.24038,-0.49864,1.4363
0.2408,-0.51868,1.4553
0.24606,-0.55176,1.4745
0.24966,-0.56929,1.494
0.24984,-0.59171,1.4869
0.24166,0.60651,1.5676
0.2431,0.58667,1.5748
0.24387,0.56746,1.5769
0.24349,0.54587,1.5817
0.24276,0.52861,1.5846
0.2418,0.50314,1.5642
0.2411,0.48225,1.5622
0.24056,0.45981,1.567
0.23827,0.4439,1.5535
0.23836,0.42312,1.5522
0.23849,0.40649,1.5538
0.23843,0.38278,1.5479
0.23647,0.36382,1.5293
0.23283,0.33711,1.5122
0.15192,0.20874,0.97184
0.10244,0.1319,0.66977
0.092789,0.11317,0.60482
0.092365,0.10306,0.59657
0.09099,0.095277,0.5867
0.089874,0.085664,0.57786
0.088653,0.078903,0.57615
0.088111,0.070538,0.57541
0.087434,0.064206,0.56734
0.086984,0.05565,0.56435
0.086774,0.049571,0.5623
0.086448,0.041462,0.56004
0.086077,0.035464,0.55893
0.085888,0.027408,0.55826
0.085816,0.021556,0.55713
0.085472,0.013591,0.55654
0,0,-1
0,0,-1
0,0,-1
0,0,-1
0,0,-1
0,0,-1
0,0,-1
0,0,-1
0,0,-1
0,0,-1
0,0,-1
0,0,-1
0,0,-1
0,0,-1
0,0,-1
0,0,-1
0.087439,-0.10401,0.5677
0.087879,-0.11265,0.56982
0.088377,-0.1193,0.57215
0.088677,-0.12822,0.57571
0.090297,-0.136,0.58221
0.091365,-0.14608,0.59326
0.094135,-0.15715,0.61108
0.10029,-0.17719,0.65169
0.21963,-0.40171,1.4239
0.22383,-0.4308,1.4451
0.22897,-0.45513,1.4902
0.22915,-0.48064,1.493
0.2342,-0.50334,1.5163
0.23646,-0.53287,1.5303
0.23761,-0.55047,1.5414
0.23748,-0.57395,1.5403
0.23917,-0.59239,1.5511
0.23929,-0.61179,1.5437
0.22958,0.62134,1.6022
0.22954,0.60102,1.6175
0.22993,0.58387,1.6256
0.23003,0.55969,1.6299
0.23054,0.54345,1.6272
0.22965,0.51832,1.6076
0.22962,0.49862,1.6119
0.22792,0.47572,1.6142
0.22822,0.4547,1.602
0.22614,0.43208,1.5932
0.22289,0.4103,1.579
0.22117,0.38573,1.5616
0.21984,0.36524,1.5475
0.21485,0.33766,1.5147
0.11555,0.17269,0.80861
0.091668,0.12763,0.64366
0.085131,0.11199,0.59727
0.084241,0.10298,0.59666
0.083155,0.094925,0.5877
0.082006,0.084963,0.57885
0.081526,0.078882,0.5765
0.081146,0.070453,0.57239
0.080333,0.06391,0.56622
0.080215,0.055701,0.56452
0.079751,0.049614,0.56308
0.079447,0.041465,0.56086
0.07925,0.035494,0.55912
0.079181,0.027458,0.55787
0.078817,0.021565,0.55667
0,0,-1
0,0,-1
0,0,-1
0,0,-1
0,0,-1
0,0,-1
0,0,-1
0,0,-1
0,0,-1
0,0,-1
0,0,-1
0,0,-1
0,0,-1
0,0,-1
0,0,-1
0,0,-1
0,0,-1
0.080603,-0.10391,0.56867
0.08086,-0.11274,0.57079
0.081223,-0.11949,0.57156
0.081827,-0.1282,0.57581
0.082946,-0.1359,0.58319
0.083859,-0.14576,0.58786
0.086509,-0.15675,0.60515
0.089633,-0.17186,0.62793
0.20698,-0.4109,1.4522
0.21185,-0.44164,1.4968
0.22258,-0.48048,1.5657
0.22496,-0.51038,1.5802
0.22691,-0.53134,1.5877
0.228,-0.55436,1.5977
0.22819,-0.57107,1.5961
0.22794,-0.59643,1.6059
0.22945,-0.61375,1.6039
0.22913,-0.63619,1.5962
0.21161,0.62702,1.635
0.21333,0.60781,1.6426
0.21401,0.59276,1.6468
0.21434,0.56975,1.654
0.21421,0.55304,1.6482
0.21242,0.52734,1.6487
0.21273,0.50818,1.6407
0.21174,0.47943,1.6288
0.2094,0.46164,1.6243
0.21004,0.43902,1.6145
0.20847,0.41754,1.6036
0.20571,0.39025,1.5883
0.20197,0.36579,1.5576
0.19777,0.34282,1.5277
0.096429,0.15635,0.74762
0.082584,0.12514,0.63457
0.077287,0.11163,0.5965
0.077058,0.10254,0.59413
0.076051,0.094456,0.58069
0.074875,0.085069,0.57746
0.074528,0.078917,0.57394
0.074322,0.07015,0.5682
0.07356,0.063877,0.56712
0.073364,0.055768,0.56517
0.073044,0.049609,0.56128
0.072733,0.041367,0.55987
0.072529,0.035482,0.55958
0.072376,0.02738,0.5574
0,0,-1
0,0,-1
0,0,-1
0,0,-1
0,0,-1
0,0,-1
0,0,-1
0,0,-1
0,0,-1
0,0,-1
0,0,-1
0,0,-1
0,0,-1
0,0,-1
0,0,-1
0,0,-1
0,0,-1
0,0,-1
0,0,-1
0.073876,-0.11258,0.56908
0.074259,-0.11908,0.57215
0.074946,-0.12832,0.57635
0.075966,-0.13582,0.58409
0.076567,-0.14597,0.58876
0.078886,-0.15587,0.60498
0.081214,-0.17001,0.62454
0.17836,-0.38898,1.3727
0.20442,-0.46619,1.5725
0.2079,-0.49369,1.6048
0.20981,-0.51775,1.6058
0.21073,-0.53458,1.6146
0.21052,-0.56196,1.6205
0.21227,-0.58133,1.6299
0.21243,-0.6077,1.6318
0.21375,-0.6278,1.633
0.21278,-0.64894,1.637
0.19884,0.64904,1.6879
0.19955,0.62593,1.6941
0.19979,0.60925,1.6995
0.20049,0.58652,1.6986
0.20021,0.56879,1.7019
0.19927,0.54365,1.6934
0.19798,0.52228,1.686
0.19756,0.49411,1.6802
0.19585,0.47746,1.6663
0.19612,0.45193,1.6523
0.19241,0.42825,1.6272
0.18998,0.40097,1.6183
0.18546,0.37277,1.5811
0.17953,0.3433,1.5299
0.084162,0.15194,0.71968
0.074429,0.12421,0.63296
0.069808,0.11109,0.59595
0.069784,0.10251,0.59357
0.068651,0.094588,0.58152
0.068132,0.085546,0.58085
0.067654,0.079018,0.57477
0.067174,0.069857,0.56822
0.06679,0.063891,0.56731
0.066529,0.055685,0.56408
0.066326,0.049607,0.56147
0.065983,0.04139,0.56055
0.065646,0.035436,0.55829
0.065501,0.027384,0.55822
0,0,-1
0,0,-1
0,0,-1
0,0,-1
0,0,-1
0,0,-1
0,0,-1
0,0,-1
0,0,-1
0,0,-1
0,0,-1
0,0,-1
0,0,-1
0,0,-1
0,0,-1
0,0,-1
0,0,-1
0,0,-1
0,0,-1
0.067047,-0.11256,0.56938
0.067407,-0.11882,0.57156
0.068083,-0.1284,0.57716
0.068966,-0.13572,0.58328
0.069722,-0.14612,0.5896
0.071674,-0.15607,0.60686
0.073726,-0.17024,0.62541
0.15214,-0.36637,1.294
0.18924,-0.47894,1.6116
0.19426,-0.50718,1.6478
0.19606,-0.53552,1.664
0.1971,-0.55563,1.6703
0.19717,-0.5808,1.6739
0.1977,-0.60053,1.6801
0.19872,-0.62449,1.681
0.19905,-0.64299,1.6849
0.19817,-0.66728,1.6787
0.18023,0.65423,1.7085
0.1808,0.63232,1.7138
0.18082,0.61667,1.7138
0.18069,0.59164,1.7129
0.1806,0.57139,1.707
0.18054,0.54745,1.7111
0.17946,0.52827,1.7004
0.17847,0.50078,1.6947
0.17789,0.47966,1.6869
0.17692,0.45608,1.6793
0.17656,0.43633,1.6586
0.17336,0.40665,1.6348
0.171,0.38552,1.6242
0.16538,0.35051,1.5722
0.073939,0.14846,0.70365
0.0667,0.12437,0.63106
0.062646,0.11106,0.59431
0.062523,0.10229,0.59254
0.061614,0.09471,0.58617
0.061182,0.085656,0.58161
0.060753,0.079133,0.57553
0.060243,0.069948,0.56896
0.059964,0.063945,0.56759
0.059743,0.055611,0.56483
0.05956,0.049535,0.56221
0.059076,0.041435,0.56143
0.058948,0.035484,0.55904
0.05883,0.027422,0.5573
0,0,-1
0,0,-1
0,0,-1
0,0,-1
0,0,-1
0,0,-1
0,0,-1
0,0,-1
0,0,-1
0,0,-1
0,0,-1
0,0,-1
0,0,-1
0,0,-1
0,0,-1
0,0,-1
0,0,-1
0,0,-1
0,0,-1
0.060225,-0.11265,0.57004
0.060542,-0.1192,0.57229
0.06114,-0.12855,0.5746
0.061805,-0.13588,0.584
0.062475,-0.14607,0.59089
0.064367,-0.15658,0.60683
0.066916,-0.17245,0.62963
0.12754,-0.34083,1.2051
0.17492,-0.49197,1.6545
0.17675,-0.51427,1.6693
0.17752,-0.54047,1.6775
0.17781,-0.55975,1.6832
0.1781,-0.58555,1.6876
0.17925,-0.60373,1.6907
0.17935,-0.62828,1.6927
0.17924,-0.64867,1.698
0.18061,-0.67462,1.703
0.16019,0.65737,1.7143
0.16044,0.63552,1.7193
0.16084,0.61827,1.7213
0.16097,0.59542,1.7233
0.1606,0.57631,1.7201
0.16028,0.54851,1.716
0.15994,0.53169,1.7087
0.15924,0.50365,1.7032
0.15857,0.48498,1.7006
0.15765,0.45829,1.6919
0.15708,0.43999,1.6806
0.15517,0.41045,1.6522
0.15181,0.38622,1.6263
0.14791,0.3509,1.5789
0.065514,0.14862,0.70445
0.059099,0.12464,0.63178
0.055506,0.11121,0.59976
0.055295,0.10227,0.59031
0.054591,0.094768,0.58734
0.054208,0.085283,0.58229
0.053835,0.078787,0.57562
0.053375,0.070116,0.56951
0.053119,0.064019,0.56803
0.052836,0.055522,0.5651
0.052467,0.049564,0.56287
0.052357,0.041392,0.56065
0.052227,0.035514,0.55973
0.052215,0.027456,0.55796
0,0,-1
0,0,-1
0,0,-1
0,0,-1
0,0,-1
0,0,-1
0,0,-1
0,0,-1
0,0,-1
0,0,-1
0,0,-1
0,0,-1
0,0,-1
0,0,-1
0,0,-1
0,0,-1
0,0,-1
0,0,-1
0,0,-1
0.053363,-0.11274,0.57028
0.053644,-0.11933,0.57192
0.053993,-0.12869,0.57868
0.054617,-0.13603,0.58283
0.055481,-0.14622,0.59102
0.057035,-0.15693,0.60831
0.059557,-0.17265,0.63854
0.10364,-0.3128,1.1095
0.15534,-0.49295,1.6572
0.15691,-0.51615,1.6747
0.15771,-0.54186,1.6827
0.15843,-0.5611,1.6874
0.15877,-0.58744,1.6919
0.15939,-0.60726,1.7015
0.15921,-0.63375,1.7047
0.16007,-0.65279,1.7111
0.16021,-0.67802,1.7062
0.14016,0.66237,1.725
0.14034,0.63846,1.7262
0.14046,0.62035,1.7266
0.14061,0.5969,1.7262
0.14052,0.57768,1.7248
0.13992,0.5516,1.721
0.13935,0.5325,1.7167
0.13886,0.50555,1.7098
0.13853,0.48595,1.7045
0.13868,0.46207,1.7011
0.13689,0.44235,1.6822
0.13556,0.41418,1.677
0.13223,0.38659,1.6279
0.1279,0.35124,1.5793
0.058978,0.15467,0.72392
0.05157,0.12476,0.63716
0.048842,0.11216,0.60037
0.047712,0.10165,0.58978
0.047506,0.095015,0.58665
0.047116,0.085368,0.58049
0.046676,0.078852,0.57564
0.046377,0.070187,0.56979
0.046127,0.064242,0.56862
0.04605,0.055723,0.56644
0.045694,0.049616,0.563
0.045598,0.041435,0.56132
0.045523,0.035552,0.56068
0.045431,0.027436,0.5594
0,0,-1
0,0,-1
0,0,-1
0,0,-1
0,0,-1
0,0,-1
0,0,-1
0,0,-1
0,0,-1
0,0,-1
0,0,-1
0,0,-1
0,0,-1
0,0,-1
0,0,-1
0,0,-1
0,0,-1
0,0,-1
0,0,-1
0.046479,-0.11283,0.56998
0.046724,-0.11947,0.57395
0.047029,-0.12869,0.5768
0.047573,-0.13612,0.58342
0.048359,-0.14668,0.59337
0.049829,-0.15738,0.61099
0.052351,-0.17422,0.64002
0.090279,-0.31308,1.1106
0.13555,-0.49434,1.663
0.13685,-0.51675,1.6786
0.13741,-0.54272,1.6844
0.13822,-0.56359,1.6968
0.13845,-0.5881,1.6954
0.13914,-0.60992,1.7049
0.13956,-0.6359,1.7075
0.13977,-0.65406,1.7161
0.14039,-0.6793,1.7111
0.12006,0.66652,1.7289
0.11992,0.64109,1.7345
0.11992,0.62315,1.7333
0.12015,0.59737,1.7327
0.1198,0.57813,1.7323
0.11935,0.55245,1.724
0.1191,0.53341,1.7226
0.11876,0.50759,1.7132
0.11845,0.48922,1.716
0.11839,0.463,1.7149
0.11742,0.4459,1.6987
0.11625,0.41456,1.6785
0.11298,0.38752,1.6293
0.10891,0.35482,1.5819
0.051799,0.15902,0.75227
0.043939,0.12517,0.63848
0.041819,0.11317,0.60533
0.040625,0.1014,0.59027
0.040449,0.094943,0.58682
0.040116,0.085795,0.581
0.039964,0.07892,0.57615
0.039486,0.070422,0.5725
0.039191,0.064298,0.56967
0.039177,0.055809,0.56695
0.03903,0.049677,0.5631
0.038868,0.041404,0.56183
0.038757,0.035539,0.56153
0.038678,0.027512,0.56099
0,0,-1
0,0,-1
0,0,-1
0,0,-1
0,0,-1
0,0,-1
0,0,-1
0,0,-1
0,0,-1
0,0,-1
0,0,-1
0,0,-1
0,0,-1
0,0,-1
0,0,-1
0,0,-1
0,0,-1
0,0,-1
0,0,-1
0.039543,-0.11292,0.57028
0.039772,-0.1196,0.57495
0.04005,-0.1287,0.57961
0.04065,-0.13623,0.58416
0.041244,-0.1468,0.5939
0.0425,-0.15822,0.61151
0.044941,-0.17728,0.64806
0.084754,-0.34582,1.2255
0.11547,-0.4949,1.6664
0.11671,-0.51768,1.6827
0.11715,-0.544,1.6913
0.11787,-0.56526,1.6998
0.11814,-0.58956,1.6999
0.11881,-0.61108,1.7064
0.11896,-0.63637,1.7136
0.11923,-0.65581,1.7204
0.11948,-0.68302,1.7232
0.099387,0.66866,1.745
0.099347,0.64275,1.7397
0.099318,0.62387,1.7403
0.09925,0.60133,1.7366
0.099167,0.58146,1.734
0.099028,0.55503,1.7316
0.098532,0.53594,1.7247
0.098053,0.50867,1.7184
0.097896,0.49153,1.7192
0.097891,0.46632,1.7202
0.097176,0.4462,1.7086
0.096124,0.41539,1.6775
0.093251,0.38806,1.6319
0.08988,0.35506,1.587
0.04315,0.16036,0.75881
0.036709,0.12775,0.64525
0.034674,0.11333,0.60768
0.033633,0.10147,0.59071
0.033375,0.094768,0.58577
0.033113,0.086371,0.58465
0.032974,0.079302,0.57658
0.032604,0.070679,0.57276
0.032335,0.064243,0.57009
0.032324,0.055915,0.56738
0.032276,0.049929,0.56425
0.032115,0.041478,0.56308
0.031978,0.035617,0.56224
0.031917,0.027534,0.56141
0.031854,0.021695,0.5591
0,0,-1
0,0,-1
0,0,-1
0,0,-1
0,0,-1
0,0,-1
0,0,-1
0,0,-1
0,0,-1
0,0,-1
0,0,-1
0,0,-1
0,0,-1
0,0,-1
0,0,-1
0,0,-1
0,0,-1
0,0,-1
0.032631,-0.11318,0.5707
0.032821,-0.11998,0.57663
0.033084,-0.12878,0.58003
0.033548,-0.13666,0.58644
0.03404,-0.1471,0.59585
0.035254,-0.15907,0.61433
0.037701,-0.17959,0.65386
0.07954,-0.39312,1.389
0.095663,-0.49782,1.6715
0.09645,-0.5193,1.6851
0.096835,-0.54499,1.6937
0.097574,-0.56652,1.7018
0.097689,-0.59214,1.7031
0.098127,-0.6126,1.7112
0.098344,-0.63818,1.7152
0.098661,-0.65827,1.7215
0.099252,-0.68262,1.7232
0.07887,0.67048,1.7467
0.078552,0.64507,1.7473
0.078534,0.62616,1.7464
0.07848,0.60207,1.7418
0.078427,0.58276,1.7386
0.078076,0.55622,1.7389
0.077754,0.53672,1.729
0.077819,0.51036,1.7243
0.077476,0.49205,1.7214
0.077196,0.4673,1.7265
0.076576,0.44655,1.7096
0.07597,0.41561,1.6785
0.074014,0.38879,1.65
0.071697,0.3557,1.5993
0.034453,0.16106,0.76545
0.029488,0.13041,0.66374
0.02745,0.11472,0.61291
0.026826,0.10291,0.59797
0.02635,0.094821,0.58612
0.026214,0.08642,0.585
0.025976,0.079347,0.57777
0.025836,0.070766,0.57327
0.025655,0.06428,0.57051
0.025473,0.055995,0.56892
0.025418,0.049959,0.56488
0.025306,0.041721,0.56342
0.02528,0.035672,0.56299
0.02516,0.027591,0.56275
0.025084,0.021708,0.55944
0,0,-1
0,0,-1
0,0,-1
0,0,-1
0,0,-1
0,0,-1
0,0,-1
0,0,-1
0,0,-1
0,0,-1
0,0,-1
0,0,-1
0,0,-1
0,0,-1
0,0,-1
0,0,-1
0,0,-1
0.025596,-0.10456,0.57058
0.025776,-0.11339,0.57182
0.025884,-0.12017,0.57769
0.026168,-0.12918,0.58221
0.026444,-0.13709,0.58767
0.026822,-0.14783,0.5972
0.027883,-0.1598,0.62401
0.030329,-0.18415,0.67833
0.068256,-0.43025,1.5223
0.075468,-0.49818,1.6731
0.076121,-0.51978,1.6879
0.076516,-0.54717,1.6975
0.077079,-0.56806,1.7063
0.077323,-0.59355,1.7113
0.077609,-0.61476,1.719
0.077911,-0.6385,1.7218
0.078056,-0.66134,1.7243
0.078394,-0.68594,1.7276
0.057759,0.67437,1.7521
0.057665,0.64688,1.7525
0.057477,0.62913,1.7492
0.057478,0.60298,1.7527
0.057365,0.58321,1.7474
0.057177,0.557,1.7413
0.05712,0.53898,1.741
0.056971,0.51088,1.7275
0.05668,0.49408,1.7266
0.056566,0.46922,1.7285
0.056183,0.44675,1.7103
0.055499,0.4178,1.6906
0.054126,0.39013,1.6507
0.052575,0.35504,1.6017
0.025928,0.16845,0.7938
0.022591,0.13637,0.68737
0.020254,0.11516,0.61792
0.019725,0.10298,0.60261
0.019301,0.095114,0.58763
0.019136,0.086462,0.58535
0.018968,0.07938,0.57837
0.018884,0.070815,0.57518
0.018725,0.064578,0.57395
0.018646,0.056147,0.57148
0.018607,0.050156,0.56894
0.018515,0.041875,0.56576
0.018469,0.035861,0.56546
0.018405,0.027677,0.5635
0.01835,0.021802,0.56235
0,0,-1
0,0,-1
0,0,-1
0,0,-1
0,0,-1
0,0,-1
0,0,-1
0,0,-1
0,0,-1
0,0,-1
0,0,-1
0,0,-1
0,0,-1
0,0,-1
0,0,-1
0,0,-1
0.018604,-0.0987,0.56976
0.018798,-0.10478,0.57209
0.018851,-0.11363,0.57375
0.018972,-0.12022,0.57835
0.019136,-0.12943,0.5833
0.019316,-0.1375,0.58911
0.019745,-0.14808,0.60278
0.020594,-0.1613,0.62605
0.023184,-0.19196,0.70382
0.053792,-0.46184,1.6391
0.055252,-0.49842,1.6809
0.055726,-0.52103,1.6974
0.056042,-0.54776,1.7
0.056426,-0.56889,1.7097
0.056571,-0.59441,1.7137
0.056775,-0.61565,1.7265
0.05705,-0.64025,1.7259
0.057333,-0.66288,1.7321
0.057484,-0.68869,1.7366
0.036593,0.67385,1.7594
0.036614,0.64826,1.758
0.036527,0.63066,1.7585
0.036382,0.60493,1.7547
0.036342,0.58521,1.7514
0.036231,0.55907,1.746
0.036201,0.54021,1.745
0.036001,0.51353,1.7369
0.0359,0.49424,1.7277
0.035762,0.46934,1.729
0.035669,0.44753,1.7212
0.035216,0.42076,1.6925
0.034135,0.39069,1.6526
0.033152,0.35594,1.616
0.023204,0.23539,1.1237
0.014264,0.13715,0.69539
0.012963,0.11677,0.62778
0.012526,0.1051,0.61058
0.0123,0.09629,0.59475
0.012124,0.086628,0.58553
0.011991,0.079805,0.58032
0.011889,0.070918,0.57829
0.011792,0.064708,0.57591
0.011792,0.056318,0.57269
0.011746,0.050212,0.57153
0.011668,0.041977,0.56722
0.011641,0.036022,0.56669
0.011598,0.027811,0.56512
0.011586,0.021907,0.56446
0,0,-1
0,0,-1
0,0,-1
0,0,-1
0,0,-1
0,0,-1
0,0,-1
0,0,-1
0,0,-1
0,0,-1
0,0,-1
0,0,-1
0,0,-1
0,0,-1
0,0,-1
0,0,-1
0.011822,-0.098947,0.57129
0.011848,-0.10497,0.57314
0.011933,-0.11395,0.57831
0.011998,-0.12056,0.58142
0.012169,-0.12992,0.58621
0.012338,-0.13825,0.59567
0.012558,-0.1499,0.6065
0.013279,-0.16536,0.63785
0.015763,-0.20729,0.76222
0.034723,-0.47313,1.6749
0.035083,-0.50093,1.6831
0.035429,-0.52322,1.7038
0.035492,-0.54959,1.7073
0.035752,-0.56973,1.7154
0.035912,-0.59698,1.7161
0.03609,-0.61722,1.7273
0.036194,-0.64229,1.7267
0.036304,-0.66617,1.7433
0.036433,-0.6909,1.7387
0.015395,0.67447,1.7588
0.015354,0.65005,1.7609
0.015335,0.63111,1.7591
0.015283,0.60602,1.7557
0.015224,0.58639,1.7521
0.015128,0.55984,1.7472
0.015109,0.54116,1.7501
0.015025,0.51462,1.7402
0.014979,0.49522,1.7308
0.014894,0.46968,1.7333
0.014813,0.44771,1.7292
0.014674,0.41848,1.7002
0.014194,0.39131,1.6569
0.013793,0.3582,1.6163
0.012808,0.31691,1.5015
0.0059778,0.13858,0.70248
0.0054397,0.11983,0.64205
0.0052404,0.10651,0.61676
0.0051133,0.096546,0.59703
0.0049939,0.086877,0.58966
0.0049417,0.080028,0.58252
0.0049147,0.071493,0.5806
0.0048875,0.065044,0.5779
0.0048472,0.056518,0.57509
0.0048439,0.050445,0.57231
0.0048286,0.042037,0.56998
0.0047871,0.036083,0.56772
0.0047884,0.027909,0.56794
0.0047641,0.021993,0.56617
0.0047553,0.013841,0.56481
0.0047507,0.0079557,0.56451
0,0,-1
0,0,-1
0,0,-1
0,0,-1
0,0,-1
0,0,-1
0,0,-1
0,0,-1
0,0,-1
0,0,-1
0,0,-1
0,0,-1
0.0048119,-0.083803,0.56684
0.0048595,-0.090819,0.57138
0.004876,-0.099155,0.57277
0.0049185,-0.10554,0.57555
0.0049456,-0.11464,0.5791
0.0049886,-0.12127,0.58519
0.0050588,-0.13089,0.5888
0.0051329,-0.1395,0.59834
0.0052101,-0.1513,0.61048
0.0056496,-0.17119,0.6556
0.0079314,-0.25062,0.92061
0.014542,-0.47647,1.6815
0.014616,-0.50359,1.6912
0.014773,-0.52481,1.7057
0.014832,-0.55078,1.7075
0.014938,-0.57273,1.7174
0.015021,-0.59754,1.7239
0.015112,-0.61867,1.7308
0.015224,-0.64481,1.7373
0.015291,-0.66649,1.7436
0.015399,-0.6917,1.7465
-0.005874,0.67921,1.7639
-0.0059292,0.65219,1.7653
-0.0059615,0.63217,1.7642
-0.0059921,0.60797,1.7614
-0.0060155,0.58826,1.7589
-0.0060315,0.56181,1.7507
-0.0060536,0.54146,1.7515
-0.0060737,0.51534,1.7454
-0.0060822,0.4957,1.7422
-0.0060891,0.47031,1.7364
-0.0060894,0.45116,1.7292
-0.0060701,0.42125,1.7058
-0.0059247,0.39459,1.658
-0.0057654,0.36071,1.63
-0.0055408,0.3271,1.5507
-0.0035147,0.19147,0.97401
-0.0023449,0.12173,0.65382
-0.0022788,0.10879,0.63405
-0.0021889,0.097966,0.60379
-0.0021689,0.087509,0.59649
-0.0021329,0.080371,0.58625
-0.0021265,0.071645,0.5815
-0.0021172,0.065505,0.57966
-0.0021135,0.056884,0.57687
-0.0021036,0.050557,0.57355
-0.0021073,0.042202,0.57163
-0.0020927,0.036166,0.56946
-0.0020895,0.027975,0.56819
-0.0020917,0.022092,0.56698
-0.0020918,0.013905,0.56644
-0.0020864,0.0080385,0.56713
-0.0020867,-9.1714e-05,0.56607
0,0,-1
0,0,-1
0,0,-1
0,0,-1
0,0,-1
0,0,-1
0,0,-1
0,0,-1
0,0,-1
0,0,-1
0,0,-1
-0.0020789,-0.084501,0.57189
-0.0020812,-0.091146,0.57355
-0.0020858,-0.099352,0.57367
-0.0020926,-0.10578,0.57762
-0.0020943,-0.11529,0.5813
-0.0021082,-0.12164,0.58663
-0.0021238,-0.13194,0.59366
-0.0021536,-0.14104,0.60687
-0.0022136,-0.15363,0.62365
-0.0025978,-0.18865,0.73333
-0.0048467,-0.3758,1.3791
-0.0059158,-0.47764,1.6892
-0.0059243,-0.50497,1.7
-0.0059269,-0.52514,1.7058
-0.0059176,-0.55216,1.7183
-0.0059244,-0.57299,1.7263
-0.0058907,-0.60099,1.7319
-0.0059088,-0.61951,1.7385
-0.0058802,-0.64638,1.7406
-0.0058582,-0.66742,1.7468
-0.005817,-0.69394,1.751
-0.027205,0.67725,1.7643
-0.027295,0.65334,1.7652
-0.02734,0.6338,1.7666
-0.027337,0.60832,1.7644
-0.027321,0.58965,1.7622
-0.027285,0.56341,1.7586
-0.027315,0.54329,1.7522
-0.027208,0.51755,1.7493
-0.02718,0.49589,1.742
-0.027072,0.47065,1.7371
-0.027137,0.45195,1.7326
-0.026812,0.42226,1.7147
-0.026146,0.39735,1.6664
-0.025541,0.36142,1.6343
-0.024553,0.33175,1.5597
-0.022641,0.28485,1.429
-0.010492,0.12494,0.6688
-0.010147,0.11111,0.64687
-0.0096994,0.10003,0.61688
-0.009423,0.088719,0.60043
-0.0092954,0.081348,0.59187
-0.0092297,0.071824,0.58685
-0.0091427,0.065529,0.58195
-0.0091288,0.057081,0.57911
-0.0091127,0.050865,0.57735
-0.0090599,0.042397,0.57416
-0.0090461,0.036221,0.57033
-0.0089965,0.028037,0.56985
-0.0089808,0.022108,0.56937
-0.0089918,0.013955,0.56717
-0.0089945,0.0080502,0.56956
-0.0089963,-9.2544e-05,0.56739
-0.0089956,-0.0059805,0.56735
0,0,-1
0,0,-1
0,0,-1
0,0,-1
0,0,-1
0,0,-1
0,0,-1
0,0,-1
0,0,-1
-0.009029,-0.076473,0.57296
-0.0090482,-0.084993,0.57438
-0.0090983,-0.091229,0.57433
-0.0091087,-0.099766,0.5776
-0.0091325,-0.10669,0.58055
-0.0092384,-0.11561,0.5848
-0.0092667,-0.12327,0.59234
-0.0094036,-0.13282,0.59883
-0.0096588,-0.14335,0.61411
-0.010096,-0.15843,0.64109
-0.014987,-0.24676,0.95818
-0.026082,-0.45334,1.6638
-0.026502,-0.47942,1.6985
-0.026614,-0.5058,1.7062
-0.02672,-0.52663,1.7143
-0.026804,-0.55234,1.7199
-0.026893,-0.57307,1.7282
-0.026909,-0.60135,1.7359
-0.027066,-0.62279,1.7421
-0.027052,-0.64703,1.7436
-0.027155,-0.66826,1.752
-0.027122,-0.69666,1.7553
-0.048663,0.67739,1.7685
-0.048671,0.65406,1.7693
-0.048794,0.63565,1.7696
-0.048697,0.60913,1.7684
-0.04881,0.59005,1.7664
-0.048728,0.56365,1.7617
-0.048543,0.54486,1.7607
-0.048437,0.51761,1.754
-0.048214,0.49733,1.7452
-0.048074,0.47096,1.7379
-0.048165,0.452,1.7387
-0.047797,0.42453,1.7201
-0.046637,0.39875,1.6692
-0.04548,0.36202,1.6375
-0.043782,0.33306,1.5835
-0.042313,0.29901,1.5237
-0.021032,0.13997,0.74917
-0.018027,0.11225,0.65201
-0.01741,0.10162,0.62555
-0.017028,0.090136,0.60885
-0.016658,0.081598,0.59369
-0.01642,0.072283,0.59049
-0.01634,0.065755,0.5836
-0.016189,0.057126,0.58237
-0.016165,0.050955,0.57955
-0.01611,0.042638,0.57706
-0.01602,0.036471,0.57442
-0.015987,0.028136,0.5708
-0.015944,0.022164,0.57106
-0.015931,0.013982,0.57046
-0.015926,0.0080585,0.57007
-0.015925,-9.3368e-05,0.56984
-0.015928,-0.0059933,0.56981
-0.015885,-0.014136,0.56791
-0.015859,-0.019986,0.56773
0,0,-1
0,0,-1
0,0,-1
0,0,-1
0,0,-1
-0.01597,-0.062495,0.57339
-0.016008,-0.070926,0.57404
-0.01606,-0.0769,0.57538
-0.016073,-0.085354,0.57508
-0.016153,-0.091826,0.57879
-0.016176,-0.10058,0.5806
-0.016322,-0.10734,0.5851
-0.016436,-0.11627,0.58742
-0.016636,-0.12424,0.5959
-0.016926,-0.13475,0.60573
-0.017586,-0.14606,0.63478
-0.018935,-0.16922,0.68531
-0.040786,-0.3792,1.4712
-0.046853,-0.45961,1.6899
-0.047161,-0.48046,1.7053
-0.04752,-0.50781,1.7116
-0.047648,-0.52844,1.7214
-0.047809,-0.55503,1.7283
-0.048022,-0.57657,1.7343
-0.048141,-0.60196,1.739
-0.048202,-0.62263,1.7448
-0.0483,-0.64846,1.7451
-0.048428,-0.66971,1.7565
-0.048415,-0.69665,1.7625
-0.070158,0.67858,1.7664
-0.070091,0.65391,1.7703
-0.07022,0.63675,1.7709
-0.070158,0.61081,1.7687
-0.070204,0.59209,1.7714
-0.070053,0.56519,1.7651
-0.06995,0.54534,1.7601
-0.069807,0.51796,1.7552
-0.069312,0.49958,1.7504
-0.069084,0.47076,1.7374
-0.069116,0.4518,1.738
-0.068666,0.42554,1.727
-0.067412,0.39872,1.6936
-0.065885,0.36549,1.6499
-0.063427,0.33733,1.5849
-0.061772,0.30578,1.5495
-0.049147,0.22861,1.2226
-0.027359,0.11804,0.68497
-0.025472,0.10372,0.63851
-0.024744,0.091572,0.61936
-0.02434,0.082879,0.60624
-0.02391,0.073213,0.59453
-0.023561,0.066256,0.59097
-0.023308,0.057554,0.58423
-0.023237,0.051145,0.58211
-0.023205,0.042716,0.57877
-0.02315,0.036666,0.57833
-0.023014,0.028347,0.57508
-0.022978,0.022246,0.57478
-0.022975,0.014041,0.57497
-0.022982,0.0080984,0.57291
-0.022943,-9.482e-05,0.57075
-0.022901,-0.0060061,0.57108
-0.022895,-0.014164,0.57059
-0.022889,-0.020068,0.57076
-0.022811,-0.028212,0.57007
0,0,-1
0,0,-1
-0.022954,-0.048462,0.57452
-0.022952,-0.056883,0.5741
-0.023033,-0.062876,0.57528
-0.023071,-0.071125,0.57673
-0.023174,-0.077456,0.57667
-0.023206,-0.085747,0.57946
-0.023292,-0.09233,0.58228
-0.023459,-0.1014,0.58592
-0.023638,-0.10789,0.58807
-0.023846,-0.1176,0.5957
-0.024083,-0.12586,0.6068
-0.024809,-0.13788,0.61885
-0.026558,-0.15641,0.6667
-0.033749,-0.20845,0.84276
-0.067051,-0.43468,1.6828
-0.067673,-0.46199,1.6976
-0.068151,-0.48293,1.7112
-0.068297,-0.51065,1.7146
-0.068698,-0.53104,1.724
-0.068729,-0.55745,1.7287
-0.069308,-0.57764,1.7368
-0.069215,-0.6044,1.7396
-0.069625,-0.62393,1.7494
-0.069795,-0.64975,1.7545
-0.070054,-0.67194,1.7583
-0.070073,-0.69935,1.7668
-0.091482,0.68142,1.7675
-0.091702,0.65435,1.772
-0.091649,0.6368,1.7737
-0.09174,0.61099,1.7711
-0.091799,0.59287,1.7724
-0.091575,0.56614,1.767
-0.091295,0.54639,1.7634
-0.091156,0.52045,1.7565
-0.090969,0.50022,1.7587
-0.09042,0.47295,1.7453
-0.090104,0.45205,1.737
-0.089675,0.42529,1.7238
-0.088727,0.40382,1.7087
-0.087145,0.37279,1.6664
-0.083543,0.34302,1.6172
-0.08207,0.30972,1.5865
-0.078188,0.28159,1.5088
-0.053043,0.17527,1.0147
-0.033333,0.10371,0.64201
-0.033075,0.093935,0.63773
-0.032185,0.084885,0.61811
-0.031445,0.074289,0.60287
-0.031161,0.067175,0.5973
-0.030647,0.057948,0.58754
-0.030379,0.051677,0.58551
-0.030354,0.042998,0.58246
-0.030284,0.036807,0.58006
-0.030118,0.0285,0.57847
-0.030081,0.022409,0.57843
-0.030008,0.014079,0.57568
-0.030017,0.0081272,0.57603
-0.030021,-9.6853e-05,0.57609
-0.030022,-0.006068,0.57447
-0.029958,-0.014269,0.57328
-0.030096,-0.020279,0.57375
-0.030079,-0.028497,0.57546
-0.030076,-0.034473,0.57525
-0.030083,-0.042675,0.57471
-0.030065,-0.04875,0.57572
-0.030081,-0.057032,0.57557
-0.030125,-0.062973,0.57704
-0.030121,-0.071639,0.57857
-0.030349,-0.077719,0.581
-0.030413,-0.086374,0.58287
-0.030595,-0.093207,0.58563
-0.030715,-0.1019,0.58948
-0.031083,-0.10913,0.59434
-0.031364,-0.11925,0.60407
-0.03236,-0.12917,0.61755
-0.033307,-0.144,0.64346
-0.040624,-0.18285,0.77976
-0.077459,-0.36859,1.4912
-0.088202,-0.43818,1.6931
-0.088595,-0.46455,1.7043
-0.089312,-0.48481,1.716
-0.08937,-0.51092,1.7237
-0.089885,-0.53303,1.7298
-0.090153,-0.55841,1.733
-0.090582,-0.57985,1.7425
-0.090528,-0.6067,1.7457
-0.091226,-0.62506,1.75
-0.091071,-0.65112,1.7537
-0.091558,-0.67345,1.7577
-0.091493,-0.70047,1.7589
-0.11274,0.68014,1.7752
-0.11322,0.65596,1.7738
-0.11327,0.63657,1.7741
-0.11322,0.61167,1.774
-0.11335,0.59288,1.7744
-0.11288,0.56788,1.7715
-0.11289,0.54694,1.7665
-0.11252,0.52071,1.7564
-0.11215,0.50059,1.758
-0.11153,0.47276,1.7508
-0.11102,0.45207,1.7347
-0.11082,0.42574,1.7227
-0.10992,0.40383,1.7136
-0.10845,0.37624,1.688
-0.10481,0.34698,1.6327
-0.10174,0.3167,1.6177
-0.098483,0.28523,1.5431
-0.094671,0.25438,1.4682
-0.049371,0.12423,0.77262
-0.040855,0.094008,0.63788
-0.040381,0.086707,0.63264
-0.039667,0.076107,0.61872
-0.038996,0.068074,0.604
-0.038438,0.058771,0.59778
-0.037782,0.051978,0.59308
-0.037699,0.043327,0.58694
-0.037589,0.037043,0.5849
-0.037458,0.028551,0.58209
-0.037335,0.022492,0.58165
-0.037355,0.014204,0.58087
-0.037365,0.008184,0.58006
-0.037098,-9.9231e-05,0.5784
-0.037097,-0.0060661,0.57565
-0.037077,-0.014304,0.57392
-0.037101,-0.020296,0.577
-0.037079,-0.02855,0.57764
-0.037093,-0.034508,0.57731
-0.037124,-0.042949,0.57907
-0.037324,-0.048939,0.57859
-0.037182,-0.057221,0.57842
-0.037276,-0.063542,0.57915
-0.037595,-0.071915,0.58357
-0.037557,-0.0784,0.58363
-0.037743,-0.087182,0.58614
-0.037924,-0.093776,0.59046
-0.038358,-0.10306,0.595
-0.038741,-0.11077,0.60284
-0.039538,-0.12143,0.61485
-0.041107,-0.13446,0.63755
-0.045824,-0.15835,0.7134
-0.089781,-0.32656,1.4006
-0.10857,-0.41851,1.6889
-0.10917,-0.43885,1.7006
-0.10991,-0.46569,1.7128
-0.11057,-0.4875,1.7245
-0.11036,-0.51342,1.7243
-0.1111,-0.5332,1.7351
-0.11139,-0.5598,1.7378
-0.11194,-0.58007,1.7455
-0.11207,-0.60698,1.7487
-0.11255,-0.62817,1.7596
-0.11262,-0.655,1.7553
-0.1129,-0.67445,1.7652
-0.11284,-0.70352,1.7684
-0.13426,0.68169,1.7761
-0.13469,0.65615,1.7777
-0.13486,0.63792,1.7761
-0.13469,0.61253,1.7806
-0.13482,0.59462,1.7779
-0.13464,0.56808,1.7734
-0.13414,0.54755,1.7689
-0.13419,0.52109,1.7648
-0.13333,0.50222,1.7589
-0.13307,0.47447,1.7502
-0.13234,0.45243,1.7334
-0.13173,0.42538,1.7277
-0.13092,0.40561,1.7172
-0.12949,0.37737,1.708
-0.12687,0.34859,1.6541
-0.12369,0.31648,1.6238
-0.11841,0.29076,1.5545
-0.11596,0.26231,1.5232
-0.10166,0.21601,1.3336
-0.057131,0.11037,0.75008
-0.048454,0.087338,0.63655
-0.048052,0.077761,0.63253
-0.047168,0.069729,0.61904
-0.046385,0.059479,0.60399
-0.045699,0.052813,0.59785
-0.045227,0.043554,0.59337
-0.044906,0.037322,0.58972
-0.044806,0.028833,0.58721
-0.044593,0.022682,0.58578
-0.044506,0.01432,0.58584
-0.044484,0.0082292,0.58301
-0.044468,-0.00010205,0.58275
-0.044241,-0.0060916,0.57887
-0.044188,-0.014346,0.57873
-0.04424,-0.020449,0.58104
-0.044405,-0.028745,0.58069
-0.044484,-0.034743,0.58129
-0.044414,-0.043004,0.58178
-0.044517,-0.049289,0.58218
-0.044486,-0.057573,0.58433
-0.044725,-0.064076,0.58553
-0.044825,-0.072497,0.58655
-0.044937,-0.078844,0.59264
-0.045359,-0.087768,0.59156
-0.045736,-0.094907,0.60091
-0.046272,-0.10459,0.60343
-0.047088,-0.11282,0.6157
-0.048928,-0.12727,0.63832
-0.054008,-0.14655,0.70416
-0.09072,-0.26435,1.1922
-0.12878,-0.39407,1.6923
-0.12992,-0.42124,1.7005
-0.13034,-0.44124,1.7094
-0.13084,-0.46823,1.7166
-0.13146,-0.48894,1.7247
-0.13177,-0.51446,1.7298
-0.13241,-0.53506,1.7398
-0.13253,-0.56133,1.7484
-0.13345,-0.58218,1.7533
-0.13341,-0.60802,1.7536
-0.13393,-0.62826,1.7602
-0.1344,-0.65553,1.762
-0.13476,-0.67456,1.7658
-0.13482,-0.70343,1.7711
-0.15592,0.68142,1.7738
-0.15611,0.6568,1.7779
-0.15641,0.63863,1.7783
-0.15649,0.6132,1.7817
-0.15634,0.59416,1.78
-0.1564,0.56832,1.7784
-0.15618,0.5499,1.7752
-0.15591,0.52341,1.7705
-0.15563,0.50298,1.7664
-0.15485,0.47515,1.7567
-0.15382,0.45353,1.7439
-0.15291,0.4275,1.7293
-0.15209,0.40552,1.7247
-0.15019,0.37716,1.7083
-0.14786,0.35168,1.6839
-0.14466,0.32296,1.6437
-0.13908,0.29379,1.5769
-0.13614,0.26506,1.547
-0.13032,0.24114,1.4838
-0.11306,0.19157,1.2961
-0.068136,0.10552,0.77401
-0.056229,0.078136,0.63709
-0.055631,0.071034,0.6304
-0.054925,0.061047,0.62082
-0.053972,0.053528,0.60438
-0.053123,0.044396,0.60007
-0.052907,0.037874,0.59572
-0.052793,0.029155,0.59367
-0.052292,0.022926,0.5931
-0.051914,0.014447,0.58836
-0.051844,0.0082932,0.58681
-0.051853,-0.00010573,0.58663
-0.051914,-0.0061686,0.58602
-0.051903,-0.014524,0.58577
-0.051889,-0.020574,0.58559
-0.051938,-0.02892,0.58524
-0.052022,-0.035248,0.58675
-0.051915,-0.043576,0.58708
-0.051932,-0.049691,0.5873
-0.052124,-0.058089,0.58662
-0.052074,-0.064618,0.58807
-0.052499,-0.073328,0.59311
-0.052753,-0.079916,0.59565
-0.053434,-0.088953,0.60294
-0.053943,-0.096611,0.61001
-0.05461,-0.1071,0.61621
-0.057193,-0.11823,0.6447
-0.063335,-0.14119,0.71568
-0.096623,-0.22775,1.0955
-0.14928,-0.37603,1.689
-0.15064,-0.39753,1.7042
-0.15084,-0.42355,1.7087
-0.15163,-0.44245,1.7147
-0.1522,-0.46796,1.7196
-0.15254,-0.48957,1.7319
-0.15312,-0.51444,1.7345
-0.15411,-0.53624,1.7399
-0.1545,-0.56254,1.748
-0.15478,-0.5821,1.7574
-0.15474,-0.60785,1.7568
-0.15583,-0.62782,1.7636
-0.15591,-0.65555,1.7632
-0.1565,-0.67555,1.7767
-0.15603,-0.7047,1.7719
-0.17763,0.67981,1.7745
-0.17805,0.65691,1.7802
-0.17795,0.63977,1.7803
-0.17798,0.61389,1.7822
-0.17812,0.59581,1.7809
-0.17813,0.56934,1.7809
-0.17818,0.55023,1.7774
-0.17743,0.52402,1.7729
-0.17701,0.5035,1.7682
-0.17618,0.47529,1.7564
-0.17533,0.45551,1.7515
-0.17391,0.42881,1.739
-0.17292,0.40612,1.7295
-0.17189,0.37923,1.7106
-0.16857,0.35771,1.6978
-0.16633,0.32525,1.6667
-0.1606,0.29871,1.614
-0.15815,0.26964,1.5569
-0.15143,0.2454,1.5054
-0.14762,0.21741,1.4832
-0.13415,0.18342,1.3356
-0.080805,0.099287,0.80936
-0.064289,0.072167,0.64089
-0.06278,0.061629,0.62567
-0.062436,0.05465,0.62182
-0.061805,0.04518,0.61625
-0.06117,0.038169,0.6048
-0.06079,0.029572,0.60155
-0.060213,0.02307,0.59715
-0.059829,0.014563,0.59589
-0.059561,0.0083807,0.5923
-0.059571,-0.00010975,0.59043
-0.059613,-0.0062352,0.59222
-0.059601,-0.014686,0.58981
-0.059551,-0.020804,0.59081
-0.059489,-0.029295,0.59045
-0.059486,-0.03556,0.59144
-0.059666,-0.043868,0.59305
-0.059858,-0.050129,0.59394
-0.060066,-0.058771,0.5937
-0.060063,-0.065193,0.60018
-0.060746,-0.074151,0.60054
-0.060815,-0.081115,0.61045
-0.062033,-0.090813,0.61623
-0.063041,-0.099865,0.63079
-0.065361,-0.11163,0.647
-0.074833,-0.13645,0.74471
-0.11989,-0.23563,1.1956
-0.1694,-0.35122,1.6892
-0.17111,-0.37869,1.7009
-0.17182,-0.39901,1.7117
-0.17229,-0.42428,1.7153
-0.17284,-0.44362,1.721
-0.1736,-0.4711,1.728
-0.1741,-0.48993,1.7344
-0.17504,-0.51718,1.7408
-0.17512,-0.53736,1.7467
-0.17564,-0.56429,1.7483
-0.17598,-0.58338,1.7578
-0.17707,-0.61052,1.7593
-0.17764,-0.63005,1.7693
-0.17764,-0.65642,1.771
-0.17818,-0.6784,1.7787
-0.17863,-0.70529,1.7745
-0.19923,0.68266,1.7754
-0.19978,0.65683,1.7817
-0.19948,0.63911,1.7828
-0.19982,0.61477,1.7802
-0.19968,0.59513,1.7848
-0.19958,0.57043,1.781
-0.19945,0.55037,1.7776
-0.19965,0.52394,1.7758
-0.19892,0.50404,1.7665
-0.19815,0.47736,1.7607
-0.19623,0.45769,1.7578
-0.19665,0.43045,1.7436
-0.195,0.40793,1.7326
-0.19312,0.38034,1.7286
-0.19203,0.36005,1.7026
-0.18904,0.33083,1.6834
-0.1836,0.30777,1.6499
-0.17955,0.27558,1.5936
-0.17545,0.25055,1.5484
-0.16847,0.22215,1.504
-0.16428,0.20212,1.4679
-0.15836,0.17359,1.3983
-0.092362,0.092991,0.8194
-0.077111,0.067057,0.68736
-0.070319,0.055126,0.62547
-0.069949,0.045859,0.62293
-0.069913,0.039268,0.61832
-0.069154,0.030413,0.61304
-0.068183,0.023602,0.60703
-0.06814,0.014849,0.60248
-0.067954,0.0084902,0.60216
-0.067803,-0.00011487,0.60092
-0.067799,-0.0062828,0.59859
-0.067344,-0.014791,0.59766
-0.067326,-0.02095,0.59825
-0.067288,-0.029539,0.59966
-0.067566,-0.035766,0.60143
-0.067865,-0.044527,0.60157
-0.068068,-0.050735,0.60119
-0.068329,-0.059823,0.60871
-0.06874,-0.066349,0.61048
-0.069716,-0.076316,0.61585
-0.070314,-0.083475,0.62024
-0.072088,-0.095151,0.63842
-0.076357,-0.10761,0.68059
-0.086875,-0.13387,0.77107
-0.16367,-0.2662,1.4555
-0.19069,-0.33508,1.6935
-0.19191,-0.35487,1.7035
-0.19268,-0.38119,1.7105
-0.19313,-0.39985,1.7168
-0.19335,-0.42454,1.7181
-0.19425,-0.44584,1.7262
-0.19479,-0.47099,1.7334
-0.1957,-0.49229,1.7415
-0.19644,-0.51837,1.742
-0.19667,-0.53922,1.7467
-0.19744,-0.56487,1.7528
-0.19805,-0.58525,1.763
-0.19848,-0.61138,1.7644
-0.19901,-0.63122,1.77
-0.19905,-0.65798,1.7744
-0.19995,-0.67832,1.7797
-0.20011,-0.70428,1.7822
-0.22074,0.67959,1.7753
-0.22127,0.65737,1.7808
-0.22172,0.6393,1.7853
-0.22139,0.61449,1.7875
-0.22152,0.59703,1.7828
-0.22151,0.57088,1.7851
-0.22121,0.55173,1.7802
-0.22098,0.52374,1.7767
-0.22078,0.50494,1.7692
-0.21982,0.47797,1.7688
-0.21931,0.4583,1.7587
-0.21752,0.43194,1.7514
-0.2175,0.41123,1.7442
-0.21553,0.38234,1.7293
-0.21293,0.36252,1.7143
-0.21051,0.33361,1.6973
-0.20875,0.31148,1.6763
-0.20331,0.28164,1.6407
-0.19892,0.25965,1.5941
-0.19444,0.22861,1.5496
-0.18659,0.20658,1.5041
-0.18203,0.18116,1.4685
-0.1758,0.15949,1.4163
-0.14359,0.11283,1.1547
-0.091291,0.064621,0.73541
-0.083148,0.048886,0.66569
-0.078279,0.039496,0.62439
-0.077844,0.030617,0.62332
-0.077881,0.02407,0.62132
-0.077922,0.015197,0.6216
-0.077015,0.0086928,0.61787
-0.076621,-0.00012148,0.61717
-0.076368,-0.0064357,0.61551
-0.076157,-0.015154,0.61449
-0.076101,-0.021452,0.609
-0.076059,-0.0302,0.60864
-0.076362,-0.036843,0.61205
-0.076313,-0.045698,0.61322
-0.076475,-0.05217,0.6201
-0.077841,-0.061809,0.62361
-0.078869,-0.068505,0.63179
-0.080329,-0.0788,0.64512
-0.084836,-0.091058,0.68155
-0.091821,-0.1094,0.73423
-0.13436,-0.17112,1.0729
-0.19602,-0.27168,1.5737
-0.21146,-0.3114,1.699
-0.21247,-0.33751,1.7031
-0.21326,-0.35686,1.7121
-0.21388,-0.38205,1.7165
-0.21455,-0.4006,1.7192
-0.21499,-0.42674,1.7216
-0.21589,-0.44665,1.7307
-0.21664,-0.47096,1.7346
-0.21758,-0.49236,1.742
-0.21752,-0.51932,1.749
-0.21865,-0.53945,1.7511
-0.21902,-0.56564,1.7594
-0.21993,-0.58612,1.767
-0.22032,-0.61255,1.7668
-0.22097,-0.63165,1.774
-0.22164,-0.6577,1.7782
-0.22144,-0.6811,1.7806
-0.22297,-0.70794,1.7798
-0.24204,0.68063,1.776
-0.24301,0.65696,1.7842
-0.24316,0.63995,1.7834
-0.24328,0.61535,1.7858
-0.24331,0.59654,1.7844
-0.24303,0.57048,1.7836
-0.24263,0.55243,1.786
-0.24269,0.52608,1.7789
-0.24237,0.50561,1.776
-0.24178,0.47924,1.7691
-0.24075,0.46019,1.7642
-0.23997,0.43391,1.7558
-0.23839,0.41307,1.752
-0.23796,0.38583,1.7381
-0.23587,0.36459,1.7304
-0.23357,0.33725,1.7162
-0.23105,0.3162,1.6975
-0.22921,0.28789,1.6753
-0.22309,0.26475,1.6409
-0.21931,0.23729,1.596
-0.2133,0.21318,1.5532
-0.20561,0.18641,1.5188
-0.20214,0.16585,1.4791
-0.19286,0.13925,1.4162
-0.17535,0.11214,1.2839
-0.14046,0.075705,1.0261
-0.10224,0.047262,0.74737
-0.094235,0.033772,0.68559
-0.08744,0.024853,0.63953
-0.08631,0.015277,0.62865
-0.086274,0.0088093,0.62878
-0.086288,-0.00012955,0.629
-0.086466,-0.0067141,0.63085
-0.086849,-0.015717,0.63396
-0.087069,-0.022448,0.63386
-0.087037,-0.031501,0.6352
-0.087091,-0.038458,0.63767
-0.088683,-0.047894,0.64312
-0.089462,-0.055297,0.6541
-0.091255,-0.066006,0.66586
-0.096159,-0.07698,0.7045
-0.10482,-0.094549,0.76383
-0.14777,-0.14487,1.0798
-0.20197,-0.21891,1.4779
-0.23162,-0.26896,1.6885
-0.23278,-0.29384,1.7011
-0.23335,-0.31337,1.7049
-0.23408,-0.33921,1.7126
-0.23498,-0.35792,1.717
-0.23574,-0.38299,1.7179
-0.23604,-0.40185,1.7246
-0.2367,-0.42684,1.7286
-0.23661,-0.44643,1.7341
-0.23792,-0.47348,1.743
-0.23897,-0.49397,1.7486
-0.23918,-0.5209,1.7495
-0.23997,-0.54048,1.757
-0.24016,-0.5657,1.7613
-0.24111,-0.58763,1.7673
-0.24233,-0.6119,1.7677
-0.2429,-0.63367,1.774
-0.24323,-0.65905,1.778
-0.24396,-0.68093,1.7859
-0.24387,-0.70886,1.7911
-0.26361,0.6811,1.7761
-0.26417,0.65713,1.7823
-0.26468,0.63969,1.7834
-0.2653,0.61617,1.7897
-0.26519,0.59769,1.7879
-0.26478,0.57107,1.7879
-0.2649,0.55236,1.785
-0.26424,0.52726,1.7823
-0.26374,0.50662,1.7771
-0.26399,0.47946,1.7737
-0.26315,0.46054,1.7683
-0.26208,0.43436,1.7665
-0.26022,0.41446,1.7552
-0.25982,0.38798,1.7469
-0.25798,0.36717,1.7355
-0.25702,0.33983,1.7298
-0.2547,0.3195,1.7166
-0.25263,0.29302,1.6989
-0.2495,0.27249,1.6753
-0.24569,0.2446,1.6558
-0.24081,0.2221,1.6133
-0.23521,0.19457,1.598
-0.22963,0.17445,1.5471
-0.22501,0.14998,1.5108
-0.2164,0.12887,1.4665
-0.206,0.10243,1.3785
-0.205,0.088117,1.3794
-0.18661,0.061175,1.2489
-0.14412,0.037391,0.96241
-0.1214,0.019832,0.80755
-0.10941,0.010342,0.73289
-0.10453,-0.00015031,0.70579
-0.10126,-0.0071668,0.67789
-0.099746,-0.016745,0.67237
-0.099719,-0.023712,0.67217
-0.10096,-0.033691,0.67587
-0.10655,-0.043,0.71323
-0.1123,-0.055887,0.75339
-0.12581,-0.07153,0.84743
-0.14946,-0.099417,1.0054
-0.20369,-0.14961,1.3697
-0.23645,-0.1963,1.5847
-0.25156,-0.22621,1.687
-0.25215,-0.25135,1.6954
-0.25354,-0.26967,1.7022
-0.25416,-0.29567,1.7063
-0.25517,-0.31439,1.7121
-0.25591,-0.34018,1.7161
-0.25692,-0.35875,1.7182
-0.25664,-0.38389,1.7264
-0.25727,-0.4026,1.7289
-0.25736,-0.42821,1.7313
-0.25853,-0.4484,1.7334
-0.25938,-0.47596,1.7434
-0.26023,-0.49403,1.7491
-0.26109,-0.52165,1.7536
-0.26198,-0.54008,1.7555
-0.26243,-0.56741,1.7634
-0.26311,-0.58809,1.771
-0.26374,-0.61328,1.7694
-0.26541,-0.63487,1.777
-0.26465,-0.66162,1.7782
-0.26638,-0.68151,1.7836
-0.267,-0.70956,1.7894
-0.28395,0.68026,1.7778
-0.28571,0.65771,1.7803
-0.28615,0.63976,1.7841
-0.28685,0.61596,1.7915
-0.28634,0.59808,1.7856
-0.28684,0.57258,1.7898
-0.28668,0.55228,1.7895
-0.28643,0.52754,1.7839
-0.28605,0.50734,1.7799
-0.28534,0.48032,1.7786
-0.28463,0.46112,1.7746
-0.28334,0.43512,1.7698
-0.28232,0.4151,1.7608
-0.28167,0.38872,1.7566
-0.28056,0.36979,1.7451
-0.27925,0.3424,1.7366
-0.27776,0.32244,1.7293
-0.27644,0.2953,1.7177
-0.27439,0.27736,1.7071
-0.27157,0.24986,1.6929
-0.26918,0.2304,1.6745
-0.26779,0.20428,1.6609
-0.26165,0.18501,1.6326
-0.25867,0.15825,1.6143
-0.24659,0.13592,1.5333
-0.24689,0.11389,1.535
-0.24708,0.097975,1.5405
-0.24824,0.075902,1.5417
-0.24869,0.059921,1.5493
-0.24882,0.037819,1.5347
-0.24534,0.021431,1.5252
-0.23577,-0.00032607,1.4657
-0.22121,-0.01452,1.3723
-0.21555,-0.033353,1.3391
-0.21549,-0.047226,1.3387
-0.22497,-0.069347,1.3979
-0.24651,-0.091807,1.535
-0.25399,-0.11722,1.5776
-0.26804,-0.14069,1.6631
-0.27104,-0.16655,1.68
-0.27164,-0.18455,1.6884
-0.27282,-0.20959,1.6941
-0.27309,-0.2276,1.6988
-0.2743,-0.25267,1.7022
-0.27531,-0.2713,1.7109
-0.27589,-0.29707,1.7121
-0.27692,-0.31518,1.7181
-0.27727,-0.34092,1.7205
-0.2777,-0.35911,1.7283
-0.27807,-0.38406,1.728
-0.27863,-0.40392,1.731
-0.27876,-0.43,1.7313
-0.27977,-0.44884,1.7413
-0.28157,-0.47541,1.747
-0.28202,-0.49391,1.7568
-0.28201,-0.52168,1.7519
-0.28363,-0.5414,1.758
-0.28377,-0.56841,1.7639
-0.28503,-0.58864,1.7718
-0.28483,-0.61356,1.7672
-0.2867,-0.63604,1.7812
-0.28667,-0.66329,1.7849
-0.28867,-0.68134,1.7877
-0.2888,-0.70939,1.7898
-0.30528,0.68038,1.771
-0.30668,0.65706,1.7791
-0.30771,0.63914,1.783
-0.30907,0.61614,1.7907
-0.30845,0.59791,1.7903
-0.3086,0.57208,1.7878
-0.30858,0.55303,1.7869
-0.30893,0.52697,1.7897
-0.30788,0.50834,1.7839
-0.30762,0.48217,1.7778
-0.30625,0.46227,1.7788
-0.30624,0.4357,1.7715
-0.30462,0.41563,1.7646
-0.30393,0.38987,1.7613
-0.30293,0.37026,1.7531
-0.30193,0.34428,1.7433
-0.30025,0.32396,1.7366
-0.29882,0.29832,1.7302
-0.298,0.27885,1.7227
-0.29597,0.253,1.711
-0.29355,0.23444,1.7038
-0.29274,0.20827,1.6965
-0.29156,0.18989,1.679
-0.28677,0.16285,1.661
-0.27997,0.14374,1.6207
-0.28031,0.12053,1.6225
-0.28392,0.10402,1.6391
-0.28416,0.08062,1.6403
-0.2834,0.063642,1.6435
-0.28354,0.040175,1.644
-0.28492,0.02315,1.6446
-0.28542,-0.00038294,1.6519
-0.28772,-0.017595,1.6598
-0.28911,-0.04151,1.6669
-0.28941,-0.058941,1.6756
-0.29004,-0.083124,1.6767
-0.29141,-0.10086,1.6839
-0.29296,-0.12538,1.6915
-0.29363,-0.14332,1.6924
-0.29339,-0.16781,1.6985
-0.29401,-0.18539,1.6975
-0.29468,-0.21073,1.7028
-0.2949,-0.22873,1.7045
-0.29645,-0.25352,1.7117
-0.29656,-0.27274,1.7139
-0.29725,-0.29763,1.7178
-0.29808,-0.31613,1.7197
-0.2985,-0.34146,1.727
-0.29859,-0.35959,1.7288
-0.29967,-0.38546,1.7315
-0.30011,-0.40378,1.7318
-0.30074,-0.42985,1.7361
-0.3023,-0.44876,1.7408
-0.30307,-0.47553,1.755
-0.30364,-0.49486,1.7549
-0.30408,-0.52142,1.7593
-0.30536,-0.54121,1.7654
-0.30515,-0.56919,1.7629
-0.30686,-0.58955,1.7709
-0.30615,-0.61578,1.7752
-0.30781,-0.63788,1.7832
-0.3081,-0.66381,1.785
-0.30997,-0.68441,1.788
-0.30984,-0.71087,1.7927
-0.32545,0.67753,1.7743
-0.32753,0.65609,1.7779
-0.32863,0.63958,1.78
-0.33007,0.6152,1.7897
-0.32987,0.59794,1.7928
-0.32977,0.57319,1.7876
-0.33043,0.55381,1.7892
-0.33079,0.52616,1.7882
-0.32952,0.50834,1.7853
-0.32965,0.48232,1.7824
-0.32914,0.46372,1.7778
-0.32783,0.43721,1.7706
-0.32778,0.41633,1.768
-0.32622,0.39033,1.7632
-0.32522,0.37141,1.7593
-0.32437,0.34527,1.7523
-0.32229,0.32557,1.7434
-0.32149,0.29925,1.7351
-0.32045,0.2803,1.7308
-0.31917,0.2549,1.7258
-0.3177,0.2358,1.7195
-0.31647,0.2103,1.7099
-0.31518,0.19163,1.7043
-0.31176,0.16568,1.6834
-0.30906,0.14729,1.6772
-0.30924,0.12288,1.6713
-0.31073,0.10615,1.6742
-0.31099,0.082389,1.6768
-0.31104,0.065035,1.6776
-0.31114,0.041034,1.6794
-0.31128,0.023655,1.6811
-0.31189,-0.00040697,1.6836
-0.31218,-0.017901,1.686
-0.31213,-0.042058,1.6865
-0.31331,-0.059675,1.6887
-0.3136,-0.084037,1.6882
-0.31493,-0.10203,1.7006
-0.31487,-0.1263,1.7035
-0.31504,-0.14409,1.7023
-0.31572,-0.16848,1.7008
-0.31594,-0.18633,1.7032
-0.31701,-0.21162,1.7114
-0.3175,-0.2295,1.7115
-0.3171,-0.25489,1.7152
-0.31807,-0.27303,1.7181
-0.31881,-0.29808,1.7217
-0.31962,-0.31687,1.728
-0.31943,-0.34169,1.7287
-0.32057,-0.36065,1.7329
-0.32114,-0.3857,1.7321
-0.32163,-0.40447,1.737
-0.32209,-0.43026,1.7395
-0.32338,-0.45054,1.7426
-0.32466,-0.47669,1.7532
-0.32471,-0.49641,1.7572
-0.32556,-0.52221,1.7581
-0.32714,-0.54326,1.7641
-0.32767,-0.56856,1.7671
-0.32832,-0.58961,1.7763
-0.32859,-0.61755,1.7824
-0.32964,-0.63908,1.7844
-0.33097,-0.66408,1.7873
-0.33165,-0.68375,1.7919
-0.33163,-0.70955,1.7931
-0.34651,0.67674,1.7664
-0.34817,0.65455,1.7764
-0.34933,0.63915,1.7805
-0.3514,0.61641,1.7882
-0.35183,0.5967,1.7905
-0.35225,0.57264,1.7941
-0.35164,0.55459,1.7859
-0.35197,0.52805,1.7896
-0.35114,0.50803,1.7871
-0.35082,0.4835,1.7865
-0.35135,0.46322,1.7789
-0.35044,0.43852,1.7764
-0.34851,0.41825,1.7671
-0.34826,0.39095,1.7659
-0.34639,0.37202,1.7613
-0.34606,0.34647,1.7574
-0.34493,0.32642,1.7513
-0.34334,0.30051,1.7433
-0.34232,0.28175,1.7341
-0.34192,0.25568,1.7342
-0.34017,0.2376,1.7244
-0.33889,0.21164,1.7205
-0.33851,0.19387,1.7142
-0.33553,0.16717,1.703
-0.33362,0.14917,1.6961
-0.33268,0.12433,1.6907
-0.33524,0.10756,1.6977
-0.33553,0.08344,1.699
-0.33538,0.065792,1.6985
-0.33489,0.041486,1.6992
-0.33497,0.023876,1.6987
-0.33512,-0.00042926,1.6984
-0.33528,-0.018033,1.6983
-0.33506,-0.04234,1.6978
-0.33528,-0.060089,1.6994
-0.33577,-0.084462,1.7004
-0.33648,-0.1024,1.7082
-0.33643,-0.12679,1.7074
-0.33688,-0.14463,1.7083
-0.33683,-0.16907,1.7078
-0.33788,-0.18708,1.7157
-0.33808,-0.21155,1.7136
-0.33868,-0.23068,1.7185
-0.33905,-0.25514,1.7192
-0.34037,-0.27341,1.7219
-0.34058,-0.29917,1.7278
-0.34086,-0.31752,1.7277
-0.34124,-0.34247,1.7308
-0.34223,-0.36109,1.7334
-0.34265,-0.38629,1.7355
-0.34339,-0.40584,1.7405
-0.34391,-0.43057,1.7427
-0.345,-0.45029,1.7466
-0.34579,-0.47753,1.7547
-0.34677,-0.49753,1.7585
-0.34744,-0.52439,1.7617
-0.34883,-0.54379,1.7698
-0.34968,-0.56877,1.7711
-0.3508,-0.5898,1.7736
-0.35015,-0.61721,1.7806
-0.3531,-0.63913,1.7891
-0.35279,-0.66293,1.7871
-0.35319,-0.68518,1.7908
-0.35373,-0.71032,1.7898
-0.36766,0.67375,1.7695
-0.36877,0.65375,1.7725
-0.36999,0.63817,1.7782
-0.37237,0.61545,1.7889
-0.3728,0.59803,1.7892
-0.37437,0.57156,1.792
-0.37412,0.55404,1.7928
-0.37363,0.52824,1.7885
-0.3731,0.50936,1.7888
-0.37295,0.48322,1.7872
-0.37214,0.46441,1.7802
-0.3718,0.43811,1.7808
-0.37118,0.41807,1.7702
-0.37019,0.39138,1.7675
-0.36927,0.37247,1.7655
-0.3675,0.34675,1.7614
-0.36714,0.32737,1.7595
-0.36614,0.30129,1.7498
-0.36415,0.28225,1.7426
-0.36326,0.257,1.7388
-0.36279,0.23805,1.7352
-0.3615,0.21274,1.7336
-0.36113,0.1945,1.7281
-0.35895,0.1691,1.7126
-0.35673,0.14993,1.7025
-0.35632,0.12522,1.699
-0.35706,0.10818,1.7097
-0.35736,0.083832,1.711
-0.35739,0.066166,1.7079
-0.35686,0.041681,1.7078
-0.35675,0.023992,1.7025
-0.35658,-0.00045028,1.7026
-0.35657,-0.018098,1.7056
-0.3566,-0.042506,1.707
-0.35788,-0.06032,1.7075
-0.35833,-0.084787,1.7079
-0.35903,-0.10265,1.7136
-0.35884,-0.12733,1.712
-0.35867,-0.14535,1.7116
-0.35911,-0.16998,1.714
-0.35942,-0.18779,1.7159
-0.35944,-0.21271,1.7174
-0.36046,-0.23066,1.7193
-0.36127,-0.25549,1.7247
-0.36142,-0.27463,1.7279
-0.36228,-0.29938,1.7281
-0.36214,-0.31784,1.7319
-0.36308,-0.34322,1.7342
-0.36331,-0.36174,1.7357
-0.36369,-0.38753,1.738
-0.36441,-0.40515,1.7419
-0.36456,-0.43065,1.7428
-0.36721,-0.45172,1.7519
-0.36812,-0.47773,1.756
-0.36902,-0.49817,1.764
-0.36913,-0.52417,1.7636
-0.37096,-0.54336,1.7721
-0.37091,-0.57108,1.7708
-0.37188,-0.5909,1.7777
-0.37307,-0.61606,1.7795
-0.3744,-0.63858,1.7887
-0.37437,-0.66354,1.7894
-0.37619,-0.68375,1.7945
-0.37663,-0.71065,1.7977
-0.38739,0.67441,1.755
-0.38923,0.65316,1.7687
-0.3908,0.63705,1.7765
-0.39331,0.61494,1.7876
-0.39426,0.59738,1.7895
-0.39536,0.57344,1.7893
-0.39548,0.55321,1.7904
-0.3946,0.52922,1.7902
-0.39519,0.5099,1.7892
-0.39515,0.48343,1.7894
-0.39444,0.4648,1.7864
-0.39359,0.43828,1.7804
-0.39293,0.41954,1.778
-0.39198,0.39237,1.771
-0.39111,0.37295,1.7661
-0.39065,0.34727,1.7653
-0.38853,0.32804,1.7587
-0.38871,0.30204,1.7558
-0.38722,0.28287,1.7483
-0.38508,0.25739,1.7438
-0.38485,0.23893,1.74
-0.38421,0.21331,1.7346
-0.38275,0.19487,1.7345
-0.38161,0.16962,1.7263
-0.37964,0.151,1.7135
-0.3776,0.1259,1.7131
-0.37874,0.1084,1.7143
-0.3791,0.08405,1.713
-0.37924,0.066333,1.7137
-0.37901,0.041826,1.7162
-0.3791,0.024029,1.7165
-0.37926,-0.00047307,1.7135
-0.37966,-0.018217,1.7134
-0.37959,-0.042783,1.7149
-0.37957,-0.06056,1.7184
-0.38022,-0.085154,1.7176
-0.38069,-0.1029,1.7167
-0.38081,-0.12754,1.7186
-0.38052,-0.14531,1.7186
-0.38051,-0.17015,1.7199
-0.38085,-0.18808,1.7194
-0.38099,-0.21343,1.7205
-0.38209,-0.23113,1.726
-0.3819,-0.25644,1.7277
-0.38311,-0.27472,1.7278
-0.38277,-0.29954,1.7301
-0.38352,-0.31838,1.7332
-0.38411,-0.34341,1.7348
-0.38486,-0.3623,1.7383
-0.38492,-0.38699,1.7413
-0.38591,-0.40597,1.7428
-0.38696,-0.43266,1.749
-0.3881,-0.45182,1.7515
-0.38898,-0.47882,1.7581
-0.39048,-0.49892,1.7641
-0.39216,-0.52373,1.7663
-0.39241,-0.54479,1.7726
-0.39283,-0.57093,1.7749
-0.39305,-0.59006,1.7762
-0.39471,-0.61728,1.7824
-0.39547,-0.63875,1.7918
-0.39617,-0.66453,1.7954
-0.39909,-0.68568,1.7982
-0.39758,-0.71061,1.794
-0.40748,0.67078,1.7514
-0.40953,0.65072,1.7621
-0.41201,0.63578,1.7746
-0.4144,0.61471,1.7831
-0.41511,0.59653,1.7877
-0.41655,0.57303,1.7894
-0.41701,0.5542,1.7888
-0.41779,0.52823,1.7918
-0.41628,0.51068,1.7897
-0.41634,0.48477,1.79
-0.41654,0.46487,1.7831
-0.41513,0.43819,1.7813
-0.41424,0.41931,1.78
-0.41427,0.39321,1.777
-0.41274,0.37385,1.7676
-0.41257,0.34872,1.7664
-0.41102,0.32838,1.7627
-0.4102,0.30303,1.7584
-0.40957,0.28358,1.7539
-0.40819,0.25782,1.7474
-0.4067,0.23941,1.7427
-0.40623,0.2143,1.7407
-0.40518,0.19546,1.7392
-0.4032,0.16992,1.7325
-0.40185,0.15149,1.7233
-0.39979,0.12629,1.716
-0.40008,0.10893,1.7156
-0.40118,0.0844,1.7169
-0.40118,0.06652,1.7176
-0.40138,0.041929,1.7203
-0.40133,0.024096,1.7207
-0.4014,-0.00049683,1.7216
-0.4021,-0.018334,1.7219
-0.40202,-0.042966,1.7228
-0.40179,-0.06084,1.7216
-0.40158,-0.08557,1.7206
-0.4021,-0.10326,1.7196
-0.40261,-0.12793,1.7192
-0.40231,-0.14567,1.7184
-0.40211,-0.17045,1.7223
-0.40227,-0.18861,1.7235
-0.40252,-0.21351,1.7281
-0.40245,-0.23166,1.7272
-0.40315,-0.2565,1.7278
-0.40384,-0.27496,1.7301
-0.40411,-0.29989,1.733
-0.40448,-0.31823,1.7332
-0.40552,-0.34403,1.7373
-0.40602,-0.36216,1.7401
-0.40662,-0.38782,1.7414
-0.40738,-0.40641,1.7455
-0.40726,-0.4324,1.7464
-0.40855,-0.45371,1.753
-0.41058,-0.47838,1.7641
-0.41242,-0.49868,1.7618
-0.41261,-0.5244,1.7652
-0.41457,-0.54516,1.7774
-0.41415,-0.5714,1.775
-0.41562,-0.59174,1.7842
-0.41728,-0.61594,1.7836
-0.41795,-0.63775,1.7911
-0.41838,-0.66607,1.7956
-0.42031,-0.68641,1.7965
-0.41916,-0.71222,1.8067
-0.42825,0.67061,1.7467
-0.43023,0.64865,1.7575
-0.43339,0.63418,1.7705
-0.43556,0.61344,1.7787
-0.4369,0.59501,1.7838
-0.43785,0.57173,1.7902
-0.43768,0.5537,1.7893
-0.43862,0.52791,1.7895
-0.4387,0.50976,1.7889
-0.43876,0.48433,1.7869
-0.43782,0.46433,1.7882
-0.43714,0.43874,1.7866
-0.43586,0.41959,1.7796
-0.43549,0.39373,1.7753
-0.43549,0.37409,1.7752
-0.43397,0.34827,1.7677
-0.43311,0.33009,1.7624
-0.43192,0.30311,1.7622
-0.43099,0.2845,1.7565
-0.43059,0.25836,1.7528
-0.42878,0.23962,1.7532
-0.42774,0.21433,1.7448
-0.4274,0.19605,1.74
-0.42563,0.17041,1.737
-0.42375,0.15166,1.729
-0.42255,0.1271,1.7211
-0.42336,0.10936,1.7265
-0.42388,0.084756,1.7278
-0.42408,0.066788,1.7263
-0.42372,0.04206,1.727
-0.42322,0.024182,1.7267
-0.42356,-0.00052264,1.7268
-0.42356,-0.018441,1.7264
-0.4238,-0.043178,1.726
-0.42414,-0.061054,1.7255
-0.42398,-0.085737,1.7246
-0.42395,-0.10359,1.7237
-0.42401,-0.12819,1.7252
-0.42454,-0.14607,1.7257
-0.42419,-0.17087,1.7286
-0.42405,-0.189,1.7274
-0.42409,-0.21347,1.727
-0.42365,-0.23169,1.7265
-0.42436,-0.25668,1.7269
-0.4248,-0.27493,1.7325
-0.425,-0.29994,1.7327
-0.42622,-0.31905,1.7364
-0.42661,-0.34411,1.7369
-0.428,-0.36298,1.7412
-0.42781,-0.3881,1.7397
-0.42775,-0.40656,1.7469
-0.42916,-0.43205,1.7462
-0.43149,-0.45302,1.7517
-0.43337,-0.47993,1.7596
-0.43359,-0.49785,1.7655
-0.43297,-0.52476,1.7695
-0.4362,-0.54554,1.7741
-0.43655,-0.57119,1.7738
-0.43859,-0.59126,1.7799
-0.43904,-0.61884,1.782
-0.43908,-0.63855,1.7886
-0.4396,-0.66569,1.7916
-0.44123,-0.6852,1.7934
-0.44308,-0.71243,1.7997
-0.44677,0.6669,1.7416
-0.45063,0.64688,1.7509
-0.45382,0.63285,1.7684
-0.4561,0.61207,1.7759
-0.4575,0.59438,1.7794
-0.45909,0.57007,1.7864
-0.4599,0.55247,1.7884
-0.46016,0.5286,1.7909
-0.45991,0.50894,1.7874
-0.45975,0.48443,1.7894
-0.46028,0.46487,1.785
-0.4593,0.43907,1.7871
-0.45764,0.41905,1.7832
-0.45699,0.39386,1.7749
-0.4564,0.37413,1.774
-0.4553,0.34802,1.7751
-0.45426,0.3295,1.7653
-0.45334,0.30426,1.7653
-0.45265,0.28428,1.7576
-0.45189,0.2592,1.7544
-0.45118,0.24005,1.7503
-0.44996,0.2149,1.7515
-0.44825,0.1967,1.7466
-0.44782,0.1709,1.7375
-0.44503,0.15209,1.7301
-0.44473,0.12698,1.731
-0.44504,0.10943,1.7331
-0.44592,0.084802,1.7344
-0.44562,0.066895,1.7318
-0.44584,0.042112,1.7318
-0.44595,0.024201,1.7319
-0.44588,-0.00054782,1.7321
-0.44607,-0.018474,1.7323
-0.44561,-0.04322,1.7347
-0.44588,-0.061129,1.7342
-0.44638,-0.085861,1.7308
-0.44632,-0.10376,1.729
-0.44594,-0.12868,1.7283
-0.44585,-0.14652,1.728
-0.44549,-0.17108,1.7301
-0.44548,-0.18919,1.7279
-0.44567,-0.2143,1.7263
-0.44524,-0.23209,1.7274
-0.44555,-0.25738,1.7302
-0.44607,-0.2753,1.7305
-0.44714,-0.30063,1.7365
-0.44725,-0.31908,1.7342
-0.44839,-0.34459,1.7398
-0.44848,-0.36257,1.7391
-0.44852,-0.38807,1.7427
-0.45003,-0.40654,1.7444
-0.4508,-0.43314,1.7489
-0.45268,-0.45217,1.7557
-0.45369,-0.47904,1.756
-0.45462,-0.49978,1.7646
-0.45574,-0.52566,1.7689
-0.45733,-0.54491,1.7728
-0.45835,-0.57164,1.7754
-0.45929,-0.59022,1.7838
-0.4597,-0.61829,1.7816
-0.45995,-0.63816,1.7861
-0.46085,-0.66431,1.7878
-0.46208,-0.68616,1.7925
-0.46214,-0.71071,1.7929
-0.46266,0.65877,1.7279
-0.47054,0.6435,1.7447
-0.47359,0.62984,1.7631
-0.47623,0.61038,1.7724
-0.47768,0.59341,1.7756
-0.47934,0.56958,1.7826
-0.4806,0.55161,1.7857
-0.48092,0.52789,1.786
-0.48121,0.50896,1.7866
-0.48039,0.48429,1.7854
-0.48084,0.46492,1.7832
-0.48048,0.43916,1.7827
-0.47866,0.42003,1.7811
-0.47907,0.39333,1.7751
-0.47713,0.3742,1.771
-0.47696,0.3486,1.7736
-0.47536,0.3291,1.7716
-0.47533,0.30397,1.7667
-0.47433,0.28548,1.7617
-0.475,0.25997,1.7592
-0.4731,0.24077,1.7516
-0.47225,0.21516,1.7514
-0.47049,0.19667,1.7491
-0.46857,0.17144,1.7439
-0.4666,0.15252,1.7317
-0.46557,0.1274,1.7333
-0.46747,0.10969,1.7337
-0.46843,0.084976,1.735
-0.46815,0.067066,1.7329
-0.46817,0.04219,1.7336
-0.46785,0.024235,1.7322
-0.46835,-0.00057434,1.7365
-0.46792,-0.018515,1.7341
-0.46833,-0.043314,1.7359
-0.46778,-0.061221,1.7332
-0.46788,-0.086063,1.7357
-0.46739,-0.10402,1.7328
-0.46726,-0.12885,1.7313
-0.46688,-0.14671,1.7299
-0.46656,-0.1713,1.7281
-0.466,-0.18932,1.7273
-0.46541,-0.21393,1.7263
-0.46714,-0.23262,1.7288
-0.46794,-0.25755,1.7319
-0.46846,-0.27555,1.7335
-0.46798,-0.30088,1.7322
-0.4694,-0.31923,1.7337
-0.46904,-0.3438,1.7381
-0.46969,-0.36312,1.7425
-0.47051,-0.3878,1.7429
-0.47169,-0.407,1.7474
-0.47123,-0.43264,1.7469
-0.47508,-0.45262,1.7549
-0.47478,-0.47966,1.7573
-0.4763,-0.49863,1.7683
-0.47764,-0.52443,1.7682
-0.47901,-0.54487,1.7759
-0.47926,-0.57066,1.7711
-0.4809,-0.59299,1.7816
-0.48081,-0.61734,1.7777
-0.48314,-0.63882,1.7831
-0.48383,-0.66442,1.7892
-0.484,-0.6854,1.7923
-0.48513,-0.71092,1.8008
-0.47763,0.65307,1.7077
-0.4885,0.64035,1.7386
-0.49345,0.62806,1.7577
-0.49398,0.60643,1.7655
-0.49852,0.59345,1.7765
-0.49827,0.56869,1.7753
-0.50083,0.55111,1.785
-0.50103,0.52624,1.7799
-0.50134,0.50957,1.7815
-0.50044,0.4837,1.7842
-0.50375,0.46556,1.7805
-0.50165,0.43783,1.7802
-0.50167,0.42043,1.7793
-0.49914,0.39275,1.7807
-0.50007,0.37305,1.7734
-0.49659,0.34905,1.7693
-0.49646,0.32985,1.7644
-0.49635,0.30365,1.771
-0.49587,0.28526,1.7642
-0.4951,0.25998,1.76
-0.49584,0.24171,1.7562
-0.49366,0.21545,1.7549
-0.49517,0.19749,1.7536
-0.49289,0.17138,1.748
-0.48691,0.15224,1.7262
-0.48655,0.12744,1.7282
-0.49004,0.11052,1.7418
-0.48941,0.085191,1.737
-0.48812,0.066983,1.7442
-0.48903,0.042204,1.7346
-0.49091,0.024272,1.7389
-0.48899,-0.0006012,1.7364
-0.48877,-0.018623,1.7369
-0.48902,-0.043333,1.7305
-0.48854,-0.061472,1.7367
-0.48818,-0.08603,1.7337
-0.48879,-0.10438,1.7362
-0.4901,-0.12886,1.7309
-0.48868,-0.14677,1.7332
-0.48676,-0.17124,1.7282
-0.48797,-0.1892,1.728
-0.48719,-0.21426,1.7257
-0.48828,-0.23253,1.733
-0.48865,-0.25733,1.7308
-0.49021,-0.27591,1.739
-0.48975,-0.30076,1.7314
-0.49107,-0.31869,1.7405
-0.49017,-0.34464,1.7389
-0.49089,-0.36274,1.7425
-0.49012,-0.38726,1.739
-0.49237,-0.40607,1.7422
-0.49221,-0.43249,1.747
-0.49622,-0.453,1.7581
-0.49662,-0.47828,1.7605
-0.49939,-0.49942,1.7665
-0.49767,-0.52517,1.7687
-0.49904,-0.54539,1.7709
-0.50205,-0.5718,1.7718
-0.50269,-0.59249,1.7787
-0.50249,-0.61717,1.7771
-0.5074,-0.63818,1.792
-0.5047,-0.66259,1.793
-0.50597,-0.68352,1.7949
-0.50605,-0.7123,1.7928
