0.30183,0.37109,0.96236
0.30289,0.36004,0.97011
0.30088,0.34595,0.96952
0.30824,0.34298,0.99347
0.31863,0.33986,1.0194
0.30738,0.31566,0.98529
0.30254,0.30239,0.9666
0.31037,0.29443,1.0063
0.30064,0.27532,0.96265
0.30877,0.26687,0.98602
0.30841,0.2553,0.98515
0.2988,0.23648,0.95552
0.29257,0.22109,0.94097
0.29673,0.21002,0.94522
0.29055,0.19643,0.93613
0.28664,0.18017,0.91913
0.28083,0.16794,0.90327
0.28015,0.15478,0.90343
0.27817,0.14428,0.89542
0.27392,0.1308,0.88355
0.27433,0.12003,0.88006
0.27324,0.10805,0.87521
0.27737,0.098683,0.88957
0.28689,0.089938,0.91075
0.29676,0.084199,0.95246
0.28,0.065397,0.89178
0.21085,0.042989,0.67625
0.18846,0.02953,0.60481
0.18533,0.022956,0.59058
0.18488,0.014322,0.59015
0.18575,0.0082345,0.59279
0.18376,-0.00022935,0.58868
0.18771,-0.0064298,0.59855
0.18897,-0.015142,0.60227
0.18744,-0.021199,0.59982
0.18512,-0.029823,0.59493
0.18461,-0.035495,0.58937
0.18162,-0.04351,0.58031
0.18063,-0.048938,0.57873
0.1788,-0.057065,0.57602
0.17832,-0.062499,0.5686
0.17647,-0.069905,0.56348
0.17642,-0.075614,0.56637
0.1777,-0.084312,0.56576
0.17794,-0.090243,0.57014
0.17961,-0.099362,0.57442
0.18125,-0.10722,0.57385
0.18401,-0.11583,0.58793
0.19122,-0.12699,0.60397
0.20042,-0.14303,0.64155
0.19486,-0.14543,0.62302
0.19016,-0.15079,0.60766
0.19065,-0.15822,0.60996
0.19296,-0.1678,0.6159
0.19394,-0.17509,0.61858
0.19238,-0.18208,0.6114
0.19193,-0.18986,0.61119
0.19401,-0.19884,0.61609
0.25003,-0.26647,0.80475
0.26251,-0.2894,0.83233
0.26419,-0.29871,0.83647
0.263,-0.31428,0.84427
0.26351,-0.32623,0.84239
0.26584,-0.33836,0.84806
0.30495,0.39037,1.015
0.30628,0.3775,1.0194
0.30771,0.37182,1.0371
0.30898,0.35853,1.0414
0.30861,0.34645,1.0313
0.30918,0.33213,1.0327
0.30568,0.3141,1.0125
0.3068,0.30073,1.0162
0.30583,0.29095,1.0158
0.30217,0.27415,1.0093
0.29895,0.25867,0.99151
0.29989,0.24526,0.99327
0.29675,0.23417,0.99543
0.29738,0.21833,0.99315
0.2897,0.20535,0.96927
0.28688,0.18976,0.9645
0.28125,0.17388,0.93045
0.27877,0.15952,0.93093
0.27296,0.14723,0.91038
0.27307,0.13438,0.90581
0.27114,0.12367,0.89879
0.2716,0.11098,0.90031
0.27796,0.10417,0.93618
0.28712,0.094359,0.95484
0.28615,0.084344,0.95458
0.27805,0.06868,0.93967
0.22161,0.046795,0.74145
0.1915,0.031175,0.63846
0.18721,0.023986,0.62307
0.1837,0.014814,0.60662
0.17911,0.0082775,0.59481
0.17719,-0.00021976,0.59068
0.17679,-0.006313,0.58855
0.17651,-0.014722,0.58449
0.17478,-0.020719,0.58108
0.17452,-0.028731,0.57935
0.17276,-0.034698,0.57261
0.17166,-0.042536,0.57183
0.16991,-0.048164,0.56536
0.16865,-0.055632,0.56046
0.16849,-0.061339,0.5585
0.16851,-0.069262,0.55765
0.16838,-0.074977,0.55723
0.16803,-0.083023,0.55663
0.16799,-0.088814,0.55629
0.16889,-0.097036,0.55664
0.16997,-0.10369,0.56256
0.17146,-0.11337,0.56863
0.17324,-0.11911,0.57499
0.17601,-0.13072,0.57961
0.18124,-0.14037,0.60005
0.18205,-0.15023,0.60242
0.18293,-0.15725,0.60823
0.1836,-0.16715,0.61257
0.18611,-0.17507,0.61633
0.18559,-0.18356,0.61631
0.18529,-0.18989,0.6158
0.2149,-0.23165,0.72064
0.25077,-0.27608,0.83363
0.2588,-0.29872,0.86051
0.26447,-0.31399,0.87875
0.26755,-0.33287,0.90138
0.27223,-0.3452,0.90421
0.27175,-0.35658,0.9053
0.30454,0.40161,1.0572
0.30514,0.38941,1.0598
0.30569,0.38031,1.0629
0.30696,0.36673,1.0589
0.30456,0.35455,1.0562
0.30576,0.33985,1.0603
0.3066,0.32928,1.0632
0.30408,0.31272,1.0636
0.30277,0.29701,1.0506
0.30111,0.2802,1.0355
0.29438,0.26549,1.0226
0.29088,0.25004,1.0164
0.29135,0.23908,1.0148
0.2917,0.22349,1.016
0.29094,0.21204,1.011
0.28415,0.19519,0.98748
0.27911,0.1817,0.97272
0.27166,0.16248,0.94822
0.27124,0.15292,0.94606
0.2699,0.13879,0.94029
0.27,0.12899,0.94551
0.27047,0.11576,0.94711
0.27598,0.10867,0.96441
0.28181,0.096892,0.97866
0.28042,0.086736,0.97952
0.27205,0.069208,0.95443
0.21948,0.048424,0.77512
0.20928,0.035682,0.72599
0.18135,0.02433,0.62863
0.17694,0.014973,0.61522
0.16936,0.0082641,0.59099
0.16808,-0.00020651,0.58752
0.16768,-0.006227,0.5861
0.16649,-0.014525,0.57593
0.16541,-0.020404,0.57303
0.16498,-0.028416,0.56451
0.16219,-0.033999,0.56364
0.1617,-0.041799,0.56028
0.16159,-0.047469,0.55724
0.16023,-0.055124,0.55634
0.16008,-0.060761,0.55425
0.15918,-0.068605,0.55186
0.159,-0.074271,0.55118
0.15933,-0.082095,0.55128
0.1593,-0.087795,0.55267
0.15897,-0.095923,0.55181
0.1596,-0.10189,0.55097
0.16017,-0.10991,0.55149
0.16148,-0.11701,0.55526
0.16272,-0.12561,0.56069
0.16607,-0.13394,0.57296
0.16915,-0.1452,0.58308
0.17008,-0.15224,0.58982
0.17662,-0.16746,0.61205
0.17886,-0.17559,0.61695
0.17878,-0.1841,0.61862
0.18184,-0.19422,0.62944
0.21633,-0.24064,0.74771
0.25004,-0.28833,0.86663
0.26087,-0.31255,0.90039
0.26419,-0.32564,0.90909
0.26441,-0.341,0.91332
0.26952,-0.35278,0.9281
0.26834,-0.36587,0.92388
0.30284,0.42118,1.0901
0.30695,0.40852,1.1123
0.31201,0.4034,1.1313
0.31204,0.389,1.1361
0.30946,0.37654,1.1278
0.30843,0.35745,1.1137
0.2985,0.33599,1.0884
0.29952,0.32128,1.0913
0.30009,0.30798,1.0858
0.29717,0.29142,1.0738
0.2943,0.27848,1.0723
0.29137,0.26028,1.0473
0.28975,0.24647,1.0469
0.2881,0.22901,1.044
0.28144,0.21683,1.022
0.28152,0.19952,1.0177
0.27388,0.18605,0.99608
0.27281,0.17043,0.99266
0.26894,0.15924,0.98173
0.26845,0.14398,0.97195
0.26842,0.13249,0.9669
0.26888,0.11937,0.96855
0.27035,0.11118,0.98037
0.27433,0.097388,0.99801
0.27458,0.087108,0.9989
0.26811,0.071334,0.96655
0.21087,0.048586,0.77757
0.20106,0.035805,0.72829
0.17102,0.023855,0.61815
0.16254,0.014214,0.58732
0.16022,0.0081469,0.58181
0.15926,-0.00019614,0.58181
0.1577,-0.0061658,0.57074
0.1572,-0.014202,0.56755
0.15621,-0.019917,0.56242
0.15525,-0.027901,0.56154
0.15291,-0.033453,0.55474
0.15278,-0.041392,0.55371
0.15244,-0.046936,0.55187
0.15195,-0.054803,0.54965
0.15144,-0.060371,0.5491
0.15122,-0.067923,0.54844
0.15166,-0.073527,0.54777
0.15143,-0.081232,0.54675
0.15118,-0.086891,0.54545
0.15091,-0.094907,0.5448
0.15106,-0.10061,0.547
0.15174,-0.10882,0.54851
0.1519,-0.11486,0.54981
0.15392,-0.12362,0.55142
0.15423,-0.13147,0.5567
0.15621,-0.14033,0.5665
0.1602,-0.14863,0.58026
0.16286,-0.16065,0.58962
0.1703,-0.17539,0.61401
0.17157,-0.18462,0.62108
0.19429,-0.21632,0.70447
0.23774,-0.27623,0.85654
0.25156,-0.30165,0.90671
0.25926,-0.32337,0.93262
0.26366,-0.34277,0.95908
0.26834,-0.36085,0.97499
0.2675,-0.37051,0.97183
0.26569,-0.38369,0.96416
0.29614,0.43432,1.1306
0.29996,0.42088,1.1358
0.30306,0.41061,1.1464
0.30254,0.39597,1.1442
0.30344,0.3824,1.144
0.30315,0.36749,1.1485
0.30399,0.35573,1.1386
0.29974,0.33628,1.1367
0.30052,0.32537,1.1397
0.30013,0.31015,1.1399
0.29937,0.29552,1.1385
0.29674,0.27619,1.1216
0.2901,0.26073,1.099
0.28861,0.24384,1.0923
0.28537,0.22923,1.0821
0.27757,0.2074,1.0519
0.27264,0.1943,1.038
0.27231,0.17738,1.0183
0.2675,0.16396,1.0107
0.26459,0.14844,1.0079
0.26495,0.13785,1.0055
0.26529,0.12405,1.0072
0.26664,0.11449,1.0099
0.2716,0.10146,1.0264
0.27185,0.090863,1.0273
0.25705,0.071561,0.96949
0.20217,0.048742,0.77994
0.16283,0.030302,0.61854
0.15525,0.022637,0.58887
0.15265,0.014153,0.57752
0.15162,0.0080962,0.57567
0.15062,-0.00018446,0.57066
0.14929,-0.0060647,0.56417
0.14829,-0.014073,0.56323
0.1475,-0.019865,0.55913
0.1466,-0.027607,0.55533
0.14609,-0.033228,0.55285
0.14545,-0.041095,0.55008
0.14487,-0.046599,0.54777
0.14415,-0.054378,0.54586
0.14401,-0.05998,0.54533
0.1438,-0.067612,0.54448
0.14366,-0.073238,0.54402
0.14341,-0.080913,0.543
0.14332,-0.086493,0.5422
0.1438,-0.094444,0.54142
0.14371,-0.10008,0.54327
0.14375,-0.10818,0.54312
0.14389,-0.11367,0.54359
0.14406,-0.12188,0.54632
0.14505,-0.12834,0.5469
0.14597,-0.13706,0.55095
0.14817,-0.14437,0.56061
0.15106,-0.15498,0.57063
0.15444,-0.16511,0.58666
0.16434,-0.18508,0.62285
0.18624,-0.21691,0.70646
0.23901,-0.28941,0.90177
0.24951,-0.31207,0.93909
0.25872,-0.33897,0.98069
0.26061,-0.35039,0.98496
0.2606,-0.3694,0.99393
0.26356,-0.38252,0.99092
0.26822,-0.39766,1.0144
0.29096,0.44617,1.1657
0.29383,0.43022,1.1677
0.29541,0.41952,1.1714
0.29666,0.40597,1.1811
0.29754,0.39712,1.1847
0.29942,0.3821,1.1894
0.30095,0.37042,1.1928
0.30208,0.35379,1.2005
0.30225,0.34156,1.2004
0.30014,0.32287,1.1961
0.3007,0.31066,1.1919
0.29401,0.28712,1.1677
0.29133,0.27245,1.1588
0.28698,0.254,1.143
0.27886,0.23533,1.1075
0.27483,0.21508,1.0886
0.26716,0.19788,1.0628
0.26498,0.18313,1.0616
0.2652,0.1715,1.0586
0.26549,0.15658,1.0478
0.26516,0.14545,1.0454
0.26632,0.13054,1.0472
0.27448,0.12251,1.0925
0.27487,0.10711,1.094
0.26474,0.092513,1.0479
0.20631,0.060584,0.81572
0.15665,0.039235,0.62112
0.14844,0.028961,0.58867
0.14588,0.022387,0.57884
0.14501,0.014073,0.57337
0.1433,0.0079669,0.56673
0.14188,-0.00017395,0.56456
0.14149,-0.0059888,0.56022
0.13988,-0.013974,0.5556
0.1393,-0.01958,0.55137
0.13882,-0.02745,0.54978
0.13813,-0.033162,0.54864
0.13789,-0.040845,0.54783
0.13768,-0.046501,0.54636
0.13745,-0.054297,0.54517
0.1366,-0.059496,0.54388
0.1364,-0.067179,0.5421
0.13628,-0.072853,0.54116
0.13633,-0.080488,0.54014
0.13614,-0.085989,0.53963
0.13576,-0.093919,0.53955
0.13597,-0.099787,0.54106
0.13647,-0.10743,0.54069
0.13659,-0.11312,0.54241
0.13656,-0.12093,0.54172
0.13748,-0.1271,0.54289
0.13733,-0.13567,0.54563
0.13914,-0.14231,0.55094
0.14057,-0.15226,0.5554
0.14333,-0.16081,0.56794
0.14624,-0.17196,0.5797
0.16021,-0.19601,0.63756
0.2286,-0.29016,0.9042
0.2434,-0.32296,0.97129
0.25519,-0.35029,1.0134
0.25443,-0.36133,1.0103
0.25503,-0.37845,1.0195
0.25766,-0.39027,1.0217
0.2592,-0.40692,1.0244
0.28487,0.45319,1.186
0.28613,0.43831,1.1914
0.28717,0.43127,1.2027
0.28889,0.41805,1.2103
0.28975,0.40465,1.2115
0.29204,0.38793,1.2137
0.29286,0.37647,1.217
0.29396,0.36346,1.2217
0.29383,0.35088,1.2248
0.29146,0.32934,1.2205
0.28918,0.31539,1.208
0.28784,0.29645,1.2055
0.2816,0.27792,1.1735
0.2817,0.25764,1.1741
0.27516,0.24414,1.1487
0.27105,0.22225,1.1343
0.26433,0.20685,1.1051
0.26116,0.18805,1.0909
0.26159,0.17677,1.0909
0.26259,0.1615,1.0932
0.26778,0.15341,1.1198
0.27353,0.1403,1.1358
0.28298,0.13274,1.1859
0.27558,0.11238,1.1495
0.20389,0.074298,0.85663
0.15085,0.046705,0.63404
0.14183,0.037648,0.59371
0.13866,0.028381,0.57528
0.13792,0.022268,0.57176
0.13621,0.013859,0.56686
0.13503,0.0079082,0.56178
0.13407,-0.00016519,0.55839
0.1331,-0.0059331,0.55587
0.13233,-0.013845,0.55302
0.13173,-0.019496,0.55038
0.13161,-0.027322,0.54902
0.13124,-0.032845,0.54637
0.13036,-0.040535,0.54411
0.13027,-0.046154,0.54368
0.12997,-0.053716,0.54301
0.12914,-0.059184,0.53921
0.12863,-0.066521,0.53644
0.12945,-0.07239,0.53797
0.12925,-0.080221,0.53777
0.12947,-0.085704,0.53762
0.1292,-0.093666,0.53952
0.12902,-0.099286,0.539
0.12902,-0.10682,0.53855
0.12919,-0.11275,0.541
0.12963,-0.12064,0.54014
0.12999,-0.12636,0.54164
0.13031,-0.13486,0.54266
0.13066,-0.14116,0.5456
0.13206,-0.15041,0.54965
0.13321,-0.15697,0.55529
0.13628,-0.16771,0.56274
0.13898,-0.17794,0.57961
0.15552,-0.20909,0.64774
0.23915,-0.33095,0.99621
0.24763,-0.35789,1.0338
0.25064,-0.37709,1.0531
0.25529,-0.39152,1.0588
0.24946,-0.39801,1.044
0.24817,-0.41095,1.0352
0.27652,0.46847,1.2167
0.27814,0.4531,1.2222
0.28461,0.44455,1.2395
0.28581,0.43139,1.245
0.28346,0.41973,1.2488
0.28218,0.39897,1.2459
0.28297,0.38719,1.2471
0.28458,0.36974,1.2494
0.28533,0.35734,1.2491
0.28128,0.33608,1.2435
0.2795,0.32112,1.2346
0.27993,0.30255,1.219
0.27637,0.28537,1.2177
0.27447,0.26647,1.2073
0.26862,0.2476,1.1814
0.26328,0.2295,1.1576
0.25953,0.21477,1.1502
0.26015,0.1981,1.149
0.26084,0.18651,1.1509
0.26201,0.17246,1.1599
0.27092,0.1635,1.198
0.2793,0.15111,1.2236
0.27655,0.13688,1.2212
0.26969,0.11638,1.1907
0.14577,0.056783,0.6443
0.13785,0.044564,0.6067
0.13115,0.036675,0.57638
0.13049,0.028348,0.57251
0.12893,0.022049,0.56898
0.12839,0.013723,0.56104
0.12701,0.0078616,0.55734
0.12629,-0.00015666,0.55543
0.12554,-0.0058828,0.55206
0.1253,-0.013787,0.55075
0.1246,-0.019347,0.5496
0.12438,-0.027119,0.54555
0.12411,-0.032737,0.54515
0.12393,-0.040453,0.54249
0.12316,-0.046039,0.54188
0.12271,-0.053509,0.53927
0,0,-1
0,0,-1
0,0,-1
0,0,-1
0,0,-1
0,0,-1
0,-0.098583,0.53654
0.12229,-0.10663,0.53644
0.12249,-0.11232,0.53719
0.12245,-0.12,0.53716
0.12311,-0.12587,0.53873
0.12319,-0.13365,0.53804
0.12308,-0.14034,0.54312
0.124,-0.14839,0.54512
0.12476,-0.15553,0.54952
0.12686,-0.16474,0.55329
0.12938,-0.17335,0.56259
0.13192,-0.18691,0.58011
0.18045,-0.26418,0.79329
0.23918,-0.36557,1.0524
0.24395,-0.37981,1.0723
0.24304,-0.39548,1.0701
0.2428,-0.40524,1.061
0.23979,-0.41805,1.0561
0.27798,0.4955,1.2869
0.27778,0.47606,1.2886
0.27746,0.46268,1.2864
0.27709,0.44622,1.2859
0.27712,0.42954,1.2886
0.27632,0.40947,1.2875
0.27629,0.39629,1.2859
0.2768,0.37948,1.2882
0.27579,0.36719,1.2809
0.27349,0.34521,1.2665
0.27047,0.32692,1.2535
0.26729,0.30554,1.2441
0.26628,0.29287,1.232
0.26347,0.26955,1.2266
0.26199,0.25745,1.2182
0.25983,0.23806,1.2032
0.25791,0.22431,1.1962
0.25853,0.20763,1.1991
0.26146,0.19711,1.2067
0.2642,0.18325,1.2294
0.2742,0.17493,1.2812
0.27256,0.15623,1.2681
0.26531,0.13891,1.2281
0.165,0.075255,0.76768
0.13148,0.053868,0.60991
0.12662,0.043178,0.58438
0.12371,0.03662,0.57353
0.12227,0.028178,0.57019
0.12177,0.021825,0.56223
0.12048,0.013688,0.55846
0.11981,0.0078315,0.55552
0.11897,-0.00014842,0.55206
0.11841,-0.0058548,0.54871
0.11768,-0.013662,0.5476
0.11738,-0.019268,0.54453
0.11733,-0.027066,0.54421
0.11711,-0.032684,0.54197
0,0,-1
0,0,-1
0,0,-1
0,0,-1
0,0,-1
0,0,-1
0,0,-1
0,0,-1
0,0,-1
0,0,-1
0,0,-1
0,0,-1
0.11588,-0.11967,0.53674
0.11594,-0.12533,0.53731
0.11646,-0.13306,0.53728
0.11653,-0.13926,0.53807
0.11639,-0.14842,0.54312
0.1175,-0.1538,0.54364
0.11795,-0.16384,0.5488
0.12014,-0.17093,0.55307
0.12244,-0.18133,0.5653
0.12925,-0.1989,0.59914
0.19865,-0.31707,0.91812
0.23143,-0.3827,1.0773
0.23114,-0.39903,1.0763
0.23298,-0.41475,1.0915
0.238,-0.43542,1.0897
0.26983,0.51217,1.3427
0.27104,0.49262,1.3363
0.26903,0.47624,1.3289
0.26987,0.45827,1.3346
0.26846,0.44288,1.3323
0.26946,0.42522,1.3252
0.27016,0.41268,1.328
0.27118,0.39455,1.3331
0.2711,0.38177,1.3365
0.26731,0.35645,1.3122
0.263,0.33736,1.2962
0.26219,0.31814,1.2925
0.26105,0.30405,1.2893
0.25916,0.28498,1.2827
0.25921,0.27063,1.271
0.25388,0.24682,1.2485
0.25435,0.23429,1.2508
0.25517,0.21701,1.2631
0.26145,0.20667,1.2895
0.26586,0.19162,1.2925
0.26624,0.17932,1.3194
0.26169,0.15922,1.2982
0.19482,0.10795,0.95892
0.12974,0.06306,0.64082
0.12129,0.052835,0.59836
0.1174,0.042755,0.57453
0.11623,0.036428,0.57113
0.11517,0.027969,0.56604
0.11377,0.02176,0.55958
0.11313,0.013646,0.55642
0.11249,0.0077712,0.55294
0.11193,-0.000142,0.5491
0.11119,-0.0058222,0.54741
0.11049,-0.01357,0.54374
0.11046,-0.019205,0.54357
0.1104,-0.02698,0.54325
0,0,-1
0,0,-1
0,0,-1
0,0,-1
0,0,-1
0,0,-1
0,0,-1
0,0,-1
0,0,-1
0,0,-1
0,0,-1
0,0,-1
0,0,-1
0,0,-1
0,0,-1
0.1093,-0.13275,0.53743
0.10989,-0.1391,0.53723
0.10996,-0.14749,0.53996
0.1105,-0.15402,0.54305
0.11142,-0.16192,0.5448
0.11133,-0.16956,0.55181
0.11349,-0.17942,0.55496
0.11616,-0.19125,0.57275
0.12493,-0.21306,0.61512
0.21863,-0.383,1.0771
0.22927,-0.41795,1.1227
0.23535,-0.44421,1.1623
0.23694,-0.46229,1.1645
0.26189,0.52514,1.3821
0.26307,0.50697,1.3884
0.26175,0.49396,1.3808
0.26224,0.4745,1.3812
0.26271,0.4589,1.3831
0.26377,0.43987,1.3844
0.26452,0.42812,1.3845
0.2645,0.40872,1.3878
0.26355,0.39303,1.3746
0.26152,0.37033,1.371
0.25839,0.35469,1.3574
0.2581,0.33352,1.3528
0.25361,0.31305,1.3381
0.25134,0.29086,1.3279
0.24934,0.27778,1.3164
0.25002,0.2587,1.3113
0.24897,0.24557,1.3137
0.25227,0.22666,1.3197
0.2551,0.21445,1.329
0.25489,0.19665,1.3318
0.25443,0.18259,1.3256
0.24655,0.15959,1.3012
0.13198,0.077585,0.69584
0.11696,0.060471,0.61578
0.11085,0.05142,0.57678
0.10958,0.042451,0.5743
0.10856,0.036179,0.56973
0.10714,0.027659,0.56044
0.10649,0.021695,0.55745
0.10613,0.013567,0.55452
0.10549,0.0077827,0.55023
0.10488,-0.00013542,0.54996
0.10419,-0.0058095,0.54542
0.10365,-0.013555,0.54175
0.10363,-0.019187,0.54158
0,0,-1
0,0,-1
0,0,-1
0,0,-1
0,0,-1
0,0,-1
0,0,-1
0,0,-1
0,0,-1
0,0,-1
0,0,-1
0,0,-1
0,0,-1
0,0,-1
0,0,-1
0,0,-1
0,0,-1
0.10285,-0.13892,0.5374
0.10321,-0.14679,0.53916
0.1034,-0.15345,0.54053
0.10409,-0.16187,0.54401
0.1047,-0.16846,0.54476
0.10513,-0.17737,0.55124
0.10771,-0.18766,0.55748
0.10997,-0.20064,0.57576
0.18194,-0.34046,0.9585
0.22242,-0.43437,1.1685
0.23005,-0.45932,1.1982
0.23232,-0.48102,1.2211
0.25612,0.54936,1.4389
0.25727,0.53138,1.4411
0.25653,0.51588,1.4395
0.2579,0.50017,1.4511
0.25841,0.48409,1.4491
0.25901,0.46535,1.4542
0.25938,0.45104,1.4502
0.25661,0.42726,1.4409
0.25662,0.4125,1.4383
0.25566,0.38676,1.4373
0.25521,0.37102,1.4231
0.25248,0.34706,1.4122
0.24736,0.32636,1.3968
0.24492,0.30465,1.3748
0.24457,0.28879,1.3619
0.24218,0.26805,1.3596
0.24234,0.25373,1.3612
0.24157,0.23473,1.3602
0.24168,0.22042,1.3592
0.23989,0.1977,1.3436
0.23733,0.18298,1.3246
0.21008,0.14563,1.1735
0.11389,0.072021,0.63496
0.10743,0.059413,0.60169
0.10297,0.050858,0.57489
0.10204,0.042349,0.57276
0.10091,0.035793,0.56333
0.099865,0.027545,0.55957
0.09953,0.021568,0.55569
0.098759,0.013564,0.5515
0.098309,0.0077562,0.5511
0.097754,-0.00012945,0.54627
0.09739,-0.0057829,0.54465
0.097012,-0.013572,0.54122
0,0,-1
0,0,-1
0,0,-1
0,0,-1
0,0,-1
0,0,-1
0,0,-1
0,0,-1
0,0,-1
0,0,-1
0,0,-1
0,0,-1
0,0,-1
0,0,-1
0,0,-1
0,0,-1
0,0,-1
0,0,-1
0,0,-1
0.096342,-0.14686,0.53792
0.096582,-0.15239,0.53922
0.097133,-0.16098,0.54256
0.09808,-0.16779,0.54552
0.09808,-0.17639,0.54649
0.10008,-0.185,0.55789
0.10093,-0.19658,0.56542
0.11329,-0.2271,0.63628
0.21537,-0.44812,1.2037
0.21977,-0.4672,1.2293
0.22348,-0.49074,1.2449
0.2451,0.56231,1.4828
0.2463,0.54391,1.4824
0.24709,0.53421,1.4774
0.24787,0.51531,1.4856
0.24862,0.50134,1.4901
0.25005,0.48,1.498
0.25076,0.46569,1.5023
0.24902,0.44472,1.5015
0.2495,0.42893,1.4992
0.24715,0.40514,1.4982
0.24478,0.38474,1.4799
0.24345,0.35829,1.4634
0.23977,0.34302,1.4464
0.23913,0.32011,1.4216
0.23352,0.29924,1.4205
0.23219,0.27574,1.3968
0.23066,0.25873,1.394
0.22818,0.23761,1.3725
0.2265,0.22158,1.3643
0.22534,0.20012,1.3493
0.2163,0.17986,1.3171
0.14476,0.10665,0.87576
0.10252,0.069386,0.61603
0.097505,0.058106,0.58735
0.095885,0.050729,0.57562
0.094804,0.042118,0.56977
0.093547,0.03583,0.56076
0.092867,0.027457,0.55698
0.092411,0.021552,0.55494
0.091779,0.013529,0.55213
0.091421,0.0077524,0.54869
0.090947,-0.00012391,0.54578
0.090607,-0.0057818,0.54463
0.09036,-0.013515,0.54216
0,0,-1
0,0,-1
0,0,-1
0,0,-1
0,0,-1
0,0,-1
0,0,-1
0,0,-1
0,0,-1
0,0,-1
0,0,-1
0,0,-1
0,0,-1
0,0,-1
0,0,-1
0,0,-1
0,0,-1
0,0,-1
0,0,-1
0.089457,-0.14531,0.5339
0.090115,-0.15251,0.5379
0.0902,-0.16082,0.53947
0.090578,-0.16709,0.54457
0.091269,-0.17564,0.54641
0.092324,-0.1841,0.55272
0.093859,-0.19523,0.56175
0.098652,-0.21137,0.59045
0.14578,-0.32359,0.86957
0.20996,-0.4779,1.2531
0.21079,-0.50084,1.2589
0.23089,0.57612,1.5058
0.23194,0.55598,1.5091
0.23063,0.53871,1.4904
0.23163,0.51959,1.4969
0.23437,0.50958,1.5238
0.23532,0.48987,1.5301
0.23599,0.47327,1.5344
0.23786,0.45323,1.5404
0.2385,0.43858,1.5446
0.23619,0.41641,1.5345
0.23413,0.39618,1.5116
0.23251,0.36994,1.5068
0.23039,0.35257,1.5004
0.22944,0.32827,1.4793
0.22452,0.30781,1.4584
0.22064,0.28029,1.427
0.21602,0.26223,1.402
0.21472,0.23995,1.3957
0.21224,0.22313,1.3676
0.20616,0.19952,1.3518
0.19598,0.17298,1.2573
0.11087,0.087885,0.71729
0.093283,0.068349,0.60473
0.089558,0.056942,0.57912
0.08872,0.050818,0.57535
0.088,0.041981,0.56724
0.086182,0.035686,0.55994
0.085833,0.027453,0.55712
0.085294,0.021482,0.55331
0.085221,0.013505,0.55076
0.084451,0.0077464,0.54676
0.083929,-0.0001181,0.5457
0.083929,-0.0057541,0.54332
0,0,-1
0,0,-1
0,0,-1
0,0,-1
0,0,-1
0,0,-1
0,0,-1
0,0,-1
0,0,-1
0,0,-1
0,0,-1
0,0,-1
0,0,-1
0,0,-1
0,0,-1
0,0,-1
0,0,-1
0,0,-1
0,0,-1
0,0,-1
0,0,-1
0.083026,-0.15247,0.53815
0.083444,-0.16004,0.53968
0.083843,-0.1673,0.54243
0.084385,-0.17526,0.54486
0.084681,-0.18272,0.54828
0.085923,-0.19352,0.55625
0.089177,-0.20505,0.58001
0.10029,-0.23937,0.65204
0.19583,-0.48184,1.2607
0.19732,-0.50426,1.2854
0.22062,0.59214,1.5439
0.22087,0.56981,1.5443
0.21948,0.55239,1.5411
0.22042,0.53279,1.5479
0.22227,0.52235,1.5653
0.22317,0.50215,1.5718
0.22174,0.48522,1.5605
0.22231,0.46468,1.5665
0.22318,0.44966,1.5708
0.2237,0.42524,1.5699
0.22241,0.40669,1.5677
0.21969,0.38093,1.5448
0.21724,0.36053,1.5286
0.21324,0.33279,1.5075
0.21031,0.31154,1.4795
0.20363,0.28263,1.4321
0.1999,0.26267,1.4134
0.19663,0.23738,1.3771
0.18983,0.21873,1.3513
0.18059,0.1875,1.2731
0.15662,0.15177,1.1014
0.094203,0.081865,0.66426
0.085118,0.067774,0.60145
0.082017,0.056861,0.57737
0.081237,0.05044,0.57182
0.080607,0.041937,0.5653
0.079526,0.035561,0.55782
0.078843,0.02744,0.55653
0.0786,0.021473,0.55353
0.07827,0.013504,0.54997
0.077929,0.0077482,0.54754
0,0,-1
0,0,-1
0,0,-1
0,0,-1
0,0,-1
0,0,-1
0,0,-1
0,0,-1
0,0,-1
0,0,-1
0,0,-1
0,0,-1
0,0,-1
0,0,-1
0,0,-1
0,0,-1
0,0,-1
0,0,-1
0,0,-1
0,0,-1
0,0,-1
0,0,-1
0,0,-1
0.076295,-0.15131,0.53375
0.076846,-0.15999,0.53827
0.077286,-0.16677,0.54107
0.077695,-0.17518,0.5429
0.078125,-0.18236,0.54915
0.079205,-0.19344,0.55422
0.08143,-0.20381,0.56847
0.086134,-0.22407,0.60437
0.1807,-0.48289,1.2627
0.17926,-0.50064,1.2566
0.20385,0.60507,1.5705
0.20476,0.58529,1.5778
0.20513,0.56934,1.5817
0.2056,0.5456,1.583
0.20617,0.5306,1.5878
0.20598,0.50956,1.5867
0.20615,0.49255,1.5898
0.20693,0.47093,1.596
0.20748,0.45571,1.6004
0.20749,0.43248,1.5977
0.20633,0.4127,1.5845
0.20459,0.38725,1.5771
0.20183,0.36741,1.5547
0.20077,0.34317,1.5524
0.19648,0.31888,1.5019
0.1909,0.29041,1.4671
0.18131,0.26261,1.3969
0.1728,0.23044,1.3295
0.16754,0.20951,1.3102
0.16304,0.18468,1.2332
0.11273,0.11873,0.87013
0.082854,0.078695,0.63498
0.07708,0.066537,0.59192
0.074991,0.056953,0.5765
0.074384,0.050483,0.57045
0.073511,0.041783,0.56595
0.072837,0.035555,0.55871
0.072227,0.027399,0.55493
0.071894,0.021453,0.55144
0.071461,0.013507,0.55046
0.071195,0.0077325,0.54702
0,0,-1
0,0,-1
0,0,-1
0,0,-1
0,0,-1
0,0,-1
0,0,-1
0,0,-1
0,0,-1
0,0,-1
0,0,-1
0,0,-1
0,0,-1
0,0,-1
0,0,-1
0,0,-1
0,0,-1
0,0,-1
0,0,-1
0,0,-1
0,0,-1
0,0,-1
0,0,-1
0.06954,-0.15153,0.5337
0.070215,-0.16019,0.53777
0.070506,-0.16609,0.54033
0.070832,-0.17471,0.54302
0.071423,-0.18204,0.54596
0.072048,-0.19122,0.55096
0.073688,-0.20137,0.56857
0.076814,-0.21903,0.58932
0.16494,-0.48321,1.2627
0.17602,-0.53412,1.3443
0.1895,0.61679,1.6107
0.19035,0.59664,1.617
0.19014,0.58031,1.6174
0.19176,0.56197,1.6245
0.19141,0.54466,1.6271
0.19276,0.52445,1.6359
0.19314,0.50734,1.6407
0.19404,0.48671,1.6471
0.19383,0.46995,1.6474
0.19302,0.44578,1.6356
0.19212,0.4255,1.6303
0.19112,0.39932,1.6172
0.18859,0.3786,1.6033
0.18439,0.34789,1.5616
0.18154,0.32553,1.5411
0.17533,0.29214,1.488
0.16249,0.25554,1.3822
0.15503,0.22587,1.3135
0.15149,0.2069,1.2892
0.14801,0.18495,1.235
0.089973,0.10419,0.75942
0.074044,0.077358,0.62798
0.069309,0.066535,0.58399
0.067929,0.056596,0.57707
0.066941,0.050411,0.57358
0.066555,0.041795,0.56632
0.065807,0.035526,0.55913
0.065565,0.027407,0.55448
0.065099,0.021463,0.55225
0.06487,0.013496,0.55128
0.064628,0.0077473,0.54783
0,0,-1
0,0,-1
0,0,-1
0,0,-1
0,0,-1
0,0,-1
0,0,-1
0,0,-1
0,0,-1
0,0,-1
0,0,-1
0,0,-1
0,0,-1
0,0,-1
0,0,-1
0,0,-1
0,0,-1
0,0,-1
0,0,-1
0,0,-1
0,0,-1
0,0,-1
0.062888,-0.14538,0.53266
0.063399,-0.15173,0.53444
0.06358,-0.15992,0.53594
0.063885,-0.1663,0.53914
0.063973,-0.17488,0.5427
0.064803,-0.18221,0.54641
0.065334,-0.19127,0.55049
0.06624,-0.20067,0.56053
0.069081,-0.21579,0.57934
0.14044,-0.45264,1.1895
0.16258,-0.54438,1.376
0.17073,0.62051,1.6193
0.1713,0.59896,1.6201
0.17163,0.58344,1.6228
0.17253,0.56306,1.6297
0.17271,0.54747,1.6331
0.17358,0.52632,1.6434
0.17374,0.50976,1.6457
0.17445,0.4882,1.6509
0.17458,0.47155,1.6541
0.17415,0.44742,1.6539
0.17368,0.42923,1.6418
0.1731,0.40359,1.6379
0.17125,0.38369,1.623
0.16928,0.35602,1.6059
0.16593,0.33141,1.5651
0.15985,0.29894,1.5101
0.14689,0.26056,1.3891
0.14163,0.23203,1.353
0.137,0.21037,1.2909
0.13333,0.18559,1.2493
0.07661,0.099302,0.73064
0.066179,0.077304,0.6281
0.061725,0.065966,0.58414
0.06113,0.057159,0.5781
0.060112,0.050171,0.57144
0.059661,0.041851,0.56476
0.059035,0.03547,0.55949
0.058876,0.027416,0.55496
0.058406,0.021432,0.55233
0.058133,0.013475,0.54937
0.057877,0.0077512,0.54779
0,0,-1
0,0,-1
0,0,-1
0,0,-1
0,0,-1
0,0,-1
0,0,-1
0,0,-1
0,0,-1
0,0,-1
0,0,-1
0,0,-1
0,0,-1
0,0,-1
0,0,-1
0,0,-1
0,0,-1
0,0,-1
0,0,-1
0,0,-1
0,0,-1
0,0,-1
0.0567,-0.14565,0.53333
0.056809,-0.15098,0.53509
0.057099,-0.15959,0.53598
0.057483,-0.1665,0.53981
0.057445,-0.17514,0.54303
0.057907,-0.18173,0.54577
0.058151,-0.19065,0.55065
0.059139,-0.19992,0.55875
0.060865,-0.2153,0.57501
0.084145,-0.30534,0.79994
0.12759,-0.47776,1.2017
0.15158,0.61992,1.6194
0.15198,0.60037,1.6248
0.15211,0.58474,1.6259
0.15295,0.56421,1.6354
0.15305,0.54807,1.6364
0.15383,0.52756,1.6459
0.154,0.51053,1.6481
0.15466,0.48955,1.6531
0.1547,0.4725,1.6567
0.15431,0.44817,1.656
0.1538,0.4297,1.6436
0.15338,0.40403,1.6397
0.1515,0.38322,1.6249
0.14999,0.35635,1.6067
0.14702,0.33098,1.5665
0.14079,0.29564,1.4985
0.13015,0.26094,1.3966
0.12604,0.23268,1.3572
0.12138,0.21061,1.2969
0.11813,0.18591,1.2514
0.067807,0.099416,0.7313
0.058495,0.077032,0.62884
0.054689,0.066043,0.58483
0.054282,0.057193,0.58003
0.053269,0.050383,0.5671
0.052859,0.041742,0.563
0.05234,0.035502,0.55827
0.05201,0.027413,0.55588
0.051676,0.02146,0.55124
0.051452,0.013487,0.54993
0.05121,0.0077192,0.54679
0,0,-1
0,0,-1
0,0,-1
0,0,-1
0,0,-1
0,0,-1
0,0,-1
0,0,-1
0,0,-1
0,0,-1
0,0,-1
0,0,-1
0,0,-1
0,0,-1
0,0,-1
0,0,-1
0,0,-1
0,0,-1
0,0,-1
0,0,-1
0,0,-1
0,0,-1
0.050316,-0.1458,0.53414
0.050452,-0.15114,0.53569
0.050597,-0.15953,0.53684
0.050835,-0.16642,0.54068
0.050905,-0.1749,0.54113
0.0513,-0.18191,0.54474
0.051706,-0.19141,0.55125
0.052362,-0.19972,0.55758
0.05394,-0.2133,0.57383
0.071815,-0.29463,0.76786
0.1148,-0.48748,1.2282
0.13183,0.62118,1.6201
0.13236,0.6009,1.6263
0.13268,0.58455,1.6285
0.13322,0.56455,1.6342
0.1333,0.54787,1.6376
0.13395,0.52727,1.6457
0.13407,0.51099,1.6491
0.13458,0.48902,1.6547
0.13459,0.47281,1.6589
0.1343,0.44781,1.6573
0.13378,0.42845,1.6449
0.13349,0.40369,1.6351
0.13163,0.38319,1.6215
0.12998,0.35644,1.599
0.12594,0.3287,1.5523
0.12214,0.29503,1.4989
0.1133,0.26266,1.4063
0.11036,0.23314,1.3593
0.10582,0.20949,1.2982
0.10289,0.18609,1.2661
0.059055,0.099994,0.73205
0.051067,0.077473,0.63004
0.048169,0.066827,0.58937
0.047305,0.057491,0.58063
0.046424,0.050126,0.56733
0.046036,0.041679,0.56298
0.045583,0.035507,0.55885
0.045237,0.027442,0.55693
0.045027,0.021484,0.55182
0.044784,0.0135,0.55061
0.044514,0.0077295,0.54902
0,0,-1
0,0,-1
0,0,-1
0,0,-1
0,0,-1
0,0,-1
0,0,-1
0,0,-1
0,0,-1
0,0,-1
0,0,-1
0,0,-1
0,0,-1
0,0,-1
0,0,-1
0,0,-1
0,0,-1
0,0,-1
0,0,-1
0,0,-1
0,0,-1
0,0,-1
0.043765,-0.1458,0.53243
0.043781,-0.15211,0.53549
0.043991,-0.15968,0.5371
0.044284,-0.1664,0.54121
0.044358,-0.17419,0.54165
0.044691,-0.18207,0.54526
0.045008,-0.19096,0.55136
0.045618,-0.19964,0.55811
0.046857,-0.21317,0.57121
0.06257,-0.29488,0.76857
0.11763,-0.56876,1.4356
0.1123,0.62215,1.6236
0.11275,0.60136,1.6267
0.11288,0.58532,1.6299
0.11332,0.56445,1.6351
0.11354,0.54805,1.6387
0.11395,0.52689,1.6457
0.1141,0.51139,1.6503
0.11449,0.48932,1.6561
0.1146,0.47269,1.6591
0.11433,0.4481,1.6544
0.11392,0.42877,1.6451
0.11314,0.40327,1.6364
0.11192,0.38207,1.6196
0.11055,0.35309,1.5984
0.10711,0.3266,1.5515
0.10282,0.29245,1.4778
0.096469,0.26288,1.4075
0.094575,0.2341,1.3613
0.089523,0.20967,1.3099
0.087448,0.18776,1.2673
0.05194,0.10224,0.74614
0.043658,0.077764,0.63363
0.04127,0.067133,0.59204
0.040274,0.057542,0.58115
0.039498,0.050463,0.5714
0.039265,0.041717,0.56409
0.038808,0.035572,0.55925
0.038548,0.02747,0.55743
0.038334,0.021435,0.55339
0.038127,0.013516,0.55176
0.037897,0.0077905,0.54978
0,0,-1
0,0,-1
0,0,-1
0,0,-1
0,0,-1
0,0,-1
0,0,-1
0,0,-1
0,0,-1
0,0,-1
0,0,-1
0,0,-1
0,0,-1
0,0,-1
0,0,-1
0,0,-1
0,0,-1
0,0,-1
0,0,-1
0,0,-1
0,0,-1
0,0,-1
0,0,-1
0.037285,-0.15223,0.53778
0.037466,-0.16045,0.53782
0.037671,-0.16632,0.54121
0.037928,-0.17433,0.54277
0.038072,-0.18194,0.54651
0.03837,-0.19129,0.55312
0.03896,-0.19979,0.5594
0.0399,-0.21333,0.57167
0.057885,-0.31702,0.83262
0.1067,-0.60733,1.5341
0.092913,0.62323,1.6205
0.093097,0.60119,1.6261
0.093298,0.5852,1.6305
0.093546,0.56404,1.6362
0.09364,0.54841,1.6399
0.094073,0.52722,1.6469
0.094154,0.51125,1.6515
0.094509,0.48948,1.6571
0.094597,0.47281,1.6585
0.094292,0.44784,1.6521
0.093901,0.42887,1.6459
0.093373,0.40292,1.6351
0.09222,0.38207,1.6201
0.091202,0.35323,1.5942
0.088029,0.32556,1.5472
0.084618,0.2914,1.4754
0.079676,0.2609,1.3998
0.078038,0.23427,1.3627
0.07434,0.2104,1.3131
0.072656,0.18789,1.2655
0.042976,0.10395,0.75542
0.036348,0.07847,0.64173
0.034115,0.067182,0.59678
0.033242,0.057871,0.58192
0.032609,0.050344,0.57353
0.032394,0.041748,0.56568
0.031995,0.035566,0.56059
0.031802,0.027492,0.55785
0.031658,0.021508,0.55381
0.031478,0.013544,0.55279
0.031344,0.0077995,0.55058
0,0,-1
0,0,-1
0,0,-1
0,0,-1
0,0,-1
0,0,-1
0,0,-1
0,0,-1
0,0,-1
0,0,-1
0,0,-1
0,0,-1
0,0,-1
0,0,-1
0,0,-1
0,0,-1
0,0,-1
0,0,-1
0,0,-1
0,0,-1
0,0,-1
0,0,-1
0,0,-1
0.030776,-0.15233,0.53816
0.030932,-0.16056,0.5384
0.031073,-0.16663,0.54118
0.031306,-0.1757,0.5434
0.03146,-0.18184,0.54789
0.031687,-0.19141,0.5522
0.032203,-0.19994,0.56198
0.032918,-0.21351,0.57275
0.051886,-0.34767,0.90301
0.089592,-0.6186,1.5632
0.073318,0.62283,1.6222
0.073405,0.60149,1.6272
0.073499,0.58598,1.6314
0.073698,0.56418,1.6372
0.073794,0.54867,1.6402
0.074104,0.52706,1.6477
0.074218,0.51151,1.6519
0.074441,0.48974,1.6566
0.07451,0.47304,1.6581
0.074309,0.44766,1.6515
0.073856,0.42929,1.6463
0.073537,0.40257,1.6349
0.072653,0.38166,1.6134
0.071395,0.35342,1.5931
0.069237,0.32526,1.5447
0.066159,0.28866,1.4688
0.062764,0.25991,1.3981
0.060875,0.23461,1.3632
0.059352,0.21225,1.3216
0.057024,0.18706,1.2663
0.034871,0.10729,0.78449
0.02897,0.079554,0.64415
0.026884,0.067622,0.5979
0.026414,0.058265,0.58768
0.025703,0.05053,0.57388
0.025609,0.0419,0.5661
0.025185,0.035704,0.56095
0.025167,0.027509,0.55905
0.024978,0.021552,0.55429
0.024908,0.013563,0.55369
0.024775,0.0078222,0.55091
0.024634,-9.1868e-05,0.54948
0,0,-1
0,0,-1
0,0,-1
0,0,-1
0,0,-1
0,0,-1
0,0,-1
0,0,-1
0,0,-1
0,0,-1
0,0,-1
0,0,-1
0,0,-1
0,0,-1
0,0,-1
0,0,-1
0,0,-1
0,0,-1
0,0,-1
0,0,-1
0,0,-1
0,0,-1
0.024276,-0.15269,0.53925
0.024464,-0.16066,0.54048
0.024493,-0.16705,0.54149
0.024774,-0.17579,0.54371
0.024906,-0.18193,0.54824
0.024993,-0.19161,0.55382
0.025558,-0.20159,0.56292
0.025959,-0.21443,0.57637
0.047887,-0.40585,1.0614
0.071542,-0.62507,1.5808
0.053608,0.62381,1.6256
0.053708,0.60148,1.6279
0.053804,0.58616,1.6328
0.053947,0.56439,1.6383
0.054029,0.54894,1.6409
0.054226,0.52726,1.6484
0.05429,0.51155,1.653
0.054425,0.48926,1.6577
0.054503,0.47288,1.6588
0.054228,0.44783,1.6507
0.053962,0.4284,1.6459
0.053721,0.40273,1.6356
0.053042,0.38182,1.6142
0.052145,0.35369,1.5938
0.050541,0.32587,1.5454
0.048311,0.28877,1.4695
0.045859,0.26002,1.3984
0.044404,0.23521,1.3617
0.04333,0.21234,1.3222
0.041775,0.18714,1.2763
0.02893,0.12176,0.88635
0.021918,0.082645,0.67146
0.019796,0.067651,0.59836
0.019378,0.058634,0.58918
0.018973,0.050983,0.57575
0.018726,0.042268,0.57114
0.018458,0.035813,0.5664
0.01837,0.027576,0.56088
0.018267,0.021566,0.55572
0.0182,0.013611,0.55419
0.018092,0.0078266,0.5521
0.018063,-9.0784e-05,0.54992
0,0,-1
0,0,-1
0,0,-1
0,0,-1
0,0,-1
0,0,-1
0,0,-1
0,0,-1
0,0,-1
0,0,-1
0,0,-1
0,0,-1
0,0,-1
0,0,-1
0,0,-1
0,0,-1
0,0,-1
0,0,-1
0,0,-1
0,0,-1
0,0,-1
0,0,-1
0.017792,-0.15285,0.53984
0.017899,-0.16087,0.54207
0.017966,-0.16755,0.54267
0.018105,-0.17585,0.54926
0.018226,-0.18265,0.549
0.018347,-0.19206,0.55567
0.018831,-0.20244,0.56678
0.019339,-0.21591,0.58091
0.043523,-0.50162,1.3154
0.052992,-0.63219,1.6006
0.034037,0.6246,1.6284
0.034048,0.60244,1.6302
0.034035,0.58675,1.6334
0.034111,0.56554,1.6393
0.034153,0.54878,1.6413
0.034263,0.5276,1.6482
0.034296,0.51209,1.6531
0.034373,0.48938,1.6582
0.034409,0.473,1.6591
0.034246,0.448,1.6527
0.034072,0.42983,1.6456
0.033894,0.40297,1.6394
0.033451,0.38203,1.6177
0.032932,0.35415,1.5943
0.031859,0.32603,1.5496
0.030533,0.29186,1.4726
0.028828,0.2592,1.3954
0.027999,0.23528,1.3622
0.027293,0.21302,1.322
0.026592,0.18981,1.2795
0.021332,0.14035,1.0263
0.014283,0.085721,0.69611
0.012591,0.069079,0.61358
0.01236,0.059151,0.59493
0.012003,0.051149,0.58
0.011814,0.042362,0.5726
0.011668,0.035968,0.56909
0.01156,0.027702,0.56235
0.011514,0.021658,0.55604
0.011484,0.013625,0.55507
0.011398,0.0078295,0.55271
0.011367,-9.0159e-05,0.55181
0,0,-1
0,0,-1
0,0,-1
0,0,-1
0,0,-1
0,0,-1
0,0,-1
0,0,-1
0,0,-1
0,0,-1
0,0,-1
0,0,-1
0,0,-1
0,0,-1
0,0,-1
0,0,-1
0,0,-1
0,0,-1
0,0,-1
0,0,-1
0,0,-1
0,0,-1
0.011274,-0.15302,0.54195
0.011322,-0.16193,0.54332
0.011354,-0.16795,0.54516
0.011455,-0.17603,0.54942
0.011531,-0.18365,0.55126
0.011636,-0.19353,0.55612
0.011934,-0.20566,0.57156
0.012297,-0.21956,0.5908
0.032132,-0.58881,1.5368
0.033704,-0.63787,1.6038
0.014257,0.62283,1.633
0.014277,0.60251,1.6305
0.014255,0.58665,1.6355
0.014271,0.56542,1.6391
0.014266,0.54911,1.6414
0.014291,0.52782,1.6483
0.01429,0.51224,1.6523
0.014314,0.48983,1.6564
0.014318,0.47305,1.6598
0.014219,0.44835,1.6532
0.014134,0.42988,1.6467
0.01405,0.40404,1.6412
0.013854,0.38216,1.6185
0.013653,0.35434,1.5948
0.013247,0.32704,1.5516
0.01261,0.29215,1.4783
0.011878,0.2608,1.396
0.011519,0.23383,1.3624
0.011274,0.2131,1.3211
0.01095,0.19036,1.2814
0.01011,0.16412,1.1929
0.0062513,0.091121,0.73628
0.0052393,0.069953,0.61904
0.0051109,0.059363,0.59862
0.0049352,0.051442,0.58152
0.0048678,0.042503,0.5752
0.0048084,0.036155,0.5707
0.0047928,0.027868,0.56357
0.00473,0.021825,0.55857
0.0047187,0.013679,0.55639
0.0046925,0.0078495,0.55528
0.0046717,-8.9839e-05,0.55243
0.0046606,-0.0058164,0.55016
0,0,-1
0,0,-1
0,0,-1
0,0,-1
0,0,-1
0,0,-1
0,0,-1
0,0,-1
0,0,-1
0,0,-1
0,0,-1
0,0,-1
0,0,-1
0,0,-1
0,0,-1
0,0,-1
0,0,-1
0,0,-1
0,0,-1
0,0,-1
0,0,-1
0.0047051,-0.15328,0.54204
0.0047147,-0.16216,0.54449
0.0047521,-0.16848,0.54634
0.0047956,-0.17665,0.54951
0.0048263,-0.18409,0.5548
0.004919,-0.19414,0.56373
0.0050726,-0.20589,0.5796
0.0054785,-0.23099,0.62267
0.014144,-0.61514,1.6053
0.014247,-0.64396,1.6265
-0.0054458,0.62343,1.6288
-0.0054972,0.60257,1.6323
-0.0055294,0.58741,1.6358
-0.005587,0.56577,1.6411
-0.0056121,0.54885,1.6407
-0.0056721,0.52767,1.6476
-0.0057172,0.51223,1.6525
-0.0057782,0.49051,1.6583
-0.0058101,0.47394,1.6599
-0.0058209,0.44995,1.6562
-0.0058279,0.43011,1.6504
-0.0058262,0.40449,1.6419
-0.0057643,0.38252,1.6214
-0.0057119,0.35579,1.5969
-0.0055796,0.32951,1.5577
-0.0053614,0.29252,1.4936
-0.0050311,0.26205,1.396
-0.0049037,0.23382,1.3605
-0.0048195,0.21394,1.3223
-0.004674,0.19019,1.2904
-0.0045393,0.1711,1.2485
-0.0032742,0.11033,0.90256
-0.0023437,0.072094,0.64063
-0.002255,0.060378,0.6154
-0.0021743,0.051772,0.58697
-0.0021357,0.042971,0.57593
-0.0021045,0.036166,0.57243
-0.0020912,0.028008,0.56835
-0.00207,0.021855,0.5622
-0.0020659,0.013743,0.55871
-0.0020554,0.007897,0.55725
-0.0020481,-9.0016e-05,0.55443
-0.0020423,-0.0058373,0.55246
0,0,-1
0,0,-1
0,0,-1
0,0,-1
0,0,-1
0,0,-1
0,0,-1
0,0,-1
0,0,-1
0,0,-1
0,0,-1
0,0,-1
0,0,-1
0,0,-1
0,0,-1
0,0,-1
0,0,-1
0,0,-1
0,0,-1
0,0,-1
0,0,-1
-0.0019139,-0.154,0.54318
-0.0019095,-0.16216,0.54753
-0.0019084,-0.16922,0.54766
-0.0019085,-0.17735,0.55398
-0.0019205,-0.18512,0.55987
-0.0019356,-0.19574,0.56514
-0.0020203,-0.21001,0.58428
-0.0024037,-0.26486,0.71021
-0.0054504,-0.62358,1.6345
-0.0054457,-0.64631,1.6395
-0.025157,0.62493,1.6289
-0.025268,0.603,1.6336
-0.025318,0.58732,1.6376
-0.02546,0.56568,1.6422
-0.025463,0.54901,1.6406
-0.025608,0.52773,1.6475
-0.025739,0.5123,1.6532
-0.025887,0.49057,1.6598
-0.025963,0.47393,1.6609
-0.025924,0.45003,1.6599
-0.025852,0.43048,1.6547
-0.0258,0.40503,1.6438
-0.025542,0.38361,1.6291
-0.025138,0.35598,1.6105
-0.024525,0.33055,1.5674
-0.023817,0.29737,1.5122
-0.022001,0.26217,1.4105
-0.021326,0.2348,1.3603
-0.020896,0.2139,1.3229
-0.020248,0.19137,1.2941
-0.019727,0.17279,1.2539
-0.015837,0.1232,1.0004
-0.010202,0.072817,0.64769
-0.009716,0.060672,0.61711
-0.0093969,0.052269,0.58934
-0.0091779,0.043133,0.58274
-0.0090523,0.03624,0.57254
-0.0090053,0.028028,0.56889
-0.0089208,0.021857,0.56293
-0.0088731,0.013744,0.56118
-0.0088331,0.0079274,0.55869
-0.008812,-9.0767e-05,0.55724
-0.0087951,-0.0058376,0.55378
-0.0087317,-0.013753,0.55209
0,0,-1
0,0,-1
0,0,-1
0,0,-1
0,0,-1
0,0,-1
0,0,-1
0,0,-1
0,0,-1
0,0,-1
0,0,-1
0,0,-1
0,0,-1
0,0,-1
0,0,-1
0,0,-1
0,0,-1
0,0,-1
0,0,-1
0,0,-1
-0.0085677,-0.15481,0.54515
-0.0085987,-0.16367,0.54891
-0.0086432,-0.16952,0.55001
-0.0086525,-0.17831,0.55781
-0.0087917,-0.18674,0.56043
-0.008867,-0.19939,0.57106
-0.0094796,-0.2206,0.60901
-0.017344,-0.41508,1.1184
-0.025465,-0.62577,1.6455
-0.025524,-0.65006,1.6413
-0.04483,0.62507,1.6276
-0.045078,0.60437,1.6353
-0.045186,0.5883,1.638
-0.045336,0.56635,1.6451
-0.045414,0.54996,1.6429
-0.045645,0.52873,1.6498
-0.04583,0.51336,1.6567
-0.046094,0.49166,1.6641
-0.046113,0.47446,1.6635
-0.046145,0.45055,1.6637
-0.045957,0.43154,1.6545
-0.045748,0.40516,1.6473
-0.045348,0.38554,1.6311
-0.044827,0.35713,1.6154
-0.043739,0.3329,1.5784
-0.042378,0.30214,1.5261
-0.039406,0.26505,1.415
-0.038083,0.23473,1.3672
-0.036675,0.21382,1.3226
-0.035873,0.19131,1.2938
-0.035046,0.17274,1.2562
-0.033923,0.14948,1.2013
-0.019038,0.076983,0.68405
-0.017501,0.061916,0.62844
-0.016749,0.052567,0.59848
-0.016453,0.043294,0.58743
-0.016072,0.036586,0.57701
-0.015952,0.028033,0.56874
-0.015817,0.022057,0.56525
-0.015742,0.01379,0.56136
-0.015676,0.0079313,0.55889
-0.015577,-9.1531e-05,0.55801
-0.01556,-0.0058536,0.55577
-0.015529,-0.013771,0.55211
-0.015493,-0.019499,0.55187
0,0,-1
0,0,-1
0,0,-1
0,0,-1
0,0,-1
0,0,-1
0,0,-1
0,0,-1
0,0,-1
0,0,-1
0,0,-1
0,0,-1
0,0,-1
0,0,-1
0,0,-1
0,0,-1
0,0,-1
0,0,-1
-0.015227,-0.14927,0.54648
-0.015276,-0.15593,0.55089
-0.015399,-0.16404,0.55146
-0.015458,-0.17065,0.55441
-0.015581,-0.18017,0.55812
-0.015774,-0.1887,0.56478
-0.016178,-0.2017,0.58376
-0.019365,-0.25051,0.70225
-0.044841,-0.60647,1.6248
-0.046064,-0.63409,1.6604
-0.04597,-0.65645,1.6551
-0.064713,0.62593,1.6318
-0.064894,0.60432,1.6347
-0.065141,0.58878,1.6381
-0.065418,0.56792,1.6448
-0.065313,0.54986,1.6436
-0.065628,0.52863,1.6505
-0.06585,0.51349,1.6582
-0.066251,0.49262,1.6663
-0.066307,0.47556,1.6668
-0.066326,0.45134,1.6648
-0.066324,0.43148,1.6636
-0.065792,0.40608,1.6512
-0.065375,0.38658,1.6428
-0.064847,0.35981,1.6229
-0.063302,0.33605,1.5917
-0.062016,0.30544,1.5446
-0.057751,0.26922,1.4506
-0.054822,0.23504,1.3714
-0.0526,0.21372,1.3221
-0.051681,0.1918,1.2954
-0.05057,0.17332,1.2616
-0.049117,0.15342,1.2338
-0.032762,0.091291,0.81374
-0.026242,0.064589,0.65319
-0.024329,0.053598,0.60841
-0.023931,0.043827,0.59332
-0.023206,0.036871,0.57946
-0.022971,0.028257,0.57541
-0.02284,0.022105,0.56791
-0.022684,0.013885,0.56493
-0.022603,0.0079567,0.56125
-0.022504,-9.2992e-05,0.55872
-0.022393,-0.0058737,0.5578
-0.022303,-0.013801,0.5554
-0.022216,-0.019504,0.55388
-0.022123,-0.027395,0.55131
0,0,-1
0,0,-1
0,0,-1
0,0,-1
0,0,-1
0,0,-1
0,0,-1
0,0,-1
0,0,-1
0,0,-1
0,0,-1
0,0,-1
0,0,-1
0,0,-1
0,0,-1
0,0,-1
-0.021952,-0.1416,0.54865
-0.021952,-0.1502,0.54996
-0.022051,-0.15654,0.55255
-0.022259,-0.16497,0.55429
-0.022311,-0.17138,0.55838
-0.02248,-0.18125,0.5621
-0.022973,-0.19209,0.57175
-0.024095,-0.20947,0.60472
-0.048475,-0.43365,1.2203
-0.066548,-0.62075,1.6742
-0.066515,-0.63902,1.6755
-0.066696,-0.66077,1.6723
-0.08427,0.62661,1.6296
-0.084711,0.60488,1.6383
-0.084957,0.58846,1.6425
-0.085306,0.56761,1.6458
-0.085285,0.54998,1.6434
-0.085685,0.52875,1.6504
-0.085967,0.5143,1.6596
-0.086548,0.49262,1.6673
-0.086572,0.47602,1.6703
-0.08676,0.45317,1.6716
-0.086554,0.43417,1.6681
-0.08604,0.40678,1.6523
-0.085626,0.38712,1.6422
-0.085006,0.36149,1.6288
-0.083379,0.33832,1.6012
-0.081491,0.30951,1.5663
-0.077215,0.2777,1.4805
-0.072436,0.24021,1.4036
-0.069371,0.2151,1.333
-0.067367,0.19263,1.3024
-0.06639,0.17577,1.2642
-0.065387,0.15371,1.2415
-0.058308,0.12714,1.1251
-0.03694,0.069701,0.70502
-0.032489,0.054858,0.61932
-0.031499,0.044446,0.60302
-0.0307,0.037434,0.58656
-0.03024,0.02848,0.57924
-0.030037,0.022374,0.57535
-0.02975,0.013953,0.56785
-0.029571,0.0079875,0.56473
-0.029551,-9.4905e-05,0.56147
-0.029322,-0.0059197,0.56066
-0.029295,-0.013958,0.55853
-0.029254,-0.019627,0.55579
-0.028905,-0.027425,0.55394
-0.028824,-0.033101,0.55293
0,0,-1
0,0,-1
0,0,-1
0,0,-1
0,0,-1
0,0,-1
0,0,-1
0,0,-1
0,0,-1
0,0,-1
0,0,-1
0,0,-1
0,0,-1
-0.02864,-0.12822,0.54895
-0.028638,-0.13588,0.54972
-0.028693,-0.14217,0.55163
-0.028814,-0.15081,0.55375
-0.029011,-0.15687,0.55551
-0.029122,-0.16571,0.55957
-0.029371,-0.17304,0.56292
-0.029583,-0.18267,0.56833
-0.030594,-0.19639,0.59068
-0.035542,-0.23744,0.68434
-0.087238,-0.59913,1.6811
-0.088031,-0.62672,1.6922
-0.087704,-0.6435,1.6913
-0.08692,-0.66453,1.6831
-0.10431,0.626,1.6344
-0.10447,0.60557,1.6387
-0.1048,0.5889,1.6428
-0.10531,0.56723,1.6469
-0.10519,0.54984,1.6437
-0.10567,0.5286,1.6506
-0.10634,0.51417,1.6625
-0.10684,0.4931,1.67
-0.10698,0.47644,1.6712
-0.10714,0.45355,1.6752
-0.10695,0.43529,1.6702
-0.10675,0.40901,1.6627
-0.10597,0.38978,1.649
-0.10511,0.36362,1.6381
-0.10398,0.34203,1.6159
-0.10208,0.31229,1.5892
-0.098194,0.28483,1.5223
-0.092828,0.2485,1.4388
-0.087488,0.21814,1.3556
-0.084419,0.19349,1.3167
-0.082976,0.17771,1.2949
-0.08193,0.1562,1.2656
-0.079362,0.14001,1.2313
-0.060416,0.093613,0.94856
-0.041949,0.057566,0.64928
-0.039682,0.045401,0.61661
-0.03882,0.038209,0.60303
-0.037822,0.028923,0.58566
-0.037521,0.022643,0.58232
-0.03751,0.014194,0.5786
-0.036774,0.0080891,0.57045
-0.036618,-9.7492e-05,0.56519
-0.03646,-0.0059468,0.56349
-0.036138,-0.013965,0.5596
-0.036089,-0.019768,0.55943
-0.036001,-0.027709,0.55506
-0.035735,-0.033275,0.55464
-0.03562,-0.041104,0.55398
-0.035559,-0.046767,0.55173
-0.035512,-0.054536,0.55047
-0.035426,-0.059919,0.54849
0,0,-1
0,0,-1
0,0,-1
0,0,-1
0,0,-1
0,0,-1
-0.035283,-0.10827,0.5463
-0.03537,-0.11482,0.54995
-0.035416,-0.12276,0.55083
-0.035538,-0.12857,0.55335
-0.035445,-0.13661,0.55244
-0.035637,-0.14271,0.55515
-0.035742,-0.15109,0.55621
-0.035965,-0.15817,0.55969
-0.036191,-0.16752,0.56188
-0.03659,-0.17511,0.56895
-0.037352,-0.18659,0.57874
-0.041092,-0.21264,0.64187
-0.079954,-0.43046,1.249
-0.10967,-0.61149,1.708
-0.10921,-0.63346,1.7057
-0.10902,-0.64876,1.6999
-0.10845,-0.66988,1.6894
-0.12421,0.62588,1.6298
-0.12444,0.60509,1.6386
-0.12458,0.58944,1.6419
-0.12518,0.56757,1.6476
-0.12539,0.55015,1.6437
-0.12615,0.52891,1.6506
-0.1264,0.51462,1.6641
-0.12723,0.49296,1.6713
-0.12727,0.47702,1.6724
-0.12759,0.45392,1.6746
-0.12753,0.43632,1.6768
-0.12718,0.41139,1.6707
-0.12657,0.39183,1.6584
-0.12614,0.36575,1.6492
-0.12448,0.3447,1.631
-0.12272,0.31797,1.6068
-0.11969,0.29126,1.5585
-0.11439,0.25744,1.4935
-0.10592,0.22423,1.3917
-0.10239,0.19737,1.345
-0.10041,0.17943,1.3146
-0.098738,0.15925,1.2878
-0.09771,0.14311,1.2745
-0.093646,0.12176,1.2291
-0.057005,0.066428,0.74882
-0.049509,0.047905,0.64939
-0.047915,0.039666,0.62459
-0.046301,0.029544,0.60342
-0.044955,0.022825,0.58841
-0.044719,0.014351,0.58373
-0.04473,0.0082457,0.58371
-0.043674,-0.00010047,0.5706
-0.043503,-0.0059919,0.56934
-0.043336,-0.014066,0.56477
-0.043047,-0.019807,0.56145
-0.042791,-0.02779,0.55966
-0.042726,-0.03355,0.55935
-0.042527,-0.041463,0.55605
-0.042478,-0.046972,0.5556
-0.042423,-0.054856,0.55422
-0.04243,-0.060584,0.55297
-0.04236,-0.068416,0.5489
-0.042303,-0.074061,0.54818
-0.042281,-0.081823,0.55098
-0.042238,-0.087415,0.55013
-0.04212,-0.095293,0.55126
-0.042043,-0.10083,0.55134
-0.042295,-0.10944,0.55152
-0.042372,-0.11515,0.55258
-0.042337,-0.12328,0.55346
-0.042394,-0.12928,0.5538
-0.042546,-0.13717,0.55497
-0.042619,-0.14379,0.55775
-0.042848,-0.15263,0.56075
-0.043171,-0.15942,0.56359
-0.043643,-0.16901,0.56973
-0.044346,-0.17868,0.5803
-0.045509,-0.19435,0.60424
-0.076558,-0.33322,1.0016
-0.13173,-0.59673,1.7237
-0.13215,-0.61732,1.724
-0.13151,-0.63926,1.7161
-0.1309,-0.65278,1.7057
-0.12971,-0.67413,1.6973
-0.14341,0.62604,1.6304
-0.14413,0.60452,1.6366
-0.14458,0.58889,1.6408
-0.14524,0.56795,1.6481
-0.14541,0.55036,1.646
-0.14608,0.5291,1.6529
-0.14676,0.51521,1.6637
-0.14738,0.49355,1.6727
-0.14773,0.47721,1.6737
-0.14788,0.45478,1.6778
-0.14805,0.43725,1.6773
-0.14776,0.41214,1.6732
-0.14753,0.39379,1.666
-0.14695,0.36803,1.6588
-0.14549,0.34756,1.6467
-0.14368,0.32139,1.6305
-0.14042,0.29796,1.5955
-0.13719,0.2671,1.5603
-0.12816,0.23505,1.4493
-0.1209,0.20356,1.3703
-0.11868,0.18295,1.3407
-0.11646,0.16144,1.3157
-0.11605,0.14588,1.2881
-0.11426,0.12702,1.2864
-0.099884,0.10089,1.1303
-0.065391,0.054489,0.74205
-0.0566,0.040483,0.63974
-0.055508,0.030717,0.62447
-0.053617,0.023313,0.60309
-0.05206,0.014429,0.58809
-0.051975,0.0082873,0.58653
-0.051444,-0.00010458,0.58003
-0.050771,-0.0060457,0.57264
-0.050339,-0.014114,0.56562
-0.050195,-0.019909,0.5648
-0.049842,-0.02792,0.56264
-0.049763,-0.033647,0.56152
-0.049579,-0.041491,0.55882
-0.049605,-0.047431,0.55894
-0.049541,-0.05517,0.55634
-0.049466,-0.061013,0.55762
-0.049327,-0.0689,0.55748
-0.049319,-0.074595,0.55719
-0.049056,-0.082415,0.55609
-0.04922,-0.088193,0.55529
-0.049198,-0.096254,0.55395
-0.049344,-0.10194,0.55448
-0.049212,-0.11,0.55568
-0.049197,-0.11603,0.55566
-0.049285,-0.12427,0.55592
-0.049442,-0.13034,0.55736
-0.049648,-0.1383,0.56062
-0.049792,-0.14495,0.56253
-0.050127,-0.15381,0.56606
-0.050797,-0.16174,0.57053
-0.051414,-0.17289,0.58144
-0.052923,-0.18403,0.60066
-0.064515,-0.23408,0.73103
-0.15325,-0.57392,1.7296
-0.15455,-0.60679,1.7438
-0.15457,-0.62326,1.7412
-0.15358,-0.64541,1.7332
-0.15236,-0.65758,1.724
-0.15085,-0.67765,1.7072
-0.16316,0.62479,1.6341
-0.16383,0.60389,1.6371
-0.16433,0.58869,1.6404
-0.16512,0.56767,1.6474
-0.16525,0.55034,1.6467
-0.16641,0.52907,1.6535
-0.16694,0.51479,1.6636
-0.16793,0.494,1.6735
-0.16803,0.47708,1.6747
-0.1685,0.45449,1.6805
-0.16843,0.43726,1.6794
-0.16887,0.4133,1.6815
-0.16816,0.39494,1.6753
-0.16767,0.37061,1.669
-0.16651,0.35046,1.658
-0.16521,0.32384,1.6413
-0.16263,0.30182,1.6189
-0.1599,0.27255,1.5902
-0.15252,0.24551,1.5179
-0.14487,0.21308,1.4383
-0.13751,0.18824,1.3633
-0.13507,0.16402,1.3417
-0.13324,0.14955,1.3185
-0.13216,0.12873,1.3181
-0.13077,0.11461,1.2969
-0.11293,0.081838,1.1298
-0.071664,0.044942,0.71259
-0.064327,0.031275,0.63745
-0.061881,0.02381,0.61462
-0.060433,0.014703,0.6009
-0.059489,0.0083361,0.58783
-0.058574,-0.00010851,0.58165
-0.058349,-0.006108,0.57738
-0.057641,-0.014236,0.57185
-0.057245,-0.020082,0.56918
-0.057144,-0.028144,0.5648
-0.057088,-0.034004,0.56449
-0.056796,-0.041763,0.56351
-0.056564,-0.047562,0.56135
-0.056477,-0.055452,0.56063
-0.056431,-0.061226,0.56007
-0.056325,-0.069051,0.55982
-0.056306,-0.074848,0.55968
-0.056278,-0.082727,0.55799
-0.056262,-0.088624,0.55789
-0.056288,-0.096475,0.55772
-0.056416,-0.10278,0.55891
-0.056265,-0.11069,0.55774
-0.056262,-0.11661,0.55834
-0.056551,-0.12491,0.55949
-0.056596,-0.13102,0.56252
-0.056777,-0.13981,0.5644
-0.057167,-0.14648,0.56827
-0.058027,-0.15603,0.57231
-0.058633,-0.16497,0.58472
-0.060584,-0.17812,0.60728
-0.070956,-0.21685,0.70714
-0.1662,-0.53283,1.6583
-0.17857,-0.5889,1.7759
-0.17777,-0.61174,1.7682
-0.17676,-0.62883,1.7603
-0.17583,-0.64862,1.7505
-0.1743,-0.66231,1.7296
-0.1725,-0.67852,1.7182
-0.1825,0.62537,1.6301
-0.18372,0.60367,1.6361
-0.18431,0.58824,1.6407
-0.18497,0.56798,1.6471
-0.18532,0.5514,1.6466
-0.18628,0.53018,1.6535
-0.18705,0.5153,1.665
-0.18812,0.49397,1.6732
-0.18837,0.47754,1.6761
-0.18919,0.45521,1.681
-0.18905,0.43759,1.6805
-0.18957,0.41493,1.6853
-0.18918,0.39635,1.6847
-0.18881,0.37206,1.6804
-0.18823,0.35255,1.6705
-0.18689,0.32673,1.6606
-0.1852,0.30702,1.6424
-0.1824,0.27861,1.6189
-0.17747,0.25521,1.5758
-0.17067,0.22343,1.5108
-0.16236,0.19818,1.4362
-0.15606,0.16874,1.3641
-0.1524,0.15142,1.3561
-0.15091,0.13098,1.3414
-0.14983,0.11692,1.3332
-0.1497,0.096762,1.3347
-0.12646,0.072603,1.1292
-0.078267,0.034158,0.69366
-0.072016,0.024659,0.63692
-0.068542,0.014867,0.60899
-0.067636,0.0084683,0.60025
-0.066381,-0.00011301,0.58643
-0.065586,-0.0061236,0.58088
-0.065274,-0.014377,0.57828
-0.064901,-0.020274,0.57365
-0.064537,-0.02845,0.57212
-0.064374,-0.0342,0.5678
-0.064138,-0.042214,0.566
-0.064087,-0.048074,0.56386
-0.063685,-0.055997,0.56313
-0.063868,-0.06177,0.56432
-0.063271,-0.069739,0.5634
-0.06356,-0.0755,0.56206
-0.063286,-0.083413,0.56096
-0.063336,-0.08928,0.56087
-0.063549,-0.097492,0.56398
-0.063553,-0.10343,0.563
-0.063715,-0.1115,0.56489
-0.063805,-0.11739,0.56624
-0.063946,-0.12636,0.56564
-0.064166,-0.1327,0.5706
-0.064691,-0.14171,0.57024
-0.065336,-0.14828,0.57525
-0.066191,-0.15939,0.58882
-0.06937,-0.17324,0.61596
-0.082621,-0.21706,0.7345
-0.17624,-0.47864,1.5659
-0.20376,-0.57876,1.8024
-0.2032,-0.59819,1.8014
-0.20161,-0.61951,1.7936
-0.20009,-0.63608,1.7744
-0.19848,-0.65387,1.7603
-0.19644,-0.66668,1.7448
-0.19417,-0.68557,1.725
-0.20226,0.62433,1.6258
-0.20341,0.60392,1.6341
-0.20411,0.58897,1.6395
-0.20494,0.56807,1.6473
-0.20529,0.55131,1.6502
-0.20633,0.52999,1.6593
-0.20717,0.5151,1.6645
-0.20827,0.49416,1.6748
-0.20886,0.47802,1.678
-0.20966,0.45568,1.6825
-0.20982,0.43824,1.6812
-0.20988,0.41542,1.6863
-0.2103,0.39796,1.6859
-0.21018,0.373,1.6907
-0.20929,0.3556,1.6825
-0.20879,0.33016,1.6766
-0.20778,0.30972,1.6626
-0.20535,0.28412,1.6488
-0.20208,0.26194,1.6213
-0.19671,0.23286,1.577
-0.18947,0.20835,1.5109
-0.18024,0.17796,1.4368
-0.17393,0.15691,1.3913
-0.17282,0.13604,1.3709
-0.17017,0.12076,1.3709
-0.17016,0.10078,1.3593
-0.16976,0.085607,1.3498
-0.15149,0.05962,1.2018
-0.088797,0.027425,0.71156
-0.079918,0.015579,0.63902
-0.076626,0.0086434,0.61337
-0.074855,-0.00011912,0.60315
-0.073618,-0.0062325,0.58603
-0.073058,-0.014576,0.58222
-0.072493,-0.020447,0.58204
-0.072404,-0.028612,0.57955
-0.072086,-0.034498,0.57572
-0.071874,-0.042625,0.57375
-0.071519,-0.048511,0.57007
-0.071354,-0.056337,0.56882
-0.071354,-0.06218,0.56822
-0.071142,-0.070218,0.56708
-0.070769,-0.076096,0.56736
-0.070631,-0.084079,0.56763
-0.070705,-0.089863,0.56714
-0.070803,-0.098188,0.56816
-0.071089,-0.10453,0.56881
-0.071398,-0.11305,0.57214
-0.071308,-0.11894,0.57228
-0.071497,-0.12805,0.57225
-0.072454,-0.13498,0.57563
-0.072942,-0.14463,0.58293
-0.075562,-0.15518,0.59734
-0.077899,-0.16949,0.62304
-0.1008,-0.22646,0.80633
-0.20724,-0.49394,1.6657
-0.22899,-0.56477,1.8337
-0.22804,-0.5888,1.8262
-0.2262,-0.60383,1.8139
-0.22459,-0.62574,1.8052
-0.22305,-0.63936,1.7863
-0.22033,-0.65786,1.77
-0.21882,-0.66909,1.7546
-0.21665,-0.68763,1.738
-0.2222,0.62274,1.6256
-0.223,0.60299,1.6354
-0.22379,0.58835,1.6407
-0.22483,0.56747,1.6483
-0.22507,0.55114,1.6502
-0.22653,0.52982,1.6603
-0.22722,0.5153,1.666
-0.22898,0.49393,1.6763
-0.22952,0.47753,1.6792
-0.22991,0.45522,1.6853
-0.2301,0.4388,1.6859
-0.23091,0.41527,1.6899
-0.23048,0.39849,1.6883
-0.23112,0.3755,1.6913
-0.23075,0.35784,1.6917
-0.23003,0.33252,1.6854
-0.22932,0.31303,1.6787
-0.22826,0.28783,1.6671
-0.22622,0.2671,1.6532
-0.22328,0.23974,1.6318
-0.21678,0.2179,1.592
-0.21205,0.19042,1.5476
-0.20089,0.16457,1.4704
-0.19598,0.1416,1.4185
-0.19193,0.12327,1.4024
-0.19149,0.10304,1.404
-0.19179,0.088934,1.405
-0.19163,0.068571,1.3956
-0.17631,0.049894,1.2749
-0.11834,0.021137,0.8606
-0.090391,0.0092754,0.65702
-0.086596,-0.00012986,0.63177
-0.083632,-0.0064843,0.61262
-0.083013,-0.014886,0.59838
-0.080789,-0.020883,0.59057
-0.08074,-0.029087,0.58375
-0.080229,-0.035001,0.58343
-0.079636,-0.043026,0.58288
-0.079448,-0.049136,0.57714
-0.078943,-0.057076,0.5759
-0.079266,-0.062833,0.57579
-0.078975,-0.070955,0.57294
-0.078873,-0.077075,0.57507
-0.078522,-0.085153,0.57309
-0.078402,-0.090973,0.57307
-0.079114,-0.099348,0.5725
-0.079127,-0.1061,0.57471
-0.07975,-0.11477,0.57716
-0.079734,-0.12185,0.5774
-0.080263,-0.1307,0.58538
-0.08167,-0.13982,0.59661
-0.084348,-0.15055,0.60877
-0.090775,-0.17086,0.66388
-0.12156,-0.24074,0.88553
-0.2541,-0.5233,1.8541
-0.25559,-0.55315,1.8682
-0.25485,-0.57092,1.8629
-0.25292,-0.59456,1.8451
-0.25079,-0.60881,1.833
-0.24849,-0.62907,1.8148
-0.24626,-0.64157,1.7991
-0.24392,-0.66118,1.7785
-0.24047,-0.67266,1.7632
-0.23838,-0.69001,1.7439
-0.24122,0.6189,1.6272
-0.24239,0.60157,1.6337
-0.24331,0.58798,1.64
-0.24464,0.5671,1.6475
-0.24516,0.55049,1.6509
-0.2465,0.52985,1.6582
-0.24827,0.51493,1.669
-0.24934,0.49451,1.6762
-0.24968,0.47731,1.68
-0.25041,0.45537,1.6847
-0.25053,0.43881,1.6865
-0.25153,0.41589,1.6903
-0.25166,0.39901,1.694
-0.25247,0.37574,1.6979
-0.25211,0.35854,1.6978
-0.2524,0.33415,1.6967
-0.25221,0.3168,1.6921
-0.25151,0.29099,1.689
-0.25067,0.27209,1.679
-0.24742,0.24565,1.6638
-0.24412,0.225,1.635
-0.24103,0.19828,1.6075
-0.23305,0.17615,1.5659
-0.22668,0.15024,1.5275
-0.21875,0.12911,1.463
-0.21544,0.10676,1.4561
-0.2156,0.090967,1.4386
-0.21579,0.070467,1.4397
-0.213,0.055592,1.4332
-0.2112,0.034948,1.4127
-0.15691,0.014885,1.0553
-0.11418,-0.00016314,0.76215
-0.098285,-0.0069422,0.65873
-0.095292,-0.01594,0.63994
-0.093198,-0.022121,0.6245
-0.092258,-0.030551,0.61726
-0.091286,-0.036681,0.61574
-0.091065,-0.045308,0.61297
-0.089428,-0.050435,0.59905
-0.088588,-0.058435,0.58858
-0.087535,-0.064314,0.58796
-0.087395,-0.072519,0.58351
-0.087367,-0.078476,0.58413
-0.087198,-0.086701,0.5826
-0.087436,-0.093024,0.5821
-0.08725,-0.10141,0.58609
-0.087703,-0.10793,0.58657
-0.088574,-0.11712,0.59062
-0.089276,-0.12475,0.59603
-0.090215,-0.13675,0.61251
-0.097776,-0.15277,0.65421
-0.11737,-0.1944,0.78404
-0.255,-0.44,1.7022
-0.2845,-0.51873,1.9106
-0.28423,-0.53715,1.9056
-0.28266,-0.56164,1.8957
-0.28008,-0.57742,1.8768
-0.2776,-0.59859,1.8624
-0.27496,-0.61302,1.8425
-0.2722,-0.63215,1.8223
-0.26951,-0.64491,1.8062
-0.26643,-0.66284,1.7882
-0.26422,-0.67651,1.7715
-0.25931,-0.69365,1.7522
-0.25976,0.62089,1.6166
-0.26176,0.60004,1.6311
-0.26324,0.58699,1.6374
-0.26461,0.56645,1.6449
-0.26496,0.55086,1.6487
-0.26661,0.52984,1.6599
-0.26808,0.51627,1.667
-0.26922,0.49526,1.6743
-0.26992,0.4781,1.6783
-0.27101,0.45581,1.6845
-0.27142,0.43952,1.6885
-0.27253,0.41645,1.6917
-0.27302,0.39987,1.6953
-0.27359,0.37674,1.7004
-0.27403,0.35881,1.6997
-0.27456,0.33535,1.7042
-0.27445,0.31811,1.7072
-0.27435,0.29344,1.7027
-0.2735,0.2752,1.6998
-0.2724,0.25016,1.6938
-0.27032,0.23034,1.6765
-0.26792,0.20488,1.661
-0.26329,0.18515,1.6363
-0.2595,0.15906,1.6084
-0.25172,0.13734,1.5759
-0.24731,0.11298,1.529
-0.24366,0.09479,1.5003
-0.23938,0.073451,1.4924
-0.23939,0.057499,1.4888
-0.23895,0.036127,1.4804
-0.23901,0.020783,1.4779
-0.23748,-0.00032624,1.4744
-0.17518,-0.011407,1.0775
-0.13433,-0.020811,0.83256
-0.11625,-0.025365,0.72014
-0.10976,-0.033674,0.68423
-0.10587,-0.039381,0.6555
-0.10199,-0.047182,0.63564
-0.099853,-0.052048,0.61725
-0.098773,-0.060696,0.61331
-0.097347,-0.066211,0.6082
-0.096904,-0.074343,0.60005
-0.096567,-0.080307,0.59833
-0.096382,-0.088723,0.59718
-0.096883,-0.09544,0.59822
-0.098222,-0.10577,0.60924
-0.10163,-0.11553,0.63253
-0.10471,-0.12864,0.65029
-0.11551,-0.14902,0.71492
-0.14611,-0.20213,0.91061
-0.26734,-0.38483,1.6575
-0.30955,-0.47274,1.9162
-0.31308,-0.50251,1.9553
-0.31199,-0.52867,1.9453
-0.31082,-0.54446,1.9243
-0.3085,-0.56589,1.9079
-0.30533,-0.58183,1.8918
-0.30144,-0.60296,1.8781
-0.29924,-0.61632,1.858
-0.2964,-0.63577,1.8387
-0.2937,-0.6495,1.8139
-0.2893,-0.66616,1.7937
-0.28582,-0.67739,1.7743
-0.28273,-0.69818,1.7659
-0.27841,0.61846,1.6205
-0.28059,0.59897,1.6279
-0.2826,0.58609,1.6337
-0.28402,0.56556,1.6441
-0.2848,0.55016,1.6458
-0.28639,0.52897,1.6599
-0.28772,0.51621,1.6649
-0.2901,0.49446,1.6779
-0.29046,0.47833,1.6811
-0.2916,0.45556,1.6888
-0.29225,0.43927,1.6913
-0.29324,0.41723,1.6955
-0.29334,0.40056,1.6969
-0.29468,0.37745,1.7024
-0.29532,0.36059,1.7036
-0.29617,0.3372,1.7096
-0.29661,0.31991,1.7109
-0.29687,0.29497,1.7108
-0.29647,0.27678,1.7109
-0.29556,0.25223,1.7084
-0.29572,0.23447,1.7059
-0.29488,0.20972,1.7077
-0.29266,0.19038,1.6899
-0.28956,0.16529,1.6777
-0.28685,0.14584,1.6555
-0.28338,0.1202,1.6394
-0.27851,0.10159,1.6108
-0.27386,0.077818,1.5897
-0.26988,0.060434,1.5691
-0.26932,0.038035,1.5594
-0.27008,0.021915,1.5597
-0.27101,-0.00036245,1.5638
-0.27885,-0.017022,1.6103
-0.2788,-0.040007,1.6099
-0.23395,-0.047224,1.3442
-0.17721,-0.050557,1.0166
-0.13096,-0.045559,0.75768
-0.11954,-0.051079,0.68728
-0.11407,-0.05568,0.65886
-0.11216,-0.063995,0.64872
-0.11205,-0.070631,0.64804
-0.11299,-0.08068,0.65226
-0.11827,-0.09105,0.68077
-0.11967,-0.10213,0.68955
-0.12432,-0.11389,0.72222
-0.13205,-0.13261,0.76487
-0.16281,-0.17195,0.93811
-0.22427,-0.25628,1.2964
-0.31755,-0.38217,1.832
-0.34051,-0.43758,1.957
-0.3409,-0.45799,1.9686
-0.34123,-0.48692,1.9657
-0.34073,-0.5079,1.9681
-0.33955,-0.53435,1.9613
-0.33734,-0.55024,1.9399
-0.3337,-0.57088,1.9193
-0.33018,-0.58385,1.9061
-0.32658,-0.60551,1.8808
-0.32322,-0.62119,1.8711
-0.31986,-0.63937,1.8448
-0.31711,-0.64984,1.8296
-0.3138,-0.6699,1.8018
-0.3085,-0.68012,1.7779
-0.30441,-0.69838,1.7595
-0.29738,0.61641,1.6042
-0.29879,0.59706,1.6202
-0.30184,0.58527,1.6307
-0.30346,0.56599,1.641
-0.30427,0.54921,1.6427
-0.3065,0.52969,1.6574
-0.30768,0.51531,1.6676
-0.30993,0.49477,1.6758
-0.31022,0.47875,1.6798
-0.31215,0.45671,1.6894
-0.31262,0.43972,1.6899
-0.31369,0.41753,1.6977
-0.31438,0.40061,1.6987
-0.31529,0.3777,1.7079
-0.31597,0.36083,1.7056
-0.31687,0.33749,1.7167
-0.31773,0.32037,1.7134
-0.31942,0.29653,1.7202
-0.31908,0.2783,1.7197
-0.31958,0.2547,1.7217
-0.3195,0.2366,1.723
-0.31872,0.21224,1.7251
-0.31829,0.19387,1.716
-0.3186,0.16894,1.7146
-0.31735,0.15033,1.7118
-0.3148,0.12502,1.7043
-0.3134,0.1068,1.6869
-0.31181,0.082468,1.6832
-0.31177,0.065037,1.6625
-0.30644,0.040603,1.656
-0.30652,0.023286,1.6563
-0.30759,-0.00040052,1.6665
-0.31679,-0.018008,1.7031
-0.31863,-0.042667,1.7182
-0.32221,-0.061244,1.7348
-0.32392,-0.086608,1.7543
-0.32375,-0.10466,1.7534
-0.32208,-0.12886,1.7296
-0.2932,-0.13388,1.5846
-0.27757,-0.1488,1.4971
-0.27728,-0.16423,1.4955
-0.28126,-0.18773,1.5173
-0.29595,-0.21415,1.5938
-0.31406,-0.25128,1.6911
-0.34119,-0.29117,1.8355
-0.35345,-0.32976,1.9073
-0.36265,-0.35809,1.9514
-0.36441,-0.39056,1.9631
-0.36784,-0.41262,1.9799
-0.36845,-0.44293,1.9941
-0.36864,-0.4631,1.9919
-0.36791,-0.49133,1.9864
-0.36702,-0.5113,1.9816
-0.36524,-0.53685,1.9649
-0.36237,-0.55225,1.9536
-0.35886,-0.57494,1.9294
-0.35533,-0.58963,1.9168
-0.35116,-0.60764,1.8948
-0.34748,-0.62266,1.8714
-0.34297,-0.64234,1.8578
-0.34055,-0.65526,1.8302
-0.33552,-0.67019,1.81
-0.32995,-0.68337,1.7866
-0.32616,-0.70022,1.7621
-0.3161,0.61364,1.6014
-0.3176,0.59544,1.617
-0.32037,0.58408,1.6275
-0.32266,0.56482,1.6355
-0.32351,0.54808,1.6399
-0.32609,0.5292,1.6602
-0.32759,0.51538,1.665
-0.33005,0.49397,1.6746
-0.33097,0.47804,1.6801
-0.33269,0.45669,1.6876
-0.33389,0.43999,1.6902
-0.33506,0.41759,1.7009
-0.33582,0.40124,1.701
-0.33656,0.3781,1.7086
-0.33712,0.3612,1.7104
-0.33824,0.33813,1.7156
-0.33919,0.32068,1.7188
-0.34036,0.29711,1.7277
-0.34081,0.27947,1.7318
-0.34155,0.25602,1.7354
-0.34205,0.23816,1.7368
-0.34269,0.21399,1.7351
-0.34332,0.19626,1.735
-0.34385,0.17161,1.7396
-0.34336,0.15291,1.7391
-0.34328,0.12812,1.7388
-0.34338,0.11015,1.7385
-0.34316,0.085328,1.7357
-0.34352,0.067339,1.7405
-0.3437,0.042481,1.7366
-0.34378,0.024494,1.7458
-0.34492,-0.0004408,1.7513
-0.35089,-0.018833,1.7775
-0.35123,-0.044507,1.7845
-0.35561,-0.063804,1.7976
-0.35819,-0.089942,1.8123
-0.36242,-0.11028,1.8311
-0.36456,-0.13685,1.8505
-0.3695,-0.15768,1.873
-0.37145,-0.18631,1.8851
-0.37504,-0.20718,1.904
-0.37782,-0.23588,1.9066
-0.38158,-0.25869,1.9229
-0.38354,-0.28811,1.9432
-0.38628,-0.31032,1.9528
-0.3883,-0.34076,1.9634
-0.39112,-0.36239,1.9807
-0.39211,-0.39352,1.9882
-0.39488,-0.41612,2.0002
-0.39534,-0.44601,2.0043
-0.39493,-0.46634,2.0005
-0.39571,-0.49567,1.9961
-0.39477,-0.51544,1.9913
-0.39151,-0.53911,1.9839
-0.38775,-0.55477,1.9653
-0.3838,-0.57704,1.9423
-0.37956,-0.5912,1.92
-0.37614,-0.61189,1.9053
-0.37221,-0.62417,1.884
-0.36736,-0.64372,1.8571
-0.3623,-0.65465,1.8356
-0.35975,-0.67518,1.8175
-0.35427,-0.68239,1.7935
-0.34771,-0.69918,1.7635
-0.33307,0.6105,1.6067
-0.336,0.59236,1.608
-0.33931,0.583,1.6245
-0.34173,0.56242,1.632
-0.34194,0.54708,1.6364
-0.34592,0.52837,1.6573
-0.34811,0.51444,1.6642
-0.34993,0.49438,1.6717
-0.35154,0.47836,1.678
-0.35307,0.45628,1.6881
-0.35398,0.43995,1.6922
-0.35547,0.41865,1.6979
-0.35676,0.40176,1.7017
-0.35838,0.37907,1.7149
-0.35958,0.36165,1.7184
-0.36071,0.33855,1.723
-0.36148,0.3211,1.7262
-0.36263,0.29798,1.7342
-0.36314,0.281,1.737
-0.36393,0.25674,1.7374
-0.36476,0.23909,1.7398
-0.36546,0.21486,1.7435
-0.36705,0.19732,1.7519
-0.36761,0.17267,1.7579
-0.36787,0.15489,1.7596
-0.3683,0.12994,1.7632
-0.36996,0.112,1.765
-0.37036,0.086792,1.7681
-0.37065,0.068639,1.7704
-0.37299,0.043427,1.7749
-0.37453,0.025018,1.7866
-0.37479,-0.00047151,1.787
-0.38019,-0.019255,1.8096
-0.38188,-0.045599,1.8221
-0.38653,-0.064651,1.8371
-0.3866,-0.091844,1.8477
-0.39138,-0.112,1.8672
-0.39547,-0.13986,1.8793
-0.3978,-0.16092,1.9002
-0.39922,-0.18914,1.9084
-0.40315,-0.21008,1.921
-0.4057,-0.2385,1.9338
-0.40759,-0.26018,1.9458
-0.4103,-0.29091,1.9575
-0.41279,-0.31303,1.9697
-0.41504,-0.34285,1.9797
-0.41749,-0.36509,1.9892
-0.41899,-0.39526,2.0009
-0.42067,-0.41847,2.0116
-0.42169,-0.44744,2.0121
-0.42139,-0.46802,2.0114
-0.42182,-0.4979,2.0109
-0.4212,-0.5176,2.0078
-0.41661,-0.54199,1.9934
-0.41419,-0.55704,1.9744
-0.4086,-0.57859,1.9446
-0.40495,-0.59342,1.9297
-0.39999,-0.61377,1.9016
-0.39507,-0.6277,1.8857
-0.3898,-0.6466,1.8691
-0.38484,-0.65453,1.8408
-0.38177,-0.67382,1.8224
-0.37577,-0.68223,1.7933
-0.36997,-0.7026,1.7744
-0.35171,0.60905,1.5895
-0.35335,0.58962,1.6013
-0.35762,0.58036,1.6203
-0.35977,0.56098,1.6284
-0.36084,0.54581,1.6327
-0.36448,0.52714,1.651
-0.36764,0.5142,1.6609
-0.36997,0.4938,1.6721
-0.37124,0.4778,1.6765
-0.37339,0.45678,1.6884
-0.37432,0.44041,1.6925
-0.37674,0.41799,1.6987
-0.37765,0.40167,1.7068
-0.37938,0.37947,1.7159
-0.38019,0.3632,1.7194
-0.38155,0.33955,1.7249
-0.3818,0.3223,1.728
-0.38348,0.29834,1.7353
-0.38478,0.28122,1.7353
-0.38683,0.25719,1.7438
-0.38667,0.23963,1.7462
-0.38821,0.21506,1.7531
-0.38887,0.19815,1.7573
-0.3903,0.17338,1.7639
-0.3924,0.15589,1.7722
-0.39314,0.13086,1.7749
-0.39459,0.11274,1.7832
-0.39539,0.087623,1.7876
-0.39648,0.069253,1.7945
-0.39826,0.043826,1.7976
-0.40059,0.025308,1.8085
-0.40166,-0.0005012,1.8146
-0.40677,-0.019441,1.8331
-0.40964,-0.045947,1.8472
-0.41209,-0.065623,1.8587
-0.41499,-0.09264,1.8715
-0.41762,-0.11308,1.8834
-0.42043,-0.14109,1.8977
-0.42354,-0.16185,1.9107
-0.42601,-0.19032,1.9211
-0.42898,-0.21145,1.9339
-0.43063,-0.24015,1.9459
-0.43374,-0.26268,1.9601
-0.43685,-0.2923,1.9678
-0.43869,-0.31345,1.9793
-0.4419,-0.34432,1.9923
-0.4438,-0.36665,2.0048
-0.44493,-0.39741,2.0107
-0.44826,-0.42066,2.0212
-0.44748,-0.45002,2.0188
-0.44758,-0.47082,2.0215
-0.44636,-0.49924,2.0209
-0.447,-0.51844,2.0201
-0.44297,-0.54331,1.9963
-0.43873,-0.55983,1.9759
-0.4348,-0.58077,1.9547
-0.42978,-0.59418,1.9331
-0.42505,-0.6164,1.9119
-0.41978,-0.62964,1.8914
-0.41428,-0.64922,1.87
-0.4079,-0.65606,1.8416
-0.40399,-0.67573,1.8217
-0.39672,-0.68318,1.7953
-0.39077,-0.70119,1.76
-0.3677,0.6082,1.5824
-0.37045,0.58822,1.5943
-0.37546,0.57801,1.6122
-0.37854,0.5596,1.624
-0.37829,0.54233,1.6263
-0.38287,0.52474,1.6431
-0.38702,0.51363,1.657
-0.38907,0.49247,1.6696
-0.3914,0.47727,1.6784
-0.39334,0.456,1.6877
-0.395,0.43967,1.6918
-0.39666,0.41817,1.7041
-0.39807,0.40169,1.7093
-0.39988,0.37979,1.7157
-0.40128,0.36284,1.7192
-0.40263,0.33939,1.7267
-0.40431,0.32215,1.7283
-0.406,0.29848,1.7371
-0.4068,0.2813,1.7411
-0.40828,0.2575,1.7468
-0.40873,0.24038,1.7527
-0.4101,0.21615,1.7558
-0.41143,0.19842,1.7589
-0.41318,0.17398,1.771
-0.41513,0.15645,1.7773
-0.41623,0.13144,1.7826
-0.41739,0.11354,1.7906
-0.41958,0.088057,1.7923
-0.42013,0.069818,1.8044
-0.42324,0.044126,1.813
-0.42439,0.025501,1.8178
-0.42785,-0.00052814,1.8284
-0.43094,-0.019583,1.8428
-0.43375,-0.046367,1.8596
-0.43672,-0.065996,1.8723
-0.43982,-0.093626,1.8849
-0.44231,-0.11373,1.8945
-0.44582,-0.14179,1.9073
-0.44839,-0.16258,1.9188
-0.45167,-0.19111,1.9325
-0.45361,-0.21211,1.944
-0.45621,-0.24175,1.9576
-0.45967,-0.26388,1.9659
-0.46241,-0.2936,1.9803
-0.46519,-0.31579,1.9916
-0.46772,-0.34641,2.0031
-0.46901,-0.3686,2.012
-0.47262,-0.39996,2.0234
-0.47296,-0.42227,2.0319
-0.4744,-0.45054,2.0273
-0.47394,-0.47161,2.0271
-0.47312,-0.49986,2.0212
-0.47207,-0.52068,2.0164
-0.46865,-0.54413,2.0083
-0.46403,-0.5586,1.9815
-0.4593,-0.58233,1.9622
-0.4542,-0.59515,1.9402
-0.44807,-0.61802,1.9201
-0.44331,-0.62878,1.8964
-0.43791,-0.64793,1.8767
-0.43223,-0.65746,1.84
-0.42561,-0.67481,1.8191
-0.42131,-0.68464,1.7923
-0.41339,-0.70031,1.7693
-0.38505,0.60007,1.5775
-0.38844,0.58414,1.5857
-0.39276,0.57236,1.6077
-0.39568,0.55633,1.6175
-0.39587,0.54044,1.6199
-0.40111,0.52294,1.6369
-0.40651,0.51231,1.6529
-0.4084,0.49119,1.6661
-0.41097,0.47678,1.675
-0.41328,0.45508,1.6845
-0.41515,0.43878,1.6889
-0.41712,0.41772,1.6998
-0.41821,0.40198,1.7063
-0.42165,0.37902,1.7156
-0.42262,0.36207,1.719
-0.42404,0.33879,1.724
-0.42553,0.32198,1.7271
-0.42735,0.29897,1.7402
-0.42788,0.28165,1.7432
-0.42908,0.25791,1.7502
-0.43025,0.24065,1.7533
-0.43219,0.21642,1.7612
-0.43382,0.19926,1.7687
-0.4356,0.1743,1.7722
-0.43704,0.15644,1.7833
-0.43853,0.13172,1.787
-0.44005,0.1135,1.7923
-0.44177,0.088247,1.8044
-0.44407,0.069789,1.8073
-0.44577,0.044233,1.8169
-0.44793,0.025519,1.8232
-0.45058,-0.00055479,1.8372
-0.45481,-0.019758,1.855
-0.45921,-0.046626,1.8679
-0.46113,-0.066505,1.8808
-0.46483,-0.093973,1.8903
-0.46646,-0.11415,1.9039
-0.47054,-0.14225,1.9153
-0.47313,-0.16308,1.928
-0.47609,-0.19169,1.9406
-0.47837,-0.21349,1.952
-0.4812,-0.24234,1.9631
-0.48472,-0.26419,1.9718
-0.48901,-0.29524,1.9866
-0.49157,-0.31713,2.0001
-0.49344,-0.34748,2.0095
-0.4968,-0.37092,2.0197
-0.49807,-0.40093,2.0304
-0.50064,-0.42403,2.0319
-0.49925,-0.45285,2.0315
-0.49902,-0.47401,2.03
-0.49981,-0.50241,2.0284
-0.49848,-0.5233,2.0258
-0.49356,-0.54643,2.0045
-0.48889,-0.55983,1.9856
-0.48468,-0.58195,1.9648
-0.47867,-0.59702,1.9439
-0.47103,-0.61799,1.9251
-0.4654,-0.63042,1.8924
-0.45969,-0.64899,1.8748
-0.45504,-0.6578,1.8418
-0.44876,-0.67655,1.8212
-0.44206,-0.68307,1.788
-0.43555,-0.69913,1.7755
-0.39976,0.59642,1.5542
-0.40485,0.57943,1.5759
-0.40992,0.57076,1.5959
-0.41409,0.55453,1.6107
-0.4136,0.53886,1.6151
-0.41953,0.5213,1.6318
-0.42498,0.51079,1.6486
-0.42737,0.48967,1.6611
-0.43018,0.4758,1.6739
-0.43309,0.45433,1.681
-0.43481,0.43901,1.6898
-0.43804,0.41774,1.6973
-0.43986,0.40259,1.7052
-0.44141,0.37934,1.7135
-0.44311,0.36236,1.7214
-0.44577,0.33982,1.7283
-0.44703,0.32255,1.7317
-0.44849,0.29884,1.739
-0.44977,0.28229,1.7446
-0.45102,0.25817,1.7508
-0.45185,0.24083,1.7536
-0.45409,0.21694,1.762
-0.456,0.19893,1.7694
-0.45857,0.17458,1.7784
-0.45952,0.15672,1.7811
-0.4611,0.13164,1.7899
-0.4635,0.1137,1.7979
-0.46526,0.088246,1.8014
-0.4666,0.069952,1.8113
-0.46851,0.044253,1.8177
-0.47129,0.025575,1.8259
-0.47378,-0.00058201,1.84
-0.47931,-0.019882,1.863
-0.4823,-0.046668,1.876
-0.48584,-0.066581,1.884
-0.48805,-0.094018,1.8995
-0.49185,-0.11452,1.9116
-0.49513,-0.14266,1.9229
-0.49853,-0.16357,1.9326
-0.50078,-0.19229,1.9445
-0.5042,-0.21369,1.9597
-0.50685,-0.24296,1.973
-0.51012,-0.2661,1.9817
-0.51505,-0.29602,1.991
-0.51638,-0.31852,2.0083
-0.52017,-0.34952,2.0158
-0.52204,-0.37146,2.0268
-0.52482,-0.40337,2.0321
-0.52582,-0.42529,2.042
-0.52569,-0.45424,2.038
-0.52575,-0.47532,2.039
-0.52449,-0.50306,2.0328
-0.52304,-0.52234,2.0278
-0.5198,-0.54867,2.0136
-0.51187,-0.56026,1.9844
-0.50869,-0.58353,1.9636
-0.50139,-0.59584,1.9436
-0.49645,-0.6169,1.9218
-0.48925,-0.62951,1.8973
-0.48107,-0.6474,1.8703
-0.47622,-0.65835,1.8462
-0.46966,-0.67576,1.817
-0.46181,-0.68409,1.7878
-0.45437,-0.69882,1.7633
-0.41795,0.59661,1.546
-0.41986,0.57696,1.5643
-0.4253,0.56775,1.5812
-0.43053,0.54897,1.5988
-0.43119,0.53445,1.6035
-0.43736,0.51845,1.6211
-0.44245,0.50865,1.6402
-0.44619,0.4879,1.6521
-0.44868,0.47452,1.6662
-0.45214,0.45292,1.6752
-0.45407,0.43804,1.6851
-0.45731,0.41702,1.6945
-0.4594,0.40141,1.7026
-0.46167,0.3786,1.7131
-0.46407,0.36243,1.7181
-0.46656,0.34026,1.7262
-0.46752,0.32313,1.7306
-0.46932,0.29952,1.7395
-0.46999,0.28269,1.7441
-0.4722,0.25848,1.7532
-0.47396,0.24099,1.7556
-0.47556,0.21696,1.764
-0.47838,0.19905,1.7716
-0.48005,0.17468,1.7776
-0.48073,0.15715,1.7827
-0.48383,0.13193,1.7916
-0.48533,0.11361,1.8008
-0.48768,0.088409,1.8083
-0.4892,0.069979,1.8105
-0.49182,0.044295,1.8201
-0.49381,0.025591,1.8269
-0.49675,-0.00060936,1.8381
-0.50321,-0.0199,1.8618
-0.50677,-0.046812,1.8786
-0.50918,-0.06664,1.8903
-0.51223,-0.094206,1.9
-0.51629,-0.11465,1.9148
-0.51945,-0.14303,1.9254
-0.52249,-0.16421,1.9365
-0.5259,-0.19307,1.9445
-0.52821,-0.21408,1.9655
-0.53217,-0.24427,1.9679
-0.53821,-0.26668,1.9869
-0.53927,-0.29667,2.0005
-0.54393,-0.31967,2.0106
-0.54583,-0.35003,2.0231
-0.5489,-0.37323,2.0293
-0.55035,-0.4037,2.0417
-0.55206,-0.42688,2.0463
-0.55266,-0.45503,2.0423
-0.55166,-0.47564,2.0427
-0.54999,-0.50311,2.0343
-0.54837,-0.52257,2.0267
-0.54271,-0.54759,2.0122
-0.53764,-0.56282,1.9895
-0.53217,-0.58389,1.9584
-0.52422,-0.59659,1.9408
-0.51859,-0.61826,1.921
-0.51084,-0.62821,1.8967
-0.50451,-0.6461,1.865
-0.49752,-0.65659,1.8428
-0.49052,-0.67585,1.817
-0.48221,-0.68229,1.7845
-0.47564,-0.69705,1.7662
-0.42915,0.58747,1.5399
-0.43401,0.57118,1.546
-0.44314,0.5615,1.5705
-0.44442,0.54591,1.5834
-0.45254,0.53506,1.61
-0.44857,0.50969,1.5935
-0.46097,0.50488,1.6356
-0.46342,0.48558,1.6456
-0.46743,0.47316,1.6585
-0.46873,0.45097,1.6672
-0.47421,0.43706,1.6824
-0.47458,0.4149,1.6895
-0.48223,0.40126,1.7046
-0.47999,0.3768,1.7062
-0.48469,0.36306,1.7173
-0.48609,0.33947,1.7224
-0.48832,0.32363,1.7341
-0.48899,0.2994,1.7362
-0.49423,0.28231,1.7503
-0.49309,0.2579,1.7443
-0.4967,0.24095,1.7579
-0.49883,0.21632,1.7642
-0.50119,0.19994,1.777
-0.5,0.17492,1.7743
-0.50383,0.1572,1.7857
-0.50513,0.13149,1.7942
-0.50868,0.114,1.8072
-0.50928,0.088376,1.8041
-0.51301,0.070072,1.8214
-0.51353,0.044128,1.8186
-0.51674,0.025501,1.8323
-0.51877,-0.00063825,1.8393
-0.52752,-0.019962,1.8683
-0.52872,-0.046827,1.8732
-0.53377,-0.066801,1.8913
-0.53476,-0.094381,1.8994
-0.54148,-0.11485,1.9194
-0.54236,-0.14357,1.93
-0.54708,-0.1641,1.9409
-0.5507,-0.1934,1.9554
-0.55418,-0.21495,1.9646
-0.55797,-0.24526,1.9758
-0.56183,-0.26748,1.9922
-0.5633,-0.29693,2.0034
-0.56859,-0.32124,2.0146
-0.57134,-0.351,2.019
-0.57467,-0.37422,2.0418
-0.57614,-0.4058,2.045
-0.57887,-0.42757,2.0587
-0.57697,-0.45675,2.0488
-0.57513,-0.47398,2.0397
-0.57681,-0.50549,2.0456
-0.57298,-0.52365,2.0256
-0.56759,-0.54771,2.0064
-0.5601,-0.56121,1.9885
-0.5557,-0.58361,1.9643
-0.54714,-0.59587,1.9353
-0.54029,-0.61661,1.9159
-0.5345,-0.62645,1.8914
-0.52579,-0.6448,1.8592
-0.51839,-0.65474,1.8377
-0.51109,-0.67399,1.812
-0.50377,-0.67888,1.7886
-0.4953,-0.6984,1.7639
