0.28202,0.34851,0.91226
0.28342,0.33651,0.90228
0.28298,0.3253,0.91265
0.28938,0.31944,0.92881
0.28109,0.30149,0.90101
0.28379,0.28955,0.91338
0.28558,0.28277,0.9032
0.27907,0.26427,0.89332
0.27179,0.24954,0.87339
0.27338,0.23965,0.87454
0.27332,0.22819,0.8794
0.27248,0.21478,0.86579
0.26715,0.20379,0.8635
0.26669,0.18897,0.84982
0.26032,0.17724,0.83341
0.25864,0.16406,0.8366
0.26017,0.15536,0.8321
0.26415,0.14609,0.84626
0.27419,0.14211,0.87402
0.28192,0.1336,0.89947
0.27053,0.12052,0.85532
0.25006,0.098438,0.8035
0.20308,0.073179,0.65071
0.21099,0.066671,0.67941
0.19676,0.055327,0.62302
0.17614,0.041185,0.55914
0.16932,0.034545,0.54181
0.17008,0.026443,0.54146
0.16749,0.020797,0.53618
0.16564,0.012911,0.5312
0.16443,0.00734,0.52687
0.16297,-0.00020244,0.52216
0.16009,-0.0055355,0.51302
0.16008,-0.01295,0.51405
0.15946,-0.018187,0.51479
0.16086,-0.025411,0.51031
0.15982,-0.030749,0.50978
0.15929,-0.038124,0.51169
0.15897,-0.043125,0.50787
0.15818,-0.050332,0.51028
0.15895,-0.05577,0.50783
0.15949,-0.063007,0.5079
0.15867,-0.068051,0.5094
0.15885,-0.075375,0.50807
0.15797,-0.080774,0.50662
0.15831,-0.088414,0.51145
0.1603,-0.094454,0.5146
0.16205,-0.10221,0.52131
0.16283,-0.10895,0.52298
0.1661,-0.11813,0.5322
0.16985,-0.12707,0.54302
0.17248,-0.13723,0.55335
0.17781,-0.14653,0.57101
0.18159,-0.15813,0.5806
0.17919,-0.16259,0.57285
0.18073,-0.17155,0.57984
0.20066,-0.19744,0.64163
0.24706,-0.25308,0.78875
0.25243,-0.27356,0.81547
0.25625,-0.28708,0.81745
0.2588,-0.29665,0.82832
0.25664,-0.3054,0.81392
0.25378,-0.31113,0.81369
0.25738,-0.32681,0.81785
0.27937,0.35761,0.92961
0.28059,0.34614,0.93367
0.28354,0.33766,0.93805
0.28472,0.3291,0.94864
0.28553,0.31985,0.95141
0.27924,0.29921,0.934
0.27915,0.28941,0.93434
0.27674,0.27158,0.91497
0.27075,0.2574,0.9059
0.26829,0.24157,0.89741
0.26796,0.2323,0.88921
0.26513,0.21904,0.89201
0.26347,0.20895,0.89003
0.26003,0.19267,0.86878
0.259,0.18179,0.86069
0.25709,0.16878,0.85542
0.25755,0.16019,0.85693
0.26396,0.15134,0.87556
0.26504,0.14259,0.87999
0.26646,0.13027,0.88298
0.26594,0.1212,0.88416
0.25643,0.10569,0.8541
0.20316,0.076529,0.68077
0.18955,0.062003,0.62457
0.16658,0.04893,0.55573
0.16374,0.040008,0.54049
0.16079,0.033981,0.5393
0.16004,0.026099,0.53351
0.15846,0.020365,0.52974
0.15701,0.012762,0.51916
0.1553,0.0072559,0.51752
0.15412,-0.00019077,0.5137
0.15393,-0.0054996,0.5126
0.15294,-0.012796,0.51023
0.15279,-0.01807,0.50849
0.15193,-0.02526,0.50775
0.15188,-0.030511,0.50691
0.15219,-0.037749,0.50555
0.15215,-0.042996,0.50607
0.15191,-0.050296,0.5044
0.15198,-0.055518,0.5053
0.15096,-0.062689,0.50493
0.15177,-0.067745,0.50453
0.15158,-0.074844,0.50564
0.15141,-0.080344,0.50534
0.152,-0.088063,0.50509
0.15232,-0.093448,0.50425
0.15293,-0.10112,0.50683
0.15412,-0.10691,0.51084
0.15546,-0.11481,0.51635
0.15667,-0.12158,0.52334
0.16035,-0.13152,0.533
0.16504,-0.14057,0.54646
0.17088,-0.15466,0.57096
0.17465,-0.16426,0.58102
0.19329,-0.19108,0.64295
0.23542,-0.24072,0.78228
0.24403,-0.26318,0.81468
0.25037,-0.27712,0.83144
0.25168,-0.28991,0.83786
0.25374,-0.30244,0.84315
0.25387,-0.3161,0.8484
0.25643,-0.32601,0.84896
0.25531,-0.33764,0.84512
0.28318,0.37602,0.97949
0.28442,0.36364,0.9838
0.28651,0.35954,0.99471
0.2877,0.3467,0.99886
0.28293,0.32915,0.98517
0.27684,0.30911,0.97185
0.2765,0.29671,0.9616
0.27151,0.27973,0.94286
0.26867,0.2658,0.92596
0.26937,0.25028,0.92889
0.26394,0.23632,0.91533
0.26251,0.2239,0.91508
0.2606,0.21212,0.90688
0.25771,0.19769,0.8972
0.25574,0.18806,0.87963
0.25492,0.17399,0.88192
0.25512,0.16451,0.88125
0.25572,0.15272,0.89249
0.25824,0.14377,0.89941
0.26051,0.13471,0.90269
0.26007,0.12425,0.9039
0.24683,0.10604,0.85687
0.1863,0.073259,0.64908
0.1599,0.054482,0.55268
0.15743,0.047789,0.5415
0.15405,0.039545,0.53433
0.15261,0.033653,0.53241
0.15104,0.025852,0.52462
0.15033,0.020257,0.51906
0.14819,0.012642,0.51589
0.14732,0.007141,0.51241
0.14704,-0.00018072,0.51206
0.14704,-0.0054842,0.51044
0.1462,-0.012775,0.50985
0.14614,-0.017997,0.50794
0.14525,-0.025233,0.50439
0.14519,-0.030476,0.50413
0.14507,-0.037424,0.50367
0.14483,-0.042787,0.50387
0.1446,-0.049898,0.5018
0.14447,-0.055131,0.50261
0.14444,-0.062253,0.50184
0.1445,-0.067389,0.50122
0.14486,-0.074457,0.50047
0.14467,-0.079979,0.50288
0.14508,-0.087329,0.50422
0.14511,-0.092708,0.50386
0.14553,-0.10024,0.50442
0.14579,-0.10565,0.50661
0.14688,-0.11344,0.51038
0.14771,-0.11943,0.51303
0.14923,-0.12872,0.52232
0.15191,-0.13653,0.52767
0.1548,-0.14576,0.53689
0.1632,-0.16009,0.56878
0.18602,-0.19165,0.64491
0.23492,-0.25196,0.81281
0.24165,-0.27025,0.84008
0.24878,-0.28808,0.85594
0.25226,-0.30166,0.8753
0.25352,-0.31373,0.87474
0.25368,-0.32632,0.87329
0.25601,-0.34088,0.88976
0.25806,-0.35472,0.89155
0.28076,0.3881,1.0254
0.28153,0.3757,1.0259
0.2819,0.36633,1.0245
0.28358,0.35717,1.0339
0.28093,0.3403,1.0224
0.27777,0.32007,0.99925
0.27564,0.30926,0.99846
0.27001,0.29213,0.97763
0.26941,0.27934,0.9754
0.2669,0.26132,0.9657
0.26381,0.24619,0.94316
0.26059,0.232,0.93586
0.25843,0.22142,0.92927
0.25525,0.20554,0.92201
0.25389,0.19429,0.91819
0.25431,0.18073,0.91294
0.25467,0.17155,0.91457
0.25537,0.16065,0.93428
0.26503,0.15508,0.95535
0.26418,0.14168,0.95728
0.25062,0.12583,0.91213
0.18345,0.08209,0.66894
0.15369,0.062914,0.55803
0.149,0.053409,0.54079
0.14784,0.047279,0.53544
0.14568,0.039025,0.53029
0.14476,0.033214,0.52329
0.14307,0.025391,0.51769
0.14231,0.020014,0.51442
0.14081,0.012465,0.51267
0.14073,0.0071202,0.5118
0.14001,-0.00017192,0.50841
0.13963,-0.0054214,0.5065
0.13951,-0.012652,0.50477
0.13928,-0.017883,0.50439
0.13871,-0.024949,0.50386
0.13818,-0.030027,0.50208
0.13797,-0.037153,0.50163
0,0,-1
0,0,-1
0,0,-1
0,0,-1
0,0,-1
0,0,-1
0,0,-1
0,-0.086763,0.50199
0.13818,-0.091855,0.5017
0.13817,-0.099321,0.50114
0.13856,-0.10449,0.50285
0.13948,-0.11242,0.50432
0.14005,-0.11849,0.5089
0.14063,-0.12668,0.50995
0.14268,-0.13339,0.51947
0.14413,-0.1427,0.52383
0.14783,-0.15138,0.53663
0.15928,-0.1712,0.57936
0.22565,-0.25385,0.8152
0.23963,-0.28065,0.86091
0.24348,-0.29114,0.88144
0.24995,-0.31174,0.89798
0.24921,-0.32221,0.90197
0.24775,-0.33421,0.89975
0.24698,-0.34411,0.90018
0.24481,-0.35332,0.89606
0.27235,0.40188,1.0278
0.27355,0.38698,1.0356
0.27563,0.37734,1.0454
0.28011,0.36484,1.0569
0.28094,0.35496,1.06
0.27935,0.33959,1.0532
0.27369,0.32385,1.0399
0.26794,0.30333,1.0171
0.26856,0.28881,1.0101
0.26444,0.27062,1.0017
0.25831,0.25849,0.98326
0.254,0.24007,0.96789
0.25283,0.22762,0.95902
0.24961,0.21065,0.94983
0.25011,0.20122,0.94937
0.25198,0.18993,0.95425
0.25927,0.18078,0.97151
0.26059,0.17246,0.98479
0.261,0.16236,0.98635
0.25461,0.14324,0.96245
0.17562,0.092144,0.6721
0.14985,0.069865,0.56598
0.14183,0.06077,0.54086
0.14154,0.052709,0.53848
0.13863,0.046465,0.53119
0.13789,0.038704,0.52427
0.13667,0.032788,0.51888
0.13621,0.025387,0.51543
0.13469,0.019852,0.51188
0.1341,0.012441,0.51122
0.1339,0.0070951,0.50728
0.13303,-0.00016346,0.50646
0.13269,-0.0054108,0.50621
0.13267,-0.012598,0.50387
0.13245,-0.017723,0.50157
0,0,-1
0,0,-1
0,0,-1
0,0,-1
0,0,-1
0,0,-1
0,0,-1
0,0,-1
0,0,-1
0,0,-1
0,0,-1
0,0,-1
0,0,-1
0,0,-1
0,0,-1
0.1327,-0.11762,0.50454
0.1337,-0.12554,0.50804
0.13452,-0.13153,0.51008
0.1359,-0.14072,0.51582
0.13779,-0.14777,0.524
0.14042,-0.15959,0.53374
0.15669,-0.18228,0.59178
0.23146,-0.28142,0.87273
0.24055,-0.30084,0.90421
0.24536,-0.32181,0.93304
0.25383,-0.34384,0.95798
0.25277,-0.35635,0.95379
0.25035,-0.36493,0.94219
0.24543,-0.36761,0.92492
0.26338,0.40541,1.0592
0.26636,0.39431,1.0648
0.27053,0.38911,1.0759
0.27286,0.37538,1.0804
0.27248,0.36522,1.0835
0.27206,0.34868,1.0855
0.26983,0.33168,1.071
0.26312,0.31173,1.0473
0.26257,0.29749,1.0357
0.25881,0.27658,1.0226
0.2569,0.26594,1.0145
0.25156,0.24765,1.0012
0.25161,0.23533,0.99763
0.24902,0.22063,0.99061
0.24952,0.21076,0.99262
0.25094,0.1974,1.0042
0.25918,0.1925,1.0276
0.25979,0.17819,1.03
0.25289,0.16514,1.0082
0.22981,0.13481,0.91153
0.14378,0.079068,0.57187
0.13519,0.066267,0.54262
0.13459,0.060466,0.53801
0.13249,0.052036,0.53167
0.13164,0.046123,0.52523
0.13027,0.038175,0.52028
0.12946,0.032783,0.51377
0.12858,0.025106,0.51296
0.128,0.019638,0.50966
0.12758,0.012351,0.50842
0.12709,0.0070999,0.50634
0.12638,-0.00015592,0.50551
0.12634,-0.0053784,0.50342
0,0,-1
0,0,-1
0,0,-1
0,0,-1
0,0,-1
0,0,-1
0,0,-1
0,0,-1
0,0,-1
0,0,-1
0,0,-1
0,0,-1
0,0,-1
0,0,-1
0,0,-1
0,0,-1
0,0,-1
0,0,-1
0,0,-1
0.12755,-0.13107,0.50741
0.12841,-0.13839,0.50938
0.12956,-0.14581,0.51451
0.13133,-0.15556,0.52368
0.13395,-0.16553,0.53373
0.14948,-0.19163,0.59272
0.23337,-0.30562,0.92165
0.24349,-0.33903,0.96652
0.24714,-0.35043,0.97803
0.2461,-0.36295,0.97373
0.24554,-0.37215,0.97055
0.24453,-0.3844,0.96191
0.26058,0.41712,1.0865
0.26427,0.40822,1.105
0.26726,0.40248,1.1146
0.26897,0.38826,1.1239
0.26919,0.37712,1.1272
0.26721,0.35689,1.1174
0.2608,0.33957,1.0971
0.26127,0.32254,1.0791
0.25336,0.30331,1.0563
0.25258,0.28443,1.0434
0.24886,0.27163,1.0445
0.24767,0.25554,1.03
0.24673,0.24504,1.0308
0.24895,0.23089,1.0338
0.25314,0.22102,1.0437
0.25519,0.20837,1.054
0.25811,0.20273,1.0767
0.25146,0.18144,1.053
0.24092,0.16435,1.0109
0.14876,0.092066,0.62414
0.12922,0.074129,0.54387
0.12829,0.066132,0.53889
0.12765,0.059684,0.53239
0.1255,0.051651,0.5258
0.12362,0.045664,0.52116
0.12336,0.03814,0.51546
0.1226,0.0325,0.51357
0.12163,0.024963,0.51035
0.12079,0.019647,0.50597
0.12083,0.012303,0.50528
0.12056,0.0070752,0.50512
0.12032,-0.00014819,0.50486
0,0,-1
0,0,-1
0,0,-1
0,0,-1
0,0,-1
0,0,-1
0,0,-1
0,0,-1
0,0,-1
0,0,-1
0,0,-1
0,0,-1
0,0,-1
0,0,-1
0,0,-1
0,0,-1
0,0,-1
0,0,-1
0,0,-1
0,0,-1
0,0,-1
0.1213,-0.13838,0.50704
0.12255,-0.14405,0.50942
0.12329,-0.15305,0.51397
0.12613,-0.16132,0.52453
0.12854,-0.17345,0.53803
0.19752,-0.27376,0.82157
0.23565,-0.34024,0.97814
0.23751,-0.35376,0.98888
0.2365,-0.36617,0.98666
0.23586,-0.3752,0.98191
0.23481,-0.38754,0.97338
0.25789,0.4341,1.1336
0.25994,0.42249,1.1387
0.26076,0.41228,1.142
0.26081,0.39732,1.1451
0.26066,0.38259,1.1453
0.25832,0.36447,1.1426
0.25508,0.34902,1.128
0.25198,0.32745,1.11
0.2502,0.31505,1.1092
0.24795,0.29464,1.0792
0.24586,0.2815,1.0783
0.24495,0.26525,1.0795
0.2455,0.25469,1.0819
0.24623,0.24105,1.0873
0.24831,0.23312,1.0978
0.25428,0.21895,1.1075
0.2499,0.20694,1.1037
0.24621,0.18815,1.0821
0.15378,0.11,0.67081
0.12927,0.083887,0.56735
0.12273,0.074245,0.5431
0.12134,0.065844,0.53417
0.11926,0.059494,0.52871
0.11753,0.051287,0.52388
0.11708,0.045614,0.51683
0.11686,0.037932,0.5146
0.11603,0.032389,0.51159
0.11537,0.024968,0.51018
0.11493,0.019573,0.50642
0.11471,0.012316,0.50638
0.11419,0.0070728,0.50377
0,0,-1
0,0,-1
0,0,-1
0,0,-1
0,0,-1
0,0,-1
0,0,-1
0,0,-1
0,0,-1
0,0,-1
0,0,-1
0,0,-1
0,0,-1
0,0,-1
0,0,-1
0,0,-1
0,0,-1
0,0,-1
0,0,-1
0,0,-1
0,0,-1
0,0,-1
0,0,-1
0.11536,-0.14365,0.50637
0.11651,-0.15167,0.50939
0.11716,-0.15983,0.51797
0.12008,-0.16921,0.52831
0.12676,-0.1852,0.56012
0.20976,-0.31926,0.91772
0.22756,-0.35731,0.99216
0.22692,-0.37278,0.99738
0.2267,-0.38198,0.99283
0.22569,-0.38794,0.9783
0.25808,0.46189,1.1948
0.25834,0.44418,1.2002
0.25711,0.42809,1.1946
0.2558,0.41286,1.1923
0.25456,0.39632,1.1933
0.25436,0.37889,1.1883
0.25167,0.36225,1.1675
0.24795,0.34253,1.1511
0.24423,0.32709,1.1457
0.24333,0.30808,1.1296
0.24227,0.29204,1.1286
0.24012,0.27694,1.1238
0.24067,0.26541,1.1253
0.24192,0.25105,1.1297
0.24262,0.2409,1.1345
0.24191,0.22324,1.1207
0.2417,0.20835,1.1122
0.22512,0.1824,1.053
0.12599,0.095447,0.58845
0.11708,0.08073,0.54683
0.11492,0.073793,0.53561
0.11368,0.065305,0.53077
0.11239,0.058921,0.52534
0.11098,0.051135,0.52039
0.11074,0.045361,0.51659
0.11018,0.03781,0.51255
0.10924,0.032233,0.50781
0.10889,0.024781,0.50538
0.10832,0.019551,0.50497
0.10832,0.012316,0.50502
0,0,-1
0,0,-1
0,0,-1
0,0,-1
0,0,-1
0,0,-1
0,0,-1
0,0,-1
0,0,-1
0,0,-1
0,0,-1
0,0,-1
0,0,-1
0,0,-1
0,0,-1
0,0,-1
0,0,-1
0,0,-1
0,0,-1
0,0,-1
0,0,-1
0,0,-1
0,0,-1
0,0,-1
0.10859,-0.14276,0.50415
0.10928,-0.15143,0.50736
0.11035,-0.15758,0.51256
0.11181,-0.16761,0.52381
0.11502,-0.17721,0.5353
0.12859,-0.20579,0.59296
0.21622,-0.36137,1.0058
0.21907,-0.37617,1.0094
0.22348,-0.39318,1.0394
0.22409,-0.4136,1.0513
0.25017,0.47678,1.2468
0.2513,0.45869,1.2365
0.25105,0.44555,1.236
0.25123,0.42867,1.233
0.24846,0.41245,1.233
0.2477,0.39132,1.2165
0.24374,0.37334,1.2058
0.2409,0.35144,1.1981
0.24025,0.3391,1.1904
0.23968,0.31962,1.1633
0.23889,0.30417,1.1625
0.2369,0.28732,1.1661
0.23499,0.27303,1.1533
0.23492,0.25727,1.1567
0.2323,0.24356,1.1435
0.23005,0.22575,1.1402
0.22422,0.20848,1.1109
0.16062,0.13471,0.78137
0.11382,0.091036,0.56144
0.10997,0.080122,0.54143
0.10763,0.073386,0.53165
0.1063,0.064596,0.52615
0.10556,0.058801,0.52098
0.10462,0.050957,0.51736
0.10414,0.045197,0.51571
0.10336,0.03763,0.51161
0.10324,0.032252,0.50789
0.10214,0.024782,0.50581
0.10218,0.019561,0.50597
0,0,-1
0,0,-1
0,0,-1
0,0,-1
0,0,-1
0,0,-1
0,0,-1
0,0,-1
0,0,-1
0,0,-1
0,0,-1
0,0,-1
0,0,-1
0,0,-1
0,0,-1
0,0,-1
0,0,-1
0,0,-1
0,0,-1
0,0,-1
0,0,-1
0,0,-1
0,0,-1
0,0,-1
0,0,-1
0,0,-1
0.10257,-0.15098,0.50557
0.10368,-0.15695,0.51066
0.10441,-0.16572,0.51495
0.1069,-0.17624,0.52935
0.11033,-0.18628,0.54104
0.20424,-0.36096,1.0063
0.21198,-0.38452,1.0451
0.22187,-0.41887,1.0869
0.22242,-0.43351,1.0964
0.24339,0.49391,1.2763
0.24573,0.47453,1.2821
0.24652,0.46151,1.2848
0.24466,0.44309,1.278
0.24328,0.42552,1.2728
0.24157,0.40791,1.2664
0.24094,0.3899,1.2541
0.23664,0.36678,1.2435
0.23227,0.34689,1.2266
0.23078,0.32965,1.2138
0.22893,0.31304,1.1907
0.22747,0.29462,1.1922
0.22671,0.27903,1.1727
0.22211,0.26118,1.164
0.2216,0.24429,1.1518
0.21877,0.22597,1.1376
0.20065,0.19449,1.0415
0.11906,0.10855,0.62656
0.10364,0.088022,0.54363
0.10146,0.079245,0.53569
0.10126,0.072704,0.53163
0.099525,0.064556,0.52297
0.098943,0.058562,0.51837
0.098124,0.050638,0.51677
0.097272,0.044981,0.51221
0.097222,0.037509,0.50871
0.096394,0.03212,0.50598
0.096016,0.024648,0.50323
0,0,-1
0,0,-1
0,0,-1
0,0,-1
0,0,-1
0,0,-1
0,0,-1
0,0,-1
0,0,-1
0,0,-1
0,0,-1
0,0,-1
0,0,-1
0,0,-1
0,0,-1
0,0,-1
0,0,-1
0,0,-1
0,0,-1
0,0,-1
0,0,-1
0,0,-1
0,0,-1
0,0,-1
0,0,-1
0,0,-1
0,0,-1
0,0,-1
0.096975,-0.15655,0.50939
0.098006,-0.16492,0.51071
0.099397,-0.1731,0.52293
0.10202,-0.18476,0.52841
0.12968,-0.24071,0.67824
0.20761,-0.40489,1.0923
0.21169,-0.42317,1.1129
0.21346,-0.44293,1.1152
0.24134,0.51558,1.3436
0.23894,0.49824,1.3497
0.23944,0.48315,1.3483
0.24012,0.46387,1.3393
0.24047,0.44801,1.3393
0.23727,0.42647,1.3317
0.23443,0.40808,1.3191
0.22993,0.3818,1.2954
0.22828,0.36269,1.2631
0.22231,0.33648,1.241
0.21824,0.3185,1.2193
0.21547,0.29747,1.2007
0.21368,0.28348,1.1812
0.20946,0.26172,1.1765
0.20638,0.24479,1.1377
0.20192,0.22116,1.1158
0.14486,0.15185,0.81762
0.10399,0.10056,0.5845
0.09631,0.087781,0.54447
0.09501,0.079252,0.53681
0.093606,0.072201,0.53039
0.09302,0.064059,0.52047
0.092578,0.058286,0.5175
0.091821,0.050674,0.51524
0.091119,0.044919,0.51238
0.090867,0.037498,0.50715
0.090042,0.032021,0.50587
0.089546,0.024687,0.50392
0,0,-1
0,0,-1
0,0,-1
0,0,-1
0,0,-1
0,0,-1
0,0,-1
0,0,-1
0,0,-1
0,0,-1
0,0,-1
0,0,-1
0,0,-1
0,0,-1
0,0,-1
0,0,-1
0,0,-1
0,0,-1
0,0,-1
0,0,-1
0,0,-1
0,0,-1
0,0,-1
0,0,-1
0,0,-1
0,0,-1
0,0,-1
0,0,-1
0.090649,-0.15667,0.50848
0.091187,-0.16505,0.51071
0.092602,-0.17161,0.52015
0.094733,-0.18187,0.52712
0.10028,-0.20042,0.55918
0.18683,-0.38769,1.044
0.20134,-0.43195,1.1226
0.20278,-0.45335,1.1228
0.22804,0.52887,1.3665
0.22928,0.50904,1.3777
0.23001,0.49481,1.3822
0.22879,0.47172,1.368
0.22647,0.45486,1.3594
0.22543,0.43251,1.3526
0.22365,0.41977,1.3523
0.22071,0.39228,1.3267
0.21696,0.37017,1.3052
0.2139,0.34643,1.27
0.20808,0.32507,1.2464
0.20444,0.30232,1.2178
0.1986,0.28402,1.1835
0.19531,0.26207,1.1687
0.1927,0.24097,1.1372
0.18318,0.22085,1.1083
0.11037,0.12256,0.65504
0.093743,0.0971,0.56397
0.089187,0.08765,0.54521
0.088267,0.078845,0.5341
0.087075,0.071977,0.52753
0.086682,0.063822,0.5213
0.085618,0.058331,0.51757
0.085207,0.050535,0.51451
0.084796,0.044917,0.50987
0.084018,0.037393,0.50736
0.083677,0.031944,0.50494
0.083614,0.02474,0.50494
0,0,-1
0,0,-1
0,0,-1
0,0,-1
0,0,-1
0,0,-1
0,0,-1
0,0,-1
0,0,-1
0,0,-1
0,0,-1
0,0,-1
0,0,-1
0,0,-1
0,0,-1
0,0,-1
0,0,-1
0,0,-1
0,0,-1
0,0,-1
0,0,-1
0,0,-1
0,0,-1
0,0,-1
0,0,-1
0,0,-1
0,0,-1
0,0,-1
0,0,-1
0.084788,-0.16371,0.50877
0.085559,-0.17163,0.51281
0.087151,-0.18034,0.52083
0.090622,-0.19438,0.54589
0.13216,-0.29409,0.79295
0.19014,-0.43618,1.1336
0.19029,-0.45767,1.1475
0.21688,0.53864,1.4032
0.21786,0.52102,1.4131
0.21814,0.50748,1.4177
0.21786,0.48733,1.4055
0.21327,0.4645,1.3891
0.21304,0.44306,1.3831
0.21272,0.42733,1.3718
0.20848,0.40268,1.3599
0.20293,0.37633,1.3162
0.19947,0.35201,1.2924
0.19605,0.32821,1.2663
0.18985,0.30285,1.22
0.18435,0.28151,1.1856
0.17907,0.25701,1.1628
0.17683,0.2408,1.1328
0.1693,0.21871,1.1023
0.093967,0.11373,0.60674
0.084713,0.094569,0.54772
0.082666,0.087811,0.54113
0.081506,0.078815,0.53298
0.080695,0.072045,0.5269
0.080168,0.063922,0.51904
0.079278,0.058068,0.51696
0.079011,0.050612,0.51427
0.078676,0.044997,0.51063
0,0,-1
0,0,-1
0,0,-1
0,0,-1
0,0,-1
0,0,-1
0,0,-1
0,0,-1
0,0,-1
0,0,-1
0,0,-1
0,0,-1
0,0,-1
0,0,-1
0,0,-1
0,0,-1
0,0,-1
0,0,-1
0,0,-1
0,0,-1
0,0,-1
0,0,-1
0,0,-1
0,0,-1
0,0,-1
0,0,-1
0,0,-1
0,0,-1
0,0,-1
0,0,-1
0,0,-1
0,0,-1
0,0,-1
0.079171,-0.17101,0.5127
0.0803,-0.1798,0.51675
0.082397,-0.19056,0.53444
0.09062,-0.21723,0.58595
0.16374,-0.40416,1.0578
0.17776,-0.45346,1.1353
0.20552,0.55431,1.4512
0.20644,0.53619,1.4574
0.20616,0.52268,1.4551
0.20593,0.50164,1.4498
0.20208,0.47691,1.4281
0.2023,0.45656,1.4179
0.20129,0.44006,1.4074
0.19704,0.40989,1.3793
0.18963,0.38103,1.3275
0.18572,0.3541,1.2993
0.18091,0.32874,1.2684
0.17112,0.29726,1.1926
0.16465,0.27318,1.1612
0.16292,0.25311,1.1323
0.15654,0.23431,1.1091
0.13976,0.19456,0.96533
0.083287,0.10929,0.58786
0.07672,0.093761,0.54625
0.076261,0.087088,0.5408
0.075158,0.07835,0.53237
0.074431,0.071966,0.52673
0.073817,0.064033,0.51994
0.073155,0.05817,0.51697
0.072909,0.050702,0.51178
0.072202,0.044862,0.51031
0,0,-1
0,0,-1
0,0,-1
0,0,-1
0,0,-1
0,0,-1
0,0,-1
0,0,-1
0,0,-1
0,0,-1
0,0,-1
0,0,-1
0,0,-1
0,0,-1
0,0,-1
0,0,-1
0,0,-1
0,0,-1
0,0,-1
0,0,-1
0,0,-1
0,0,-1
0,0,-1
0,0,-1
0,0,-1
0,0,-1
0,0,-1
0.07041,-0.12751,0.49501
0,0,-1
0,0,-1
0,0,-1
0,0,-1
0,0,-1
0.072984,-0.17007,0.51313
0.073946,-0.17949,0.51628
0.075282,-0.18867,0.52898
0.078071,-0.20295,0.54955
0.13156,-0.3528,0.91401
0.15041,-0.41801,1.0544
0.19562,0.57867,1.5134
0.1968,0.55976,1.5163
0.19743,0.54571,1.5212
0.19778,0.52314,1.5164
0.19568,0.50581,1.5098
0.19346,0.47854,1.494
0.18925,0.45053,1.4518
0.18525,0.42236,1.4205
0.18095,0.39722,1.3852
0.1701,0.35596,1.3013
0.16606,0.32923,1.2703
0.15262,0.28616,1.1699
0.14666,0.26406,1.1178
0.14098,0.24211,1.0811
0.13629,0.21987,1.0356
0.11311,0.17125,0.86596
0.074617,0.10759,0.57536
0.070209,0.093672,0.5416
0.0694,0.087224,0.53521
0.068538,0.07834,0.52922
0.067711,0.071881,0.52678
0.067264,0.06369,0.51887
0.067036,0.058263,0.51744
0.066777,0.050478,0.51424
0.06613,0.044961,0.51113
0.06596,0.037554,0.5085
0,0,-1
0,0,-1
0,0,-1
0,0,-1
0,0,-1
0,0,-1
0,0,-1
0,0,-1
0,0,-1
0,0,-1
0,0,-1
0,0,-1
0,0,-1
0,0,-1
0,0,-1
0,0,-1
0,0,-1
0,0,-1
0,0,-1
0,0,-1
0,0,-1
0,0,-1
0,0,-1
0,0,-1
0,0,-1
0.064637,-0.12284,0.496
0.064666,-0.12788,0.49755
0.064507,-0.13535,0.49676
0.064662,-0.14015,0.49698
0,0,-1
0,0,-1
0,0,-1
0.066686,-0.17011,0.51278
0.067463,-0.17887,0.51623
0.068296,-0.18855,0.5276
0.070595,-0.20036,0.545
0.10796,-0.31173,0.81977
0.11996,-0.36484,0.91093
0.18378,0.59751,1.5597
0.18422,0.57824,1.5661
0.18411,0.56138,1.5611
0.18321,0.53801,1.5555
0.18186,0.518,1.549
0.18063,0.49157,1.5327
0.17747,0.46698,1.5078
0.17265,0.4361,1.4694
0.16845,0.40895,1.4263
0.1619,0.36868,1.3722
0.1517,0.33972,1.2924
0.13811,0.287,1.1716
0.13164,0.26078,1.0994
0.1252,0.23603,1.0712
0.11912,0.21903,1.0167
0.099877,0.16808,0.85405
0.066392,0.10595,0.56494
0.063657,0.094196,0.54153
0.062899,0.087348,0.53482
0.062217,0.078533,0.52793
0.061466,0.071869,0.52518
0.061035,0.063782,0.51883
0.060853,0.058224,0.5161
0.060091,0.0505,0.51335
0.05996,0.045018,0.5096
0.059876,0.037551,0.50889
0,0,-1
0,0,-1
0,0,-1
0,0,-1
0,0,-1
0,0,-1
0,0,-1
0,0,-1
0,0,-1
0,0,-1
0,0,-1
0,0,-1
0,0,-1
0,0,-1
0,0,-1
0,0,-1
0,0,-1
0,0,-1
0,0,-1
0,0,-1
0,0,-1
0,0,-1
0,0,-1
0,0,-1
0,0,-1
0,0,-1
0.058753,-0.12842,0.49825
0.058972,-0.13574,0.49917
0.059015,-0.14157,0.49819
0.058805,-0.1482,0.49578
0,0,-1
0,0,-1
0.059996,-0.16962,0.51098
0.060777,-0.17879,0.51577
0.062002,-0.18769,0.52483
0.063489,-0.20021,0.53816
0.087959,-0.28243,0.73818
0.09757,-0.32232,0.81689
0.16552,0.6025,1.5678
0.16597,0.5804,1.5709
0.16597,0.56524,1.5731
0.16574,0.54127,1.5683
0.16503,0.52298,1.5622
0.16399,0.49836,1.5538
0.16267,0.47627,1.5391
0.15973,0.44678,1.5131
0.15547,0.4196,1.4738
0.15115,0.38946,1.4283
0.1374,0.34084,1.294
0.12868,0.30202,1.2204
0.12306,0.27551,1.1553
0.11842,0.24606,1.1041
0.11264,0.22578,1.0748
0.089691,0.16829,0.85515
0.059621,0.10608,0.56567
0.057165,0.094745,0.55008
0.056574,0.087511,0.53551
0.055813,0.078,0.52862
0.055331,0.071763,0.5254
0.054698,0.063866,0.51951
0.054562,0.058117,0.51678
0.053961,0.050563,0.51406
0.053843,0.045078,0.51045
0.053737,0.037602,0.50957
0,0,-1
0,0,-1
0,0,-1
0,0,-1
0,0,-1
0,0,-1
0,0,-1
0,0,-1
0,0,-1
0,0,-1
0,0,-1
0,0,-1
0,0,-1
0,0,-1
0,0,-1
0,0,-1
0,0,-1
0,0,-1
0,0,-1
0,0,-1
0,0,-1
0,0,-1
0,0,-1
0,0,-1
0,0,-1
0,0,-1
0.052605,-0.12857,0.49693
0.052874,-0.13568,0.49962
0.053,-0.14173,0.49866
0.052812,-0.14838,0.49676
0,0,-1
0,0,-1
0.053883,-0.16979,0.51146
0.054585,-0.1789,0.5164
0.055685,-0.18762,0.52334
0.056939,-0.19973,0.5388
0.07196,-0.2602,0.67827
0.080425,-0.3014,0.7775
0.14657,0.60218,1.5665
0.14717,0.58113,1.5735
0.14726,0.56619,1.5778
0.14687,0.54224,1.57
0.14625,0.52352,1.5633
0.14539,0.49824,1.5555
0.14415,0.47677,1.5408
0.14109,0.44561,1.5092
0.13778,0.42046,1.4755
0.13301,0.38754,1.4213
0.12175,0.3405,1.2944
0.11573,0.30348,1.2359
0.10926,0.27704,1.1588
0.10506,0.25055,1.1322
0.099829,0.22722,1.0904
0.081191,0.17173,0.86769
0.053959,0.10803,0.57583
0.051829,0.095331,0.55326
0.050162,0.087566,0.53614
0.049372,0.078125,0.52924
0.049024,0.071846,0.52649
0.048434,0.063828,0.51838
0.048338,0.058307,0.51739
0.047873,0.05054,0.51466
0.047673,0.045074,0.51168
0.047558,0.037644,0.51024
0,0,-1
0,0,-1
0,0,-1
0,0,-1
0,0,-1
0,0,-1
0,0,-1
0,0,-1
0,0,-1
0,0,-1
0,0,-1
0,0,-1
0,0,-1
0,0,-1
0,0,-1
0,0,-1
0,0,-1
0,0,-1
0,0,-1
0,0,-1
0,0,-1
0,0,-1
0,0,-1
0,0,-1
0,0,-1
0.046626,-0.12343,0.49767
0.046613,-0.12841,0.49791
0.046852,-0.13604,0.49972
0.047004,-0.14176,0.50095
0.046845,-0.14853,0.49917
0,0,-1
0,0,-1
0.048011,-0.16996,0.51216
0.048372,-0.17833,0.51705
0.049008,-0.18737,0.52374
0.05046,-0.19993,0.53604
0.063773,-0.26045,0.67898
0.085109,-0.35841,0.91331
0.12788,0.60343,1.5698
0.12824,0.58165,1.575
0.1283,0.56649,1.5781
0.12788,0.54231,1.5701
0.12737,0.52383,1.5647
0.12665,0.49853,1.5561
0.12486,0.4767,1.5327
0.12199,0.44213,1.504
0.12002,0.42085,1.4766
0.11539,0.3864,1.4218
0.10595,0.33852,1.2957
0.10154,0.30701,1.24
0.095171,0.2773,1.185
0.092354,0.25098,1.1334
0.087407,0.23102,1.0926
0.074158,0.18079,0.91227
0.047174,0.10824,0.58219
0.045171,0.095835,0.55618
0.043807,0.087363,0.53683
0.042893,0.078203,0.52878
0.042471,0.071887,0.52655
0.042134,0.063976,0.51938
0.042063,0.058361,0.51755
0.041809,0.050675,0.51551
0.041562,0.045073,0.51288
0.041419,0.037683,0.51217
0,0,-1
0,0,-1
0,0,-1
0,0,-1
0,0,-1
0,0,-1
0,0,-1
0,0,-1
0,0,-1
0,0,-1
0,0,-1
0,0,-1
0,0,-1
0,0,-1
0,0,-1
0,0,-1
0,0,-1
0,0,-1
0,0,-1
0,0,-1
0,0,-1
0,0,-1
0,0,-1
0,0,-1
0,0,-1
0.040614,-0.12354,0.49816
0.040725,-0.12853,0.49841
0.040714,-0.13604,0.50021
0.04089,-0.14189,0.50083
0.040972,-0.14925,0.50346
0.040864,-0.15403,0.50201
0.041082,-0.16174,0.50206
0.041936,-0.17011,0.5137
0.042221,-0.17849,0.51808
0.042697,-0.18738,0.52423
0.044056,-0.20076,0.54046
0.073035,-0.34248,0.89045
0.11029,-0.53317,1.3513
0.1089,0.60388,1.5771
0.10911,0.58166,1.5783
0.10925,0.56669,1.5794
0.10893,0.54226,1.5714
0.10843,0.52394,1.5625
0.10752,0.49866,1.5533
0.10622,0.47548,1.534
0.10343,0.4422,1.5016
0.10198,0.42118,1.4761
0.097696,0.3845,1.4201
0.08969,0.33816,1.2941
0.085846,0.3057,1.2381
0.081831,0.27753,1.1908
0.07956,0.2533,1.1377
0.075606,0.23121,1.0996
0.063762,0.183,0.92467
0.040492,0.11029,0.58823
0.038461,0.096225,0.56065
0.037198,0.087437,0.5373
0.036573,0.078388,0.52924
0.03616,0.072183,0.52742
0.035873,0.064031,0.51984
0.035793,0.058418,0.51731
0.035596,0.050798,0.51597
0.035489,0.045161,0.51393
0.035335,0.037819,0.51326
0,0,-1
0,0,-1
0,0,-1
0,0,-1
0,0,-1
0,0,-1
0,0,-1
0,0,-1
0,0,-1
0,0,-1
0,0,-1
0,0,-1
0,0,-1
0,0,-1
0,0,-1
0,0,-1
0,0,-1
0,0,-1
0,0,-1
0,0,-1
0,0,-1
0,0,-1
0,0,-1
0,0,-1
0,0,-1
0,0,-1
0.034508,-0.12852,0.49776
0.034593,-0.13615,0.49991
0.034823,-0.14143,0.502
0.034895,-0.14936,0.5057
0.034804,-0.15415,0.50425
0.034991,-0.16186,0.50248
0.035636,-0.17031,0.51412
0.036049,-0.17898,0.5185
0.03652,-0.18752,0.52742
0.037569,-0.20259,0.54455
0.076048,-0.41811,1.0924
0.10332,-0.59114,1.4874
0.089905,0.60425,1.5756
0.090204,0.58262,1.5794
0.090286,0.56705,1.5788
0.08992,0.54207,1.5725
0.089353,0.524,1.5636
0.088764,0.49834,1.5544
0.087682,0.47579,1.5343
0.085119,0.4407,1.4976
0.083947,0.42046,1.4726
0.080637,0.3831,1.4174
0.074158,0.33838,1.2899
0.070627,0.30747,1.2472
0.067806,0.27882,1.1869
0.065818,0.25489,1.145
0.062802,0.23165,1.1004
0.052616,0.18312,0.92534
0.033984,0.11177,0.59742
0.031933,0.097068,0.56328
0.030776,0.087498,0.54085
0.030458,0.078537,0.53382
0.030174,0.072552,0.52781
0.029705,0.064405,0.52559
0.029531,0.058653,0.51778
0.029467,0.050874,0.51597
0.029281,0.04543,0.51449
0.029175,0.037847,0.51431
0,0,-1
0,0,-1
0,0,-1
0,0,-1
0,0,-1
0,0,-1
0,0,-1
0,0,-1
0,0,-1
0,0,-1
0,0,-1
0,0,-1
0,0,-1
0,0,-1
0,0,-1
0,0,-1
0,0,-1
0,0,-1
0,0,-1
0,0,-1
0,0,-1
0,0,-1
0,0,-1
0,0,-1
0,0,-1
0,0,-1
0,0,-1
0,0,-1
0.02855,-0.14106,0.50088
0.028614,-0.14815,0.4997
0,0,-1
0.028999,-0.16265,0.50283
0.029489,-0.17112,0.51448
0.029763,-0.17998,0.51886
0.030169,-0.18845,0.52897
0.031381,-0.20283,0.54672
0.071155,-0.47273,1.2402
0.086538,-0.5991,1.5089
0.071042,0.60415,1.5744
0.07105,0.58301,1.5803
0.071166,0.56713,1.5797
0.070878,0.54171,1.5723
0.070445,0.52449,1.5661
0.069974,0.49764,1.5564
0.068907,0.47568,1.5351
0.067006,0.44086,1.4881
0.066191,0.42041,1.4734
0.063582,0.38401,1.4182
0.058059,0.33623,1.289
0.055651,0.30735,1.2441
0.053425,0.28343,1.1924
0.052094,0.25804,1.1573
0.049555,0.23503,1.0986
0.043907,0.1931,0.98549
0.027067,0.11194,0.59959
0.02558,0.098504,0.57054
0.024292,0.087873,0.54308
0.024034,0.079624,0.53454
0.023774,0.072593,0.52813
0.023462,0.064744,0.52674
0.023341,0.058777,0.51989
0.023259,0.05093,0.51628
0.02308,0.045486,0.51509
0.022979,0.037869,0.51477
0.022892,0.032422,0.51087
0,0,-1
0,0,-1
0,0,-1
0,0,-1
0,0,-1
0,0,-1
0,0,-1
0,0,-1
0,0,-1
0,0,-1
0,0,-1
0,0,-1
0,0,-1
0,0,-1
0,0,-1
0,0,-1
0,0,-1
0,0,-1
0,0,-1
0,0,-1
0,0,-1
0,0,-1
0,0,-1
0,0,-1
0,0,-1
0,0,-1
0,0,-1
0,0,-1
0,0,-1
0,0,-1
0.023025,-0.16434,0.51104
0.023271,-0.1712,0.51435
0.023496,-0.18016,0.52092
0.023946,-0.18946,0.53102
0.025201,-0.2075,0.55097
0.06259,-0.52823,1.3782
0.069174,-0.60497,1.5257
0.052009,0.60572,1.5742
0.051983,0.58334,1.5814
0.052096,0.56809,1.582
0.051836,0.54191,1.5724
0.051516,0.52434,1.5699
0.051182,0.49838,1.5576
0.050373,0.47567,1.5357
0.048852,0.4401,1.4849
0.048322,0.42058,1.4755
0.046529,0.38416,1.4196
0.042448,0.33636,1.2896
0.041151,0.30747,1.2485
0.039359,0.28354,1.1953
0.038048,0.25673,1.1631
0.036268,0.23553,1.0991
0.034317,0.20697,1.0553
0.020014,0.11395,0.61566
0.018679,0.098571,0.5733
0.017868,0.088612,0.5466
0.017571,0.079819,0.53514
0.017354,0.072624,0.52839
0.017236,0.06478,0.52711
0.01705,0.058856,0.52209
0.016998,0.051181,0.52002
0.016863,0.04559,0.51613
0.016829,0.037993,0.51555
0.016741,0.032494,0.51166
0,0,-1
0,0,-1
0,0,-1
0,0,-1
0,0,-1
0,0,-1
0,0,-1
0,0,-1
0,0,-1
0,0,-1
0,0,-1
0,0,-1
0,0,-1
0,0,-1
0,0,-1
0,0,-1
0,0,-1
0,0,-1
0,0,-1
0,0,-1
0,0,-1
0,0,-1
0,0,-1
0,0,-1
0,0,-1
0,0,-1
0,0,-1
0,0,-1
0,0,-1
0,0,-1
0.016947,-0.16509,0.513
0.017028,-0.17127,0.51518
0.017317,-0.18114,0.52198
0.017555,-0.19063,0.53351
0.018618,-0.21081,0.56603
0.049934,-0.57604,1.5048
0.051109,-0.61279,1.5423
0.032926,0.60543,1.5755
0.03289,0.58379,1.5819
0.032928,0.56842,1.5817
0.032776,0.54277,1.5734
0.032572,0.52478,1.5676
0.032311,0.4985,1.5591
0.03187,0.47579,1.5362
0.030768,0.43847,1.484
0.030539,0.42204,1.4784
0.029426,0.38518,1.424
0.026783,0.33905,1.3011
0.025991,0.30736,1.2494
0.024822,0.28362,1.1969
0.024312,0.25833,1.1644
0.023,0.23559,1.1182
0.022006,0.20884,1.0698
0.013102,0.11946,0.63729
0.012,0.10038,0.58288
0.011318,0.089667,0.54781
0.011147,0.080053,0.53981
0.01097,0.073469,0.52856
0.010862,0.064866,0.52766
0.010783,0.059045,0.52262
0.010714,0.051369,0.52108
0.010659,0.045605,0.52038
0.010592,0.038004,0.51604
0.010535,0.03265,0.51363
0,0,-1
0,0,-1
0,0,-1
0,0,-1
0,0,-1
0,0,-1
0,0,-1
0,0,-1
0,0,-1
0,0,-1
0,0,-1
0,0,-1
0,0,-1
0,0,-1
0,0,-1
0,0,-1
0,0,-1
0,0,-1
0,0,-1
0,0,-1
0,0,-1
0,0,-1
0,0,-1
0,0,-1
0,0,-1
0,0,-1
0,0,-1
0,0,-1
0,0,-1
0,0,-1
0.010739,-0.16585,0.51538
0.010852,-0.17264,0.5189
0.010967,-0.18195,0.52502
0.011224,-0.19219,0.53776
0.012486,-0.22184,0.59652
0.032307,-0.58955,1.5478
0.03269,-0.61617,1.5505
0.0138,0.60188,1.5792
0.013822,0.58386,1.5829
0.01381,0.56902,1.582
0.013726,0.54355,1.5792
0.013629,0.52462,1.5717
0.01349,0.49856,1.5594
0.013289,0.47604,1.5402
0.012808,0.44026,1.4842
0.012763,0.42314,1.4841
0.012323,0.39112,1.4356
0.011182,0.34253,1.309
0.010783,0.3074,1.2635
0.010308,0.28372,1.2006
0.01002,0.25836,1.1689
0.0095057,0.2387,1.1184
0.0092477,0.21234,1.0764
0.0058134,0.12693,0.68268
0.0050488,0.10267,0.59315
0.0047289,0.090051,0.55722
0.004627,0.080911,0.54492
0.0045207,0.073478,0.53356
0.0044742,0.065077,0.52899
0.0044405,0.059361,0.52619
0.0044109,0.051412,0.52219
0.0043997,0.045701,0.52077
0.0043683,0.038168,0.51698
0.0043363,0.032665,0.51519
0.004327,0.025269,0.51256
0,0,-1
0,0,-1
0,0,-1
0,0,-1
0,0,-1
0,0,-1
0,0,-1
0,0,-1
0,0,-1
0,0,-1
0,0,-1
0,0,-1
0,0,-1
0,0,-1
0,0,-1
0,0,-1
0,0,-1
0,0,-1
0,0,-1
0,0,-1
0,0,-1
0,0,-1
0,0,-1
0,0,-1
0,0,-1
0,0,-1
0,0,-1
0,0,-1
0.0044407,-0.15717,0.51263
0.0044981,-0.16602,0.51626
0.0045492,-0.17346,0.52048
0.0045939,-0.18387,0.53088
0.0047546,-0.19442,0.54526
0.0059297,-0.25097,0.67405
0.013685,-0.59674,1.5583
0.013783,-0.62186,1.5709
-0.0052677,0.60584,1.577
-0.0053263,0.58385,1.5829
-0.005355,0.56924,1.582
-0.005381,0.54408,1.5805
-0.0053733,0.52482,1.5706
-0.0053822,0.49944,1.564
-0.0053231,0.47814,1.5404
-0.0051936,0.4414,1.4905
-0.0051868,0.4239,1.4882
-0.0051071,0.39234,1.4507
-0.0046653,0.34712,1.3313
-0.0044598,0.30959,1.2635
-0.0042825,0.28525,1.2077
-0.0042054,0.25835,1.1776
-0.0039956,0.24153,1.1188
-0.0039317,0.2175,1.0823
-0.0030421,0.15777,0.84464
-0.0022697,0.10749,0.62719
-0.0020633,0.092323,0.56902
-0.001994,0.08134,0.55039
-0.0019555,0.073476,0.54084
-0.0019418,0.065241,0.53448
-0.0019322,0.059517,0.5262
-0.0019232,0.051711,0.52444
-0.0019111,0.045836,0.52266
-0.0019021,0.038193,0.51839
-0.0018947,0.032701,0.51595
-0.001888,0.025312,0.51415
0,0,-1
0,0,-1
0,0,-1
0,0,-1
0,0,-1
0,0,-1
0,0,-1
0,0,-1
0,0,-1
0,0,-1
0,0,-1
0,0,-1
0,0,-1
0,0,-1
0,0,-1
0,0,-1
0,0,-1
0,0,-1
0,0,-1
0,0,-1
0,0,-1
0,0,-1
0,0,-1
0,0,-1
0,0,-1
0,0,-1
0,0,-1
0,0,-1
-0.0017852,-0.15796,0.51345
-0.0017968,-0.16648,0.51899
-0.0018113,-0.1743,0.52536
-0.0018168,-0.18518,0.53471
-0.0018894,-0.19903,0.56104
-0.0032444,-0.35729,0.96212
-0.005273,-0.60217,1.5786
-0.005279,-0.6281,1.5832
-0.024374,0.60616,1.5793
-0.024485,0.58491,1.5834
-0.024573,0.56915,1.5868
-0.024581,0.54669,1.5819
-0.024425,0.52649,1.5753
-0.024303,0.50085,1.5647
-0.024178,0.47843,1.5462
-0.023355,0.44407,1.4978
-0.023317,0.42603,1.4945
-0.02288,0.3973,1.4619
-0.021057,0.35491,1.3554
-0.02,0.31317,1.2686
-0.018887,0.28592,1.2076
-0.01848,0.25962,1.1774
-0.017664,0.24149,1.1186
-0.017224,0.21785,1.083
-0.015967,0.19024,1.0087
-0.01069,0.11662,0.6707
-0.0090395,0.093318,0.57615
-0.0086976,0.082318,0.55515
-0.0085554,0.074751,0.54245
-0.0083935,0.065687,0.53486
-0.0083329,0.059668,0.52795
-0.0082939,0.05176,0.52478
-0.0082217,0.045828,0.5226
-0.0082241,0.038291,0.51842
-0.0081445,0.032809,0.51625
-0.0081334,0.025308,0.51556
0,0,-1
0,0,-1
0,0,-1
0,0,-1
0,0,-1
0,0,-1
0,0,-1
0,0,-1
0,0,-1
0,0,-1
0,0,-1
0,0,-1
0,0,-1
0,0,-1
0,0,-1
0,0,-1
0,0,-1
0,0,-1
0,0,-1
0,0,-1
0,0,-1
0,0,-1
0,0,-1
0,0,-1
0,0,-1
0,0,-1
0,0,-1
0,0,-1
-0.0080673,-0.15895,0.51689
-0.008116,-0.16802,0.52288
-0.0082203,-0.17569,0.52661
-0.0084226,-0.18748,0.54229
-0.0094272,-0.21667,0.60644
-0.022781,-0.54716,1.4698
-0.024734,-0.60913,1.5918
-0.024691,-0.63285,1.5922
-0.043488,0.60625,1.5793
-0.04364,0.58478,1.5839
-0.043779,0.56945,1.5881
-0.043649,0.54654,1.5852
-0.043507,0.5272,1.577
-0.04337,0.50101,1.5653
-0.043001,0.4815,1.5495
-0.041911,0.44608,1.5118
-0.041573,0.42783,1.5
-0.041122,0.40251,1.4749
-0.038658,0.3615,1.388
-0.035693,0.31617,1.3021
-0.033775,0.28695,1.2076
-0.032781,0.26222,1.1771
-0.031808,0.24202,1.1324
-0.030685,0.21802,1.1019
-0.02893,0.19522,1.0476
-0.019399,0.11935,0.69634
-0.016169,0.094464,0.58029
-0.015621,0.083081,0.5616
-0.01516,0.074938,0.54557
-0.014977,0.065854,0.5385
-0.014729,0.059892,0.52998
-0.014726,0.051821,0.52576
-0.014596,0.046325,0.52349
-0.014497,0.038343,0.52082
-0.014426,0.03284,0.51767
-0.014388,0.025354,0.51617
0,0,-1
0,0,-1
0,0,-1
0,0,-1
0,0,-1
0,0,-1
0,0,-1
0,0,-1
0,0,-1
0,0,-1
0,0,-1
0,0,-1
0,0,-1
0,0,-1
0,0,-1
0,0,-1
0,0,-1
0,0,-1
0,0,-1
0,0,-1
0,0,-1
0,0,-1
0,0,-1
0,0,-1
0,0,-1
0,0,-1
0,0,-1
-0.014346,-0.15358,0.5178
-0.014442,-0.16016,0.51855
-0.01454,-0.16842,0.52434
-0.014794,-0.17689,0.53489
-0.015229,-0.19127,0.55034
-0.023481,-0.30377,0.85276
-0.044278,-0.59437,1.597
-0.044501,-0.61564,1.6156
-0.044407,-0.63576,1.6101
-0.062619,0.60574,1.5822
-0.06275,0.58512,1.5833
-0.062957,0.56938,1.5876
-0.062901,0.54631,1.585
-0.062875,0.52921,1.5854
-0.062407,0.5026,1.5692
-0.061922,0.48251,1.562
-0.060586,0.4497,1.5228
-0.060111,0.4305,1.5063
-0.059578,0.4042,1.4912
-0.056636,0.37107,1.4152
-0.052843,0.32655,1.3252
-0.049568,0.2914,1.2343
-0.047111,0.26228,1.1868
-0.045697,0.24342,1.14
-0.044283,0.21807,1.1111
-0.042598,0.19875,1.0654
-0.036939,0.15799,0.92366
-0.024266,0.098351,0.60198
-0.022884,0.084515,0.57153
-0.021948,0.075148,0.54688
-0.021658,0.066067,0.54199
-0.02123,0.06,0.53311
-0.021128,0.051983,0.53044
-0.02097,0.046326,0.52328
-0.020834,0.038493,0.52184
-0.020748,0.032972,0.51988
-0.020696,0.025449,0.51787
-0.020633,0.020063,0.51627
0,0,-1
0,0,-1
0,0,-1
0,0,-1
0,0,-1
0,0,-1
0,0,-1
0,0,-1
0,0,-1
0,0,-1
0,0,-1
0,0,-1
0,0,-1
0,0,-1
0,0,-1
0,0,-1
0,0,-1
0,0,-1
0,0,-1
0,0,-1
0,0,-1
0,0,-1
0,0,-1
0,0,-1
0,0,-1
-0.020608,-0.14639,0.51796
-0.020679,-0.1542,0.51966
-0.020884,-0.16104,0.52438
-0.021036,-0.16979,0.52828
-0.021751,-0.18035,0.5473
-0.022624,-0.1976,0.57437
-0.059798,-0.5353,1.5071
-0.06459,-0.60569,1.6306
-0.064738,-0.62055,1.6265
-0.064387,-0.64056,1.6186
-0.081755,0.60596,1.5784
-0.081902,0.5848,1.5851
-0.082114,0.56956,1.5869
-0.082324,0.54867,1.5899
-0.082119,0.53056,1.5859
-0.081642,0.50382,1.5766
-0.081076,0.48569,1.564
-0.079296,0.45375,1.5338
-0.078963,0.43272,1.5179
-0.078501,0.40923,1.5029
-0.075527,0.37872,1.4516
-0.071143,0.33597,1.3617
-0.065311,0.29568,1.2501
-0.062455,0.26791,1.203
-0.059597,0.24598,1.1509
-0.058469,0.22174,1.1198
-0.056535,0.20473,1.0895
-0.054721,0.18155,1.0486
-0.033476,0.10412,0.64308
-0.030591,0.086641,0.58464
-0.029106,0.076061,0.55661
-0.028336,0.067248,0.54529
-0.027884,0.060535,0.53809
-0.02769,0.052239,0.53311
-0.027508,0.046454,0.52789
-0.027338,0.038889,0.52359
-0.027261,0.033305,0.52192
-0.027037,0.025539,0.52001
-0.02696,0.020117,0.51906
-0.026945,0.012665,0.51636
0,0,-1
0,0,-1
0,0,-1
0,0,-1
0,0,-1
0,0,-1
0,0,-1
0,0,-1
0,0,-1
0,0,-1
0,0,-1
0,0,-1
0,0,-1
0,0,-1
0,0,-1
0,0,-1
0,0,-1
0,0,-1
0,0,-1
0,0,-1
0,0,-1
0,0,-1
0,0,-1
0,0,-1
-0.027012,-0.14666,0.52067
-0.027149,-0.15505,0.52406
-0.027433,-0.16178,0.52844
-0.027891,-0.17206,0.53403
-0.029371,-0.18664,0.56236
-0.034758,-0.23175,0.66692
-0.08467,-0.5846,1.6374
-0.085508,-0.60994,1.6476
-0.085303,-0.62638,1.642
-0.084854,-0.64685,1.6287
-0.10068,0.60467,1.579
-0.1012,0.58441,1.5848
-0.10118,0.56964,1.5852
-0.10163,0.54839,1.5922
-0.10178,0.53108,1.5904
-0.10102,0.5064,1.5837
-0.10059,0.4875,1.5719
-0.098701,0.4562,1.5397
-0.098016,0.43687,1.525
-0.097846,0.41192,1.5261
-0.094763,0.38206,1.4775
-0.09048,0.34813,1.4084
-0.082441,0.30273,1.2974
-0.078436,0.27088,1.2151
-0.075033,0.24763,1.1588
-0.072565,0.22353,1.1235
-0.07066,0.20648,1.0913
-0.068706,0.18544,1.073
-0.053184,0.13443,0.82654
-0.0398,0.091506,0.61916
-0.036527,0.078157,0.57071
-0.035803,0.068224,0.55724
-0.034943,0.061622,0.54557
-0.034397,0.0529,0.53852
-0.034191,0.046756,0.53325
-0.034235,0.039203,0.53031
-0.034173,0.033678,0.53103
-0.033772,0.02611,0.53145
-0.033646,0.020252,0.52317
-0.033363,0.012708,0.52097
-0.033295,0.0073038,0.51634
0,0,-1
0,0,-1
0,0,-1
0,0,-1
0,0,-1
0,0,-1
0,0,-1
0,0,-1
0,0,-1
0,0,-1
0,0,-1
0,0,-1
0,0,-1
0,0,-1
0,0,-1
0,0,-1
0,0,-1
0,0,-1
0,0,-1
0,0,-1
0,0,-1
0,0,-1
-0.033269,-0.14154,0.51987
-0.033593,-0.14798,0.52455
-0.033631,-0.156,0.5249
-0.034173,-0.16488,0.53247
-0.035009,-0.17589,0.54644
-0.04004,-0.20728,0.62348
-0.082185,-0.44282,1.2761
-0.10696,-0.59733,1.6653
-0.10653,-0.61938,1.6624
-0.10614,-0.63459,1.6567
-0.10527,-0.65246,1.6398
-0.11999,0.60352,1.5763
-0.12028,0.58406,1.5837
-0.12025,0.56919,1.5846
-0.12078,0.54824,1.5909
-0.12116,0.53276,1.5927
-0.12083,0.50786,1.5877
-0.11973,0.48762,1.5834
-0.11813,0.45924,1.5546
-0.11709,0.43857,1.5376
-0.11747,0.41618,1.54
-0.11424,0.39166,1.4974
-0.1103,0.3564,1.4548
-0.10103,0.31313,1.321
-0.094828,0.27713,1.2477
-0.090743,0.24959,1.168
-0.088123,0.22647,1.1427
-0.085194,0.20927,1.1179
-0.083647,0.18779,1.0931
-0.079686,0.16865,1.0478
-0.055874,0.10917,0.74053
-0.044952,0.081515,0.58932
-0.043465,0.070093,0.57127
-0.042574,0.062852,0.55745
-0.04224,0.054658,0.55796
-0.041532,0.047987,0.54458
-0.041024,0.03975,0.53617
-0.04064,0.033904,0.53195
-0.040564,0.026235,0.53123
-0.040181,0.020401,0.52467
-0.039974,0.012778,0.52296
-0.039742,0.0073667,0.52251
-0.039614,-9.1005e-05,0.5167
-0.039359,-0.0054349,0.51627
0,0,-1
0,0,-1
0,0,-1
0,0,-1
0,0,-1
0,0,-1
0,0,-1
0,0,-1
0,0,-1
0,0,-1
0,0,-1
0,0,-1
0,0,-1
0,0,-1
0,0,-1
0,0,-1
0,0,-1
-0.039449,-0.12023,0.517
-0.039682,-0.12823,0.51865
-0.03967,-0.13466,0.5213
-0.039998,-0.14247,0.52435
-0.040118,-0.1489,0.5265
-0.040684,-0.15849,0.53359
-0.041509,-0.16772,0.54205
-0.043564,-0.18298,0.56784
-0.085057,-0.37044,1.1198
-0.12928,-0.58746,1.6918
-0.12896,-0.60316,1.6863
-0.12797,-0.6244,1.6777
-0.12686,-0.63504,1.6694
-0.12595,-0.65563,1.6551
-0.13842,0.60481,1.5745
-0.1392,0.58377,1.5824
-0.13952,0.56907,1.5832
-0.14019,0.54914,1.5953
-0.14031,0.53292,1.5944
-0.14023,0.51004,1.5908
-0.13958,0.49087,1.586
-0.13765,0.46066,1.559
-0.13607,0.44029,1.5442
-0.1366,0.41868,1.5463
-0.1342,0.39528,1.5161
-0.13045,0.36274,1.4722
-0.12265,0.32434,1.3806
-0.11358,0.28582,1.2869
-0.10665,0.25605,1.2083
-0.10348,0.23208,1.1655
-0.099264,0.21076,1.1274
-0.098883,0.19103,1.1027
-0.09692,0.17629,1.0838
-0.089861,0.15317,1.0075
-0.057674,0.089112,0.65043
-0.051901,0.071947,0.58658
-0.050355,0.064466,0.56901
-0.049358,0.054967,0.55872
-0.049196,0.048951,0.55809
-0.048132,0.040202,0.54467
-0.047519,0.03416,0.53529
-0.046948,0.026225,0.53185
-0.046667,0.020449,0.5271
-0.046355,0.01285,0.52438
-0.046277,0.0073647,0.52255
-0.046005,-9.392e-05,0.52204
-0.046024,-0.0054679,0.51968
-0.045819,-0.012865,0.51771
0,0,-1
0,0,-1
0,0,-1
0,0,-1
0,0,-1
0,0,-1
0,0,-1
0,0,-1
0,0,-1
0,0,-1
0,0,-1
0,0,-1
0,0,-1
0,0,-1
-0.045832,-0.1079,0.51803
-0.045816,-0.11507,0.51926
-0.046095,-0.12106,0.51985
-0.046144,-0.12943,0.52242
-0.046437,-0.13506,0.52691
-0.046638,-0.14367,0.52816
-0.047213,-0.15046,0.53526
-0.047975,-0.16044,0.54155
-0.049576,-0.17281,0.5654
-0.060817,-0.2216,0.68633
-0.1504,-0.56575,1.6976
-0.151,-0.59411,1.7125
-0.15037,-0.60999,1.707
-0.14937,-0.62898,1.6929
-0.14811,-0.64137,1.6805
-0.14682,-0.65808,1.6724
-0.15737,0.60474,1.5737
-0.15812,0.58316,1.5803
-0.15868,0.56848,1.5862
-0.15959,0.5487,1.5945
-0.15941,0.53354,1.5928
-0.15991,0.51096,1.5967
-0.15914,0.4927,1.5902
-0.15775,0.46231,1.5713
-0.15627,0.44341,1.553
-0.15687,0.42277,1.5586
-0.15389,0.40101,1.5338
-0.15111,0.36956,1.5103
-0.1441,0.33854,1.4374
-0.13537,0.30128,1.3527
-0.12554,0.26284,1.2472
-0.11934,0.23551,1.1965
-0.11671,0.21695,1.1506
-0.11303,0.19181,1.1189
-0.11097,0.17852,1.1033
-0.10913,0.15997,1.0746
-0.086554,0.11808,0.85034
-0.065097,0.079607,0.64923
-0.058359,0.065533,0.57784
-0.057187,0.056308,0.56922
-0.056091,0.049133,0.55877
-0.055754,0.040412,0.55614
-0.054096,0.034186,0.53939
-0.053666,0.026191,0.53209
-0.053309,0.020456,0.52818
-0.05302,0.01286,0.52606
-0.052817,0.0074109,0.52533
-0.052623,-9.6996e-05,0.52473
-0.052455,-0.0055028,0.52376
-0.05232,-0.012945,0.52129
-0.052305,-0.01828,0.51963
-0.051986,-0.02569,0.51735
-0.052253,0,-1
0,0,-1
0,0,-1
0,0,-1
0,0,-1
0,0,-1
0,0,-1
0,0,-1
0,0,-1
0,0,-1
-0.052271,-0.095106,0.51914
-0.052262,-0.10268,0.51909
-0.052379,-0.10821,0.52079
-0.052523,-0.11578,0.52204
-0.052784,-0.12216,0.52393
-0.052685,-0.12978,0.52602
-0.053458,-0.13686,0.5301
-0.053777,-0.14506,0.53612
-0.054669,-0.15309,0.54305
-0.056483,-0.16653,0.56016
-0.06784,-0.20745,0.67569
-0.15164,-0.48464,1.5102
-0.17508,-0.57899,1.7383
-0.1743,-0.60145,1.7308
-0.17355,-0.61404,1.7195
-0.17118,-0.63361,1.7039
-0.16925,-0.64673,1.6887
-0.16818,-0.66483,1.6717
-0.17611,0.60017,1.5706
-0.17698,0.58247,1.5793
-0.17758,0.56779,1.5853
-0.17874,0.5479,1.5933
-0.17899,0.53283,1.5949
-0.17933,0.51164,1.5993
-0.17901,0.49467,1.5952
-0.17773,0.46725,1.5814
-0.17608,0.4463,1.568
-0.17676,0.42551,1.5738
-0.17438,0.40566,1.5524
-0.17223,0.37469,1.5279
-0.16581,0.34908,1.4819
-0.15953,0.31455,1.4221
-0.14668,0.27551,1.2967
-0.1374,0.24053,1.2186
-0.13306,0.21975,1.1774
-0.12904,0.19791,1.1443
-0.12671,0.18036,1.1187
-0.12523,0.16395,1.1032
-0.12224,0.14752,1.0748
-0.096053,0.10518,0.84641
-0.070846,0.070684,0.62663
-0.065406,0.057051,0.57797
-0.063824,0.049786,0.56579
-0.062795,0.04115,0.5587
-0.061622,0.034659,0.54856
-0.060583,0.026463,0.53914
-0.060207,0.02065,0.53312
-0.059973,0.012996,0.53082
-0.059404,0.0074542,0.52757
-0.05914,-0.00010087,0.52746
-0.059114,-0.0055605,0.5257
-0.059103,-0.013045,0.52547
-0.059052,-0.018413,0.52288
-0.058947,-0.025877,0.52256
-0.058845,-0.031268,0.52253
-0.058862,-0.038606,0.52204
-0.058837,-0.044077,0.52161
-0.058762,-0.051411,0.52081
-0.058756,-0.057024,0.52163
-0.05866,-0.064164,0.52129
-0.058619,-0.06971,0.52093
-0.058503,-0.076896,0.52044
-0.058647,-0.082587,0.51987
-0.058728,-0.090343,0.52164
-0.058758,-0.095702,0.52278
-0.059025,-0.10369,0.52398
-0.058958,-0.10924,0.52585
-0.059206,-0.11684,0.52446
-0.059374,-0.12272,0.52871
-0.060036,-0.13187,0.53294
-0.060464,-0.13772,0.53809
-0.061298,-0.14789,0.54794
-0.063466,-0.15888,0.56163
-0.073169,-0.19245,0.64701
-0.16963,-0.46109,1.5038
-0.19877,-0.57027,1.7674
-0.19814,-0.58694,1.7654
-0.19715,-0.60646,1.7528
-0.1949,-0.61894,1.7371
-0.19336,-0.63561,1.7143
-0.19104,-0.64843,1.7014
-0.18875,-0.66713,1.6824
-0.19443,0.60194,1.5677
-0.19578,0.5813,1.5759
-0.1966,0.5669,1.5825
-0.19777,0.54732,1.5913
-0.19816,0.53212,1.5931
-0.19888,0.51154,1.5992
-0.19877,0.49568,1.5976
-0.19734,0.46891,1.5839
-0.19666,0.44901,1.5791
-0.19741,0.4281,1.5848
-0.19493,0.40675,1.5694
-0.19255,0.38044,1.5492
-0.18734,0.35578,1.5076
-0.1824,0.32384,1.4708
-0.17229,0.29144,1.3809
-0.1616,0.25356,1.2926
-0.15155,0.22801,1.2162
-0.14603,0.20301,1.1746
-0.14281,0.18607,1.152
-0.14083,0.16475,1.1187
-0.1387,0.15256,1.1042
-0.13545,0.13222,1.0806
-0.10745,0.096922,0.85064
-0.07795,0.061355,0.62321
-0.072433,0.051023,0.58024
-0.070356,0.041687,0.56432
-0.069004,0.0349,0.55448
-0.068186,0.026744,0.54527
-0.06714,0.020874,0.53947
-0.066918,0.01309,0.53615
-0.066555,0.0075295,0.53534
-0.066176,-0.00010505,0.53321
-0.065929,-0.0055936,0.52855
-0.065719,-0.013126,0.52842
-0.065818,-0.018558,0.52753
-0.065665,-0.025937,0.5248
-0.065529,-0.031492,0.52451
-0.065469,-0.038981,0.52441
-0.065376,-0.044392,0.52428
-0.065294,-0.051812,0.52361
-0.065226,-0.057116,0.52177
-0.065502,-0.064499,0.52093
-0.065418,-0.070159,0.52402
-0.06529,-0.077565,0.52299
-0.065203,-0.083025,0.52219
-0.065505,-0.090557,0.52477
-0.065877,-0.096398,0.52756
-0.06607,-0.10473,0.52754
-0.066244,-0.11006,0.52873
-0.066239,-0.11772,0.53285
-0.066916,-0.12482,0.53554
-0.067327,-0.13333,0.53869
-0.068106,-0.14227,0.55075
-0.070685,-0.1548,0.56425
-0.079964,-0.18037,0.63769
-0.18909,-0.44927,1.517
-0.22463,-0.55343,1.7994
-0.2237,-0.57697,1.7929
-0.22178,-0.59181,1.7775
-0.21979,-0.61056,1.7614
-0.21758,-0.62266,1.7499
-0.2146,-0.64013,1.727
-0.21259,-0.65201,1.7064
-0.21032,-0.6673,1.6913
-0.21271,0.59972,1.5647
-0.21442,0.58023,1.5761
-0.21546,0.56608,1.5815
-0.21685,0.54787,1.5901
-0.21712,0.53141,1.5934
-0.21835,0.51103,1.5999
-0.21847,0.49571,1.6015
-0.218,0.47183,1.5918
-0.21664,0.45215,1.586
-0.21747,0.43142,1.5922
-0.21613,0.41198,1.5817
-0.21361,0.38517,1.5643
-0.2095,0.36297,1.5374
-0.20572,0.33326,1.5092
-0.19826,0.3089,1.4577
-0.18928,0.27189,1.3827
-0.17737,0.24033,1.2931
-0.16644,0.20928,1.2179
-0.1619,0.19096,1.1754
-0.15678,0.17069,1.1527
-0.15563,0.15627,1.1186
-0.15268,0.13855,1.1045
-0.14855,0.12224,1.0814
-0.12733,0.092426,0.93553
-0.086037,0.05519,0.6263
-0.080533,0.043371,0.58907
-0.077459,0.035801,0.56516
-0.075644,0.027086,0.55406
-0.07474,0.021142,0.55006
-0.073846,0.013307,0.54125
-0.073653,0.0076054,0.53899
-0.073401,-0.00011019,0.53904
-0.073331,-0.0056239,0.53478
-0.073139,-0.01319,0.53304
-0.072894,-0.018662,0.53217
-0.072522,-0.026188,0.52789
-0.072408,-0.031649,0.52723
-0.072343,-0.039218,0.52671
-0.072086,-0.044682,0.52628
-0.071996,-0.052189,0.52846
-0.072244,-0.057894,0.52791
-0.072138,-0.065377,0.52705
-0.072692,-0.070774,0.52958
-0.072058,-0.078133,0.52915
-0.072453,-0.083671,0.5286
-0.072376,-0.09145,0.53013
-0.072806,-0.097246,0.53153
-0.073078,-0.1053,0.53047
-0.073177,-0.11111,0.53382
-0.073467,-0.1197,0.54042
-0.074626,-0.12715,0.5438
-0.075627,-0.13669,0.55565
-0.079437,-0.14961,0.57966
-0.089249,-0.17703,0.64939
-0.20799,-0.42979,1.5217
-0.24683,-0.53624,1.8064
-0.24889,-0.55858,1.8193
-0.24728,-0.58208,1.8119
-0.24556,-0.59478,1.7907
-0.24283,-0.61434,1.7674
-0.24043,-0.62601,1.7535
-0.23731,-0.6431,1.7347
-0.23398,-0.6534,1.7109
-0.2318,-0.67252,1.6959
-0.2318,0.59769,1.5573
-0.23292,0.57921,1.5696
-0.23428,0.56609,1.5779
-0.23576,0.54735,1.5867
-0.23612,0.53196,1.5916
-0.2377,0.51137,1.5982
-0.23769,0.49501,1.601
-0.23806,0.47315,1.6009
-0.23727,0.45545,1.5918
-0.23817,0.43422,1.5994
-0.23696,0.41532,1.5955
-0.23547,0.39006,1.5842
-0.2327,0.36923,1.5645
-0.2284,0.34125,1.5396
-0.22405,0.31784,1.5107
-0.21607,0.28796,1.4593
-0.20635,0.25782,1.3863
-0.19478,0.22857,1.3145
-0.18287,0.19839,1.2179
-0.17973,0.17523,1.1759
-0.17178,0.15941,1.158
-0.17117,0.14026,1.1587
-0.16767,0.12702,1.1269
-0.16477,0.10997,1.1042
-0.13884,0.082665,0.93611
-0.1009,0.050119,0.68075
-0.088419,0.037431,0.58981
-0.086152,0.02834,0.57501
-0.083661,0.021881,0.56238
-0.082589,0.013445,0.55643
-0.081674,0.0076883,0.54719
-0.081366,-0.00011653,0.54669
-0.080394,-0.005701,0.54322
-0.080089,-0.013401,0.53965
-0.079643,-0.01889,0.53571
-0.07955,-0.02652,0.53396
-0.079508,-0.031968,0.53282
-0.079437,-0.039569,0.53316
-0.079388,-0.044986,0.53199
-0.079183,-0.052614,0.53297
-0.079214,-0.057996,0.53242
-0.079277,-0.065576,0.53178
-0.079685,-0.07153,0.53339
-0.079531,-0.079137,0.53366
-0.079815,-0.08466,0.53459
-0.079891,-0.09276,0.53338
-0.080008,-0.098441,0.53661
-0.081035,-0.10687,0.54214
-0.081173,-0.11394,0.54348
-0.082263,-0.12295,0.55456
-0.085095,-0.13171,0.56436
-0.087995,-0.14381,0.58928
-0.1223,-0.21163,0.8198
-0.23784,-0.43408,1.5972
-0.2724,-0.51604,1.8216
-0.27359,-0.54409,1.8294
-0.2728,-0.56362,1.836
-0.27138,-0.58665,1.8194
-0.26857,-0.59955,1.8037
-0.26573,-0.61692,1.7803
-0.26307,-0.62982,1.7632
-0.25969,-0.64513,1.743
-0.25629,-0.65704,1.7248
-0.25286,-0.6701,1.7002
-0.24933,0.59682,1.5567
-0.25147,0.57729,1.5639
-0.25293,0.56513,1.5766
-0.25488,0.54608,1.5848
-0.25543,0.53111,1.591
-0.25691,0.51119,1.6002
-0.25731,0.49476,1.6022
-0.25824,0.47428,1.6048
-0.25694,0.45692,1.6026
-0.25868,0.43573,1.6085
-0.25777,0.4177,1.6061
-0.25733,0.39337,1.599
-0.25478,0.37455,1.5853
-0.25205,0.34818,1.5675
-0.24811,0.32563,1.5447
-0.24424,0.29825,1.5128
-0.2355,0.27334,1.4598
-0.22632,0.24406,1.4137
-0.21493,0.21509,1.3272
-0.20264,0.18711,1.2581
-0.19487,0.165,1.2138
-0.18783,0.14517,1.1677
-0.18747,0.13003,1.1594
-0.18433,0.11233,1.1413
-0.18243,0.10014,1.1306
-0.17955,0.082372,1.1017
-0.12435,0.048926,0.77496
-0.10197,0.031013,0.63536
-0.095213,0.022792,0.58787
-0.092339,0.014086,0.57666
-0.091126,0.0079777,0.56616
-0.090977,-0.0001256,0.56203
-0.090281,-0.0059246,0.56012
-0.088502,-0.013754,0.54905
-0.087238,-0.019162,0.54303
-0.087171,-0.026925,0.54217
-0.087023,-0.032539,0.54047
-0.086829,-0.040075,0.53996
-0.086878,-0.045629,0.53758
-0.086622,-0.053284,0.536
-0.086698,-0.058809,0.53634
-0.086717,-0.066597,0.53844
-0.086727,-0.072196,0.5381
-0.087109,-0.080254,0.54173
-0.087522,-0.085819,0.54236
-0.087325,-0.094547,0.54423
-0.08842,-0.10028,0.54822
-0.089564,-0.10936,0.55558
-0.091217,-0.11708,0.56599
-0.093243,-0.12843,0.57785
-0.10745,-0.15536,0.66499
-0.17329,-0.26529,1.0751
-0.29389,-0.46922,1.8229
-0.2966,-0.50138,1.8382
-0.29668,-0.52081,1.8366
-0.29796,-0.54812,1.8516
-0.29711,-0.56726,1.8446
-0.29376,-0.58795,1.826
-0.29207,-0.6028,1.8109
-0.28799,-0.62037,1.7918
-0.2851,-0.63185,1.7654
-0.28179,-0.65106,1.7446
-0.27753,-0.65909,1.7251
-0.27456,-0.67719,1.703
-0.26699,0.59283,1.5464
-0.26892,0.57469,1.5582
-0.27111,0.56349,1.5696
-0.27357,0.54413,1.5819
-0.27416,0.53051,1.5882
-0.27574,0.51063,1.5986
-0.27616,0.49458,1.5993
-0.27736,0.47441,1.6034
-0.27768,0.45695,1.6063
-0.27898,0.43639,1.6123
-0.27869,0.42006,1.612
-0.27767,0.39536,1.6107
-0.27697,0.377,1.6001
-0.27505,0.35233,1.596
-0.2726,0.33234,1.5751
-0.26923,0.30571,1.5565
-0.26403,0.28466,1.5181
-0.25702,0.25698,1.485
-0.24649,0.23266,1.4323
-0.23945,0.20378,1.3885
-0.22487,0.17945,1.3032
-0.21664,0.15417,1.2452
-0.20839,0.13605,1.1987
-0.20745,0.11757,1.1985
-0.20343,0.10461,1.1816
-0.20367,0.085603,1.1722
-0.20273,0.073454,1.1684
-0.18953,0.053751,1.0955
-0.13062,0.029515,0.76194
-0.11585,0.016557,0.67404
-0.10847,0.0088427,0.62636
-0.10564,-0.00014076,0.60227
-0.10181,-0.0062423,0.59116
-0.10168,-0.014595,0.58927
-0.098652,-0.020086,0.57175
-0.096494,-0.027673,0.55642
-0.095513,-0.033152,0.55216
-0.095187,-0.040636,0.55056
-0.095114,-0.046274,0.54986
-0.094997,-0.054153,0.54894
-0.094814,-0.059831,0.54806
-0.094665,-0.067653,0.54729
-0.09479,-0.073369,0.54659
-0.094766,-0.081553,0.54798
-0.095178,-0.088064,0.55354
-0.095806,-0.095868,0.55721
-0.098174,-0.1032,0.56565
-0.10131,-0.11615,0.58857
-0.11833,-0.14206,0.68599
-0.17009,-0.21853,0.97767
-0.30167,-0.40465,1.7411
-0.31634,-0.45162,1.8257
-0.31948,-0.47578,1.8485
-0.32202,-0.50466,1.86
-0.32139,-0.52502,1.8554
-0.32018,-0.54993,1.8555
-0.32052,-0.57005,1.8519
-0.31786,-0.59034,1.834
-0.31469,-0.60411,1.8175
-0.31157,-0.62148,1.7999
-0.30747,-0.63374,1.7783
-0.3042,-0.65216,1.7541
-0.29886,-0.65876,1.7268
-0.29566,-0.67952,1.7042
-0.28392,0.59178,1.5374
-0.2865,0.57239,1.5507
-0.28881,0.56175,1.5651
-0.29141,0.54307,1.5789
-0.29278,0.52909,1.5844
-0.29433,0.50924,1.5956
-0.29491,0.4936,1.5955
-0.29618,0.47346,1.6015
-0.29681,0.45676,1.6041
-0.29804,0.43676,1.6111
-0.29871,0.41998,1.6135
-0.29896,0.39823,1.6152
-0.29873,0.38045,1.6133
-0.29739,0.35609,1.6067
-0.29632,0.33858,1.5978
-0.29468,0.31294,1.5896
-0.29116,0.29222,1.5702
-0.28658,0.26667,1.5529
-0.28054,0.24525,1.5158
-0.27475,0.21855,1.485
-0.26323,0.19419,1.4166
-0.25583,0.17026,1.3704
-0.24209,0.14644,1.308
-0.23462,0.12495,1.2731
-0.23162,0.10986,1.2424
-0.2252,0.090042,1.2239
-0.22537,0.077398,1.2201
-0.22516,0.05974,1.2019
-0.22527,0.046956,1.2019
-0.21146,0.027747,1.1345
-0.156,0.011729,0.83782
-0.1311,-0.00017091,0.706
-0.11799,-0.006693,0.6342
-0.11216,-0.015153,0.60568
-0.10885,-0.020806,0.58803
-0.10789,-0.028794,0.58355
-0.10604,-0.034266,0.57322
-0.10446,-0.042357,0.56999
-0.10438,-0.047739,0.56674
-0.10468,-0.055747,0.56511
-0.10507,-0.061864,0.56453
-0.1059,-0.070576,0.57404
-0.10761,-0.077918,0.58106
-0.10932,-0.087489,0.58926
-0.11325,-0.096677,0.60787
-0.11925,-0.11154,0.64458
-0.14697,-0.14502,0.78672
-0.21176,-0.22633,1.144
-0.31906,-0.35874,1.7208
-0.33424,-0.40147,1.8066
-0.33892,-0.4269,1.8309
-0.34282,-0.45719,1.8493
-0.34517,-0.47989,1.863
-0.34454,-0.5066,1.8636
-0.34531,-0.52739,1.8647
-0.34453,-0.55222,1.861
-0.34429,-0.57234,1.8611
-0.3409,-0.59319,1.841
-0.33798,-0.60492,1.8199
-0.33402,-0.62575,1.8062
-0.33072,-0.63318,1.7864
-0.32672,-0.65198,1.7632
-0.32082,-0.65926,1.7326
-0.31765,-0.67634,1.7096
-0.30081,0.58749,1.5313
-0.30333,0.57107,1.5414
-0.30615,0.55933,1.5614
-0.30914,0.54182,1.5703
-0.31128,0.52821,1.5813
-0.31287,0.50789,1.5924
-0.31353,0.49276,1.5922
-0.31489,0.47249,1.5983
-0.31555,0.45652,1.6013
-0.31711,0.43641,1.61
-0.31822,0.4209,1.614
-0.3193,0.3992,1.6192
-0.31874,0.38159,1.6191
-0.31893,0.35836,1.6152
-0.31851,0.34065,1.616
-0.31775,0.31706,1.608
-0.31579,0.29811,1.5979
-0.314,0.27378,1.5896
-0.30885,0.25397,1.5691
-0.30526,0.22901,1.5485
-0.30193,0.20874,1.5223
-0.29494,0.18448,1.4916
-0.28597,0.16314,1.4436
-0.27934,0.13873,1.4083
-0.27103,0.12036,1.3713
-0.26447,0.098661,1.3429
-0.26012,0.083242,1.3134
-0.25664,0.064242,1.3073
-0.25588,0.050521,1.3027
-0.2569,0.031871,1.3033
-0.25903,0.018434,1.3046
-0.25907,-0.00033143,1.3047
-0.22183,-0.012025,1.128
-0.16154,-0.020384,0.82074
-0.14189,-0.02541,0.72242
-0.13349,-0.033542,0.67623
-0.13071,-0.039574,0.66162
-0.13059,-0.048979,0.66101
-0.13352,-0.056999,0.67536
-0.13427,-0.067413,0.68126
-0.13705,-0.075815,0.69468
-0.14242,-0.089227,0.71835
-0.15868,-0.10782,0.80134
-0.17822,-0.13413,0.90089
-0.25206,-0.20338,1.2771
-0.30705,-0.27007,1.5556
-0.35042,-0.32567,1.7717
-0.35417,-0.35637,1.7942
-0.35815,-0.3786,1.8182
-0.3625,-0.40787,1.8311
-0.36467,-0.4307,1.8473
-0.36782,-0.46089,1.8632
-0.36936,-0.48329,1.8721
-0.36899,-0.50847,1.8689
-0.37004,-0.53075,1.878
-0.36971,-0.55651,1.8711
-0.36868,-0.57442,1.8683
-0.36457,-0.5955,1.8499
-0.36108,-0.60782,1.8269
-0.35763,-0.62513,1.8071
-0.3521,-0.63629,1.7889
-0.34809,-0.65379,1.77
-0.34258,-0.66288,1.7387
-0.33719,-0.67867,1.7155
-0.31814,0.58364,1.5168
-0.32011,0.56627,1.5349
-0.32371,0.55576,1.5515
-0.32659,0.53832,1.5655
-0.32968,0.52675,1.5742
-0.33135,0.50663,1.5854
-0.33205,0.49139,1.585
-0.33344,0.47186,1.5992
-0.3343,0.45612,1.599
-0.33671,0.43542,1.6106
-0.33757,0.42066,1.6153
-0.33913,0.39919,1.6213
-0.33934,0.38265,1.625
-0.34022,0.35994,1.6281
-0.34046,0.34368,1.6256
-0.33971,0.31938,1.6201
-0.33912,0.30211,1.6222
-0.33844,0.27852,1.6187
-0.33629,0.25992,1.6103
-0.33441,0.23634,1.6036
-0.33267,0.21809,1.5857
-0.33073,0.19371,1.5764
-0.32566,0.1754,1.5482
-0.32246,0.15201,1.5354
-0.31737,0.13332,1.509
-0.31358,0.11098,1.4963
-0.31118,0.093973,1.474
-0.30827,0.072218,1.4647
-0.30579,0.056523,1.4653
-0.30594,0.035651,1.4662
-0.30818,0.020566,1.4686
-0.31057,-0.0003873,1.4764
-0.31524,-0.015954,1.4948
-0.31568,-0.037501,1.5067
-0.32261,-0.054075,1.5362
-0.32695,-0.07764,1.5569
-0.33128,-0.094913,1.5887
-0.33273,-0.11795,1.5932
-0.33497,-0.13621,1.605
-0.33907,-0.16073,1.6189
-0.34852,-0.18259,1.6652
-0.3555,-0.20948,1.6983
-0.36399,-0.23256,1.7455
-0.36732,-0.26074,1.7589
-0.37171,-0.28206,1.7701
-0.37404,-0.30912,1.786
-0.37749,-0.33126,1.8015
-0.38018,-0.36014,1.82
-0.38343,-0.3811,1.8352
-0.38691,-0.41183,1.8472
-0.3905,-0.43432,1.8584
-0.39245,-0.46386,1.8718
-0.39423,-0.486,1.8823
-0.39288,-0.5114,1.8787
-0.39465,-0.53333,1.8836
-0.39341,-0.55838,1.8757
-0.39232,-0.57636,1.8705
-0.38801,-0.597,1.8569
-0.38314,-0.60821,1.8332
-0.37887,-0.62633,1.8117
-0.3737,-0.63863,1.7927
-0.36963,-0.65355,1.7672
-0.36285,-0.66374,1.7351
-0.35912,-0.68197,1.7163
-0.33244,0.57818,1.5068
-0.33728,0.56329,1.5203
-0.34024,0.55188,1.5433
-0.34376,0.53553,1.56
-0.34663,0.52419,1.5707
-0.34941,0.50543,1.5819
-0.34959,0.48924,1.5816
-0.3519,0.47074,1.5937
-0.35366,0.45508,1.5998
-0.35543,0.43437,1.6072
-0.35674,0.42018,1.6136
-0.35887,0.39865,1.6234
-0.35927,0.38262,1.6258
-0.36019,0.36058,1.6306
-0.35996,0.34391,1.6337
-0.36069,0.32143,1.6356
-0.36137,0.30492,1.6287
-0.36227,0.28071,1.6324
-0.36087,0.26373,1.6321
-0.36044,0.23983,1.63
-0.35865,0.22261,1.6268
-0.35753,0.19941,1.6234
-0.35633,0.18126,1.6139
-0.35432,0.15774,1.6051
-0.35366,0.14033,1.5971
-0.35092,0.11681,1.5883
-0.34985,0.1002,1.5874
-0.34987,0.077607,1.5811
-0.34957,0.061134,1.5758
-0.34975,0.038624,1.5811
-0.35055,0.022246,1.5814
-0.35344,-0.00044087,1.5949
-0.35545,-0.017049,1.6021
-0.35566,-0.040101,1.6091
-0.35986,-0.05745,1.6284
-0.36541,-0.081931,1.6438
-0.37226,-0.10055,1.6768
-0.37315,-0.12575,1.688
-0.37792,-0.14514,1.7102
-0.38215,-0.17031,1.724
-0.38476,-0.19002,1.7348
-0.38784,-0.21665,1.7529
-0.39217,-0.23762,1.7657
-0.39408,-0.26455,1.7862
-0.39616,-0.28498,1.7921
-0.39987,-0.3123,1.804
-0.40217,-0.33408,1.8178
-0.40501,-0.36193,1.8344
-0.40883,-0.38507,1.8429
-0.41238,-0.41323,1.858
-0.41502,-0.43662,1.8697
-0.4172,-0.46554,1.8818
-0.41921,-0.48848,1.8905
-0.41778,-0.51394,1.8887
-0.41904,-0.53303,1.8884
-0.41655,-0.55814,1.8815
-0.41653,-0.57611,1.8768
-0.41153,-0.59738,1.8587
-0.40629,-0.60912,1.8351
-0.40086,-0.62606,1.8169
-0.39524,-0.63784,1.7892
-0.39097,-0.65647,1.7674
-0.38367,-0.66246,1.7306
-0.37827,-0.68232,1.7136
-0.3484,0.57265,1.4975
-0.35226,0.55787,1.5101
-0.35705,0.54899,1.5298
-0.35999,0.5326,1.5478
-0.36359,0.5228,1.5566
-0.36673,0.50289,1.5735
-0.36729,0.48777,1.5777
-0.36994,0.46915,1.5873
-0.37124,0.45433,1.5923
-0.37413,0.43468,1.6054
-0.37599,0.41936,1.6143
-0.37795,0.39809,1.6202
-0.37858,0.38198,1.6238
-0.38059,0.36015,1.6286
-0.38046,0.34412,1.632
-0.38245,0.32171,1.6385
-0.38243,0.30579,1.6411
-0.38337,0.28305,1.6425
-0.38323,0.2658,1.6438
-0.38383,0.24284,1.6436
-0.38419,0.22578,1.6458
-0.38488,0.20231,1.6404
-0.38401,0.18501,1.6423
-0.38295,0.16143,1.6446
-0.38275,0.14409,1.6386
-0.38267,0.12078,1.6354
-0.38101,0.10385,1.6364
-0.38259,0.080227,1.6377
-0.38278,0.063312,1.6409
-0.38357,0.039987,1.6445
-0.38468,0.023093,1.6487
-0.38711,-0.00047771,1.657
-0.38831,-0.017647,1.6598
-0.38941,-0.041466,1.6662
-0.39204,-0.059359,1.6759
-0.39647,-0.083992,1.6917
-0.39955,-0.10259,1.7166
-0.4017,-0.12831,1.723
-0.40696,-0.14717,1.7376
-0.40856,-0.17329,1.7473
-0.41059,-0.19247,1.7578
-0.41344,-0.21964,1.7689
-0.41579,-0.23895,1.7853
-0.41802,-0.26676,1.7946
-0.42153,-0.28603,1.8033
-0.4247,-0.31499,1.8165
-0.42704,-0.33536,1.8289
-0.4302,-0.36445,1.8408
-0.43373,-0.38666,1.8554
-0.43668,-0.41671,1.8661
-0.44025,-0.43821,1.8801
-0.44204,-0.46687,1.8884
-0.44347,-0.4893,1.8986
-0.44197,-0.5161,1.8949
-0.44238,-0.53538,1.8923
-0.4397,-0.55966,1.8848
-0.43873,-0.57769,1.8784
-0.43522,-0.59795,1.865
-0.42936,-0.61067,1.8341
-0.4241,-0.62713,1.8146
-0.41818,-0.63913,1.7937
-0.41234,-0.65668,1.7658
-0.40527,-0.66159,1.7266
-0.39991,-0.67846,1.7079
-0.3625,0.56777,1.4838
-0.36726,0.55246,1.5006
-0.37323,0.54552,1.5231
-0.37666,0.52812,1.5371
-0.38078,0.5189,1.5523
-0.38393,0.50122,1.5692
-0.38415,0.48598,1.5636
-0.388,0.46627,1.5815
-0.38942,0.45275,1.5874
-0.39178,0.43379,1.6013
-0.3949,0.41892,1.6101
-0.3975,0.39751,1.6182
-0.39807,0.38151,1.6198
-0.39963,0.35963,1.6287
-0.40034,0.34354,1.6302
-0.40197,0.32199,1.6374
-0.40273,0.30579,1.6373
-0.40375,0.28318,1.645
-0.40442,0.2666,1.6476
-0.40586,0.24399,1.6554
-0.40654,0.22681,1.6577
-0.40728,0.20389,1.6615
-0.40681,0.18651,1.663
-0.40742,0.16345,1.6613
-0.40862,0.14637,1.6628
-0.40937,0.12272,1.6688
-0.40966,0.10555,1.6705
-0.41051,0.081896,1.6713
-0.4108,0.06481,1.6724
-0.41213,0.040855,1.6772
-0.41348,0.023615,1.6805
-0.41556,-0.00051018,1.6872
-0.41656,-0.018035,1.6968
-0.4169,-0.042475,1.699
-0.41936,-0.06034,1.7064
-0.42243,-0.085296,1.7188
-0.42473,-0.10383,1.7345
-0.42734,-0.12929,1.7441
-0.42993,-0.14827,1.7502
-0.43214,-0.1742,1.7604
-0.43496,-0.194,1.7708
-0.43815,-0.22045,1.7824
-0.44027,-0.24048,1.7931
-0.4428,-0.26702,1.8026
-0.44645,-0.28826,1.8128
-0.44833,-0.31596,1.8248
-0.45139,-0.33764,1.8329
-0.45528,-0.36618,1.8507
-0.45847,-0.38805,1.8639
-0.46023,-0.41847,1.8787
-0.46261,-0.4393,1.889
-0.46537,-0.47047,1.8982
-0.46734,-0.4901,1.8997
-0.46577,-0.51648,1.9021
-0.46723,-0.53708,1.8987
-0.46432,-0.56234,1.887
-0.4623,-0.57839,1.8749
-0.45748,-0.59766,1.8657
-0.45066,-0.60945,1.8376
-0.44509,-0.62821,1.8114
-0.43876,-0.63822,1.7893
-0.43323,-0.65572,1.7629
-0.4256,-0.66038,1.7332
-0.42006,-0.68007,1.7016
-0.37714,0.56183,1.4623
-0.38282,0.54782,1.4867
-0.38716,0.53971,1.5043
-0.39261,0.52612,1.5285
-0.39658,0.5153,1.5439
-0.40013,0.49886,1.5549
-0.40034,0.4827,1.5593
-0.40355,0.46352,1.5744
-0.40712,0.44991,1.5805
-0.41084,0.4326,1.6008
-0.41349,0.418,1.6063
-0.41595,0.39708,1.6159
-0.41685,0.38061,1.6195
-0.41862,0.3598,1.6295
-0.42024,0.34334,1.6307
-0.42216,0.32229,1.6393
-0.4228,0.30591,1.6422
-0.4243,0.28347,1.6477
-0.42552,0.26647,1.6484
-0.42659,0.24421,1.6536
-0.42703,0.22687,1.6559
-0.42834,0.2044,1.6621
-0.42885,0.1872,1.6619
-0.42993,0.16389,1.6684
-0.43151,0.14722,1.6738
-0.43243,0.12373,1.6787
-0.43313,0.10644,1.6827
-0.43413,0.082512,1.6855
-0.43579,0.065266,1.6905
-0.43642,0.041153,1.6917
-0.43746,0.023753,1.6977
-0.43906,-0.0005377,1.6999
-0.43995,-0.018254,1.7102
-0.44173,-0.042803,1.7133
-0.4432,-0.060809,1.7202
-0.44493,-0.085719,1.7305
-0.44872,-0.10421,1.7415
-0.4504,-0.1301,1.7478
-0.453,-0.14904,1.7579
-0.45607,-0.17537,1.7693
-0.45909,-0.19469,1.78
-0.46155,-0.22153,1.7899
-0.46382,-0.24178,1.801
-0.46752,-0.26875,1.8104
-0.46999,-0.28905,1.8211
-0.47307,-0.31803,1.8309
-0.47738,-0.33843,1.8484
-0.47773,-0.36743,1.8511
-0.4827,-0.39011,1.872
-0.48496,-0.41844,1.8797
-0.48814,-0.44236,1.8955
-0.49015,-0.47011,1.9011
-0.49245,-0.49088,1.9035
-0.49179,-0.5197,1.9072
-0.49055,-0.53878,1.9024
-0.48715,-0.5617,1.8913
-0.48456,-0.579,1.877
-0.47874,-0.59892,1.8609
-0.47162,-0.60929,1.836
-0.46622,-0.62787,1.8093
-0.45998,-0.63604,1.786
-0.45432,-0.65405,1.7615
-0.44579,-0.65871,1.7319
-0.44138,-0.67583,1.6993
-0.39022,0.55608,1.4485
-0.39561,0.54188,1.4692
-0.40102,0.53616,1.4938
-0.40765,0.52016,1.509
-0.41209,0.51055,1.5275
-0.41678,0.49411,1.5463
-0.41707,0.48052,1.5513
-0.41988,0.46008,1.5586
-0.42245,0.44514,1.5742
-0.42894,0.43066,1.59
-0.43167,0.41673,1.6002
-0.43424,0.3955,1.6114
-0.43517,0.3803,1.6173
-0.43741,0.35874,1.627
-0.43949,0.34373,1.6309
-0.44127,0.32175,1.6383
-0.44195,0.30544,1.6412
-0.44362,0.28324,1.645
-0.44498,0.26665,1.6472
-0.44608,0.24385,1.6522
-0.44671,0.22749,1.6589
-0.44822,0.20449,1.664
-0.44937,0.18766,1.6664
-0.45067,0.16413,1.6707
-0.45307,0.14712,1.6761
-0.45359,0.12387,1.6807
-0.45538,0.10667,1.6857
-0.45581,0.082679,1.687
-0.45602,0.06542,1.6917
-0.45786,0.041286,1.6962
-0.45946,0.023766,1.7051
-0.4608,-0.00056546,1.7081
-0.46248,-0.018298,1.7096
-0.46306,-0.042893,1.7156
-0.46464,-0.060909,1.7183
-0.46859,-0.08619,1.7373
-0.47051,-0.10485,1.7442
-0.47333,-0.13067,1.7541
-0.476,-0.14924,1.7645
-0.47925,-0.17597,1.7739
-0.48248,-0.19552,1.7827
-0.48471,-0.22271,1.7964
-0.48826,-0.24222,1.8047
-0.48949,-0.26965,1.8151
-0.49486,-0.29104,1.8261
-0.49768,-0.31886,1.8381
-0.49956,-0.3396,1.8491
-0.50297,-0.36913,1.8588
-0.50696,-0.39115,1.8781
-0.50898,-0.42014,1.8829
-0.51196,-0.44234,1.8978
-0.51452,-0.47084,1.9002
-0.51537,-0.49255,1.909
-0.51443,-0.51913,1.905
-0.51352,-0.53762,1.9025
-0.51122,-0.56288,1.8917
-0.50673,-0.57741,1.8767
-0.50141,-0.59729,1.857
-0.49412,-0.60811,1.8315
-0.48678,-0.6262,1.8044
-0.4791,-0.63434,1.7747
-0.47343,-0.65111,1.7538
-0.46548,-0.65697,1.7244
-0.45905,-0.67322,1.6988
-0.40361,0.54872,1.4388
-0.40741,0.53614,1.4434
-0.41662,0.52996,1.4837
-0.41932,0.5162,1.4959
-0.42818,0.50776,1.5221
-0.4311,0.48927,1.5292
-0.43578,0.47965,1.5462
-0.4335,0.45461,1.5447
-0.43754,0.44168,1.5522
-0.44686,0.42757,1.5831
-0.44899,0.41548,1.5966
-0.4512,0.39367,1.6006
-0.4547,0.37936,1.62
-0.45394,0.35735,1.6172
-0.45842,0.34339,1.6294
-0.45993,0.32123,1.6334
-0.46216,0.30547,1.6401
-0.46109,0.28182,1.6397
-0.46395,0.26762,1.6506
-0.46587,0.24353,1.6552
-0.4691,0.22773,1.659
-0.4694,0.20474,1.6651
-0.47023,0.1881,1.6698
-0.47179,0.1637,1.6695
-0.47234,0.14726,1.6794
-0.47396,0.12386,1.6881
-0.47539,0.10659,1.6884
-0.47588,0.082808,1.6948
-0.47691,0.065451,1.6902
-0.47843,0.041398,1.6998
-0.47986,0.02375,1.7042
-0.48218,-0.00059411,1.7044
-0.48473,-0.018403,1.7147
-0.483,-0.042963,1.7102
-0.48762,-0.061225,1.7279
-0.49014,-0.086328,1.7375
-0.49366,-0.10532,1.7556
-0.49567,-0.13069,1.76
-0.49947,-0.15037,1.7703
-0.50162,-0.17633,1.779
-0.5066,-0.19556,1.7956
-0.50708,-0.22237,1.7909
-0.51002,-0.24314,1.813
-0.51063,-0.26969,1.8173
-0.5182,-0.29092,1.8319
-0.51856,-0.31888,1.8406
-0.52487,-0.34172,1.8572
-0.52619,-0.36886,1.8635
-0.53031,-0.39299,1.8825
-0.53262,-0.42081,1.885
-0.53471,-0.44293,1.8991
-0.53621,-0.47097,1.9041
-0.53989,-0.49168,1.9107
-0.5363,-0.51763,1.9018
-0.53624,-0.53728,1.9068
-0.53589,-0.5619,1.897
-0.52952,-0.57574,1.8713
-0.52239,-0.59533,1.8517
-0.5148,-0.60648,1.8264
-0.5093,-0.62446,1.7978
-0.49871,-0.63103,1.7694
-0.49267,-0.64803,1.7438
-0.48208,-0.65636,1.7179
-0.48032,-0.6715,1.6864
